-1.0 5997910.762555088 0.08912509381337455 2.144673314109984e-10 1.5558380931084547e-10 3.8218440047772516e-10 3.801792615681224e-10 9.185365472927061e-19 9.948238267561005e-19
-1.0 5367071.41041523 0.08912509381337455 4.554011913424893e-10 3.3038514890359065e-10 8.212940002388925e-10 8.144317925539084e-10 1.9905575225686726e-18 2.155772004531343e-18
-1.0 4802581.54294804 0.08912509381337455 9.484806072131152e-10 6.881882834861694e-10 1.7322165132720467e-09 1.7123155072042319e-09 4.234716379141381e-18 4.585752192842187e-18
-1.0 4297462.752574181 0.08912509381337455 1.887467342845865e-09 1.3700362964356992e-09 3.467255079962437e-09 3.422623526939423e-09 8.512822422836958e-18 9.21684660794839e-18
-1.0 3845470.5963047226 0.08912509381337455 3.56684396373752e-09 2.590972270196535e-09 6.605662808574733e-09 6.5078832889161656e-09 1.6319528982897428e-17 1.7663622046993822e-17
-1.0 3441017.3999033263 0.08912509381337455 6.501553714985893e-09 4.7287994742917935e-09 1.2192094963598671e-08 1.1976296808181118e-08 3.041288903467558e-17 3.2899986555893855e-17
-1.0 3079103.181237574 0.08912509381337455 1.137681353615093e-08 8.29294121174849e-09 2.1428998926457866e-08 2.1035071439378647e-08 5.374149181596191e-17 5.80845116584205e-17
-1.0 2755253.83887153 0.08912509381337455 1.8563410181773698e-08 1.3578592191742024e-08 3.4777425021298525e-08 3.4203622085405325e-08 8.72793435849406e-17 9.420206118292183e-17
-1.0 2465465.8417666615 0.08912509381337455 2.7962560828250083e-08 2.055564071175332e-08 5.1860140700784636e-08 5.11719604898191e-08 1.3010813355810744e-16 1.4014690617013351e-16
-1.0 2206156.7363273413 0.08912509381337455 3.887030335101482e-08 2.8762835740633385e-08 7.110997551424177e-08 7.047523295527964e-08 1.783340049466139e-16 1.9157231445923957e-16
-1.0 1974120.8589427846 0.08912509381337455 4.999582644398539e-08 3.72982726202558e-08 8.99411032720682e-08 8.961726773801526e-08 2.255744603035645e-16 2.4147984310774437e-16
-1.0 1766489.7065295184 0.08912509381337455 5.976373661208481e-08 4.5011431654736835e-08 1.0543524099605942e-07 1.0570510892406972e-07 2.646668428495641e-16 2.8213936703274955e-16
-1.0 1580696.4751620528 0.08912509381337455 6.676766531429712e-08 5.081886244914193e-08 1.1522168930820761e-07 1.1630388527444943e-07 2.897871171425128e-16 3.0741711846386526e-16
-1.0 1414444.328406836 0.08912509381337455 7.016106245198773e-08 5.399991778223677e-08 1.1811483554398278e-07 1.2009871895614506e-07 2.9788762327225837e-16 3.143030143731328e-16
-1.0 1265678.003082257 0.08912509381337455 6.983554994866473e-08 5.4359806645345736e-08 1.1431316404347735e-07 1.1714613264563697e-07 2.891062071916389e-16 3.032700609659287e-16
-1.0 1132558.4014258382 0.08912509381337455 6.638288000159571e-08 5.2242184500664835e-08 1.052795953038866e-07 1.0879014079216544e-07 2.667182852328793e-16 2.7810377208209476e-16
-1.0 1013439.8555687667 0.08912509381337455 6.064468846422429e-08 4.8220140091524725e-08 9.28175362923304e-08 9.677003771058104e-08 2.3496722001298e-16 2.435001140387208e-16
-1.0 906849.7832537587 0.08912509381337455 5.389739869482716e-08 4.324753636958525e-08 7.937348042740048e-08 8.352324817828099e-08 2.000497898089287e-16 2.060755960293527e-16
-1.0 811470.4832936057 0.08912509381337455 4.6934257780537097e-08 3.7952602259378285e-08 6.630042131274346e-08 7.04491662660213e-08 1.6546454892693906e-16 1.6946303174902827e-16
-1.0 726122.845719971 0.08912509381337455 4.036605300976726e-08 3.2843701798184e-08 5.457179092651798e-08 5.8575784213660195e-08 1.3395432217928132e-16 1.3643831613384345e-16
-1.0 649751.7752419552 0.08912509381337455 3.461782779982376e-08 2.8294639917047778e-08 4.474069846442188e-08 4.852235758851253e-08 1.0716599803718857e-16 1.0859824206958589e-16
-1.0 581413.147814503 0.08912509381337455 2.9793996434921617e-08 2.442424469534105e-08 3.680852035516916e-08 4.0340131013199276e-08 8.528953202717123e-17 8.602752505894762e-17
-1.0 520262.1390694762 0.08912509381337455 2.584018397068904e-08 2.121605810585401e-08 3.054442732596005e-08 3.382899786995246e-08 6.785963124435088e-17 6.815798498391605e-17
-1.0 465542.7803216859 0.08912509381337455 2.260833524746416e-08 1.856881352636251e-08 2.560964510498099e-08 2.8663424562409382e-08 5.4068888736682006e-17 5.4098587370391425e-17
-1.0 416578.6130378069 0.08912509381337455 2.0004843776868774e-08 1.6419097098347848e-08 2.177406336369606e-08 2.4622936195845265e-08 4.335438078421738e-17 4.3229223383943524e-17
-1.0 372764.32623569027 0.08912509381337455 1.79181788687075e-08 1.4684342609330052e-08 1.880216014402472e-08 2.1474642809041234e-08 3.5090542260664465e-17 3.488215392218765e-17
-1.0 333558.2734328642 0.08912509381337455 1.624246103770869e-08 1.3283181683209955e-08 1.6490020172168506e-08 1.90129492770629e-08 2.8715547862224857e-17 2.8467292817990784e-17
-1.0 298475.77663632267 0.08912509381337455 1.4891036867333634e-08 1.2147728298716825e-08 1.4679429768213969e-08 1.7076475214705097e-08 2.3782404436476245e-17 2.3519722837865568e-17
-1.0 267083.13459533174 0.08912509381337455 1.37651546302938e-08 1.1198273958314453e-08 1.3215599318801438e-08 1.550324512424055e-08 1.9865143216867976e-17 1.9602774080401078e-17
-1.0 238992.261245321 0.08912509381337455 1.284005629608889e-08 1.0415730238679505e-08 1.2045441540927608e-08 1.424003213312538e-08 1.6797589268920983e-17 1.6543608444675824e-17
-1.0 213855.88806156677 0.08912509381337455 1.2080171762303791e-08 9.771385657993681e-09 1.1107612199648107e-08 1.3223502768796823e-08 1.4392292766786063e-17 1.4150445253522105e-17
-1.0 191363.27101259585 0.08912509381337455 1.1452060299994885e-08 9.237827404111065e-09 1.0349255970628821e-08 1.2398393834963617e-08 1.2490743784923899e-17 1.2262305868563167e-17
-1.0 171236.34904126532 0.08912509381337455 1.093006838332647e-08 8.793843807033292e-09 9.73112590855998e-09 1.1723508153511517e-08 1.09752119178579e-17 1.0760104389799859e-17
-1.0 153226.3065834197 0.08912509381337455 1.0469658298964649e-08 8.402300483875654e-09 9.197902763349106e-09 1.1138519257225856e-08 9.707226433491245e-18 9.505343974154837e-18
-1.0 137110.4976288546 0.08912509381337455 1.0076632396149552e-08 8.06803229374367e-09 8.751123201740924e-09 1.0646416719666456e-08 8.67426847456895e-18 8.484663602818082e-18
-1.0 122689.69329882898 0.08912509381337455 9.743612951469391e-09 7.784793111466912e-09 8.378494737980955e-09 1.0234572276238899e-08 7.834722434269795e-18 7.656159329450723e-18
-1.0 109785.61891378427 0.08912509381337455 9.460458796729243e-09 7.544001431841543e-09 8.065982823596973e-09 9.888091304420395e-09 7.147359343690842e-18 6.978592754520333e-18
-1.0 98238.75010369519 0.08912509381337455 9.21915840954452e-09 7.338848505952919e-09 7.802777438002857e-09 9.59546829380213e-09 6.580948846235731e-18 6.420795372948863e-18
-1.0 87906.34071585606 0.08912509381337455 9.013338405096127e-09 7.1638988105531385e-09 7.580475218471003e-09 9.347734531983627e-09 6.111644845269871e-18 5.9590146624928544e-18
-1.0 78660.6581404533 0.08912509381337455 8.837897288085954e-09 7.014789348948155e-09 7.392488923582222e-09 9.137841012853652e-09 5.721098529431075e-18 5.5750052441096474e-18
-1.0 70387.40423844302 0.08912509381337455 8.673476551837555e-09 6.875364490484997e-09 7.218773372440966e-09 8.943016979338739e-09 5.371168535954778e-18 5.231186579517458e-18
-1.0 62984.30235073323 0.08912509381337455 8.521256213584297e-09 6.746548883017067e-09 7.060019452080132e-09 8.764238594651306e-09 5.060932819580272e-18 4.926584915398935e-18
-1.0 56359.83292081604 0.08912509381337455 8.38796452033279e-09 6.633847693365186e-09 6.922181055571565e-09 8.6086282866325e-09 4.797135839045963e-18 4.667736087740953e-18
-1.0 50432.10210020404 0.08912509381337455 8.270959832427643e-09 6.535000184582346e-09 6.802093968977445e-09 8.47275002560984e-09 4.5716898431779846e-18 4.446637766266595e-18
-1.0 45127.829350005355 0.08912509381337455 8.168028508937107e-09 6.448112112117334e-09 6.6971566858669185e-09 8.35376772092903e-09 4.378133660608652e-18 4.2569045698095496e-18
-1.0 40381.44152303683 0.08912509381337455 8.077304314679305e-09 6.3715871973272254e-09 6.605214110017387e-09 8.249322881059674e-09 4.2112647338912985e-18 4.09340047275533e-18
-1.0 36134.262227222396 0.08912509381337455 7.997204212146794e-09 6.304072361485804e-09 6.524467703625507e-09 8.157439716941313e-09 4.066861879662918e-18 3.951962336267946e-18
-1.0 32333.7864489262 0.08912509381337455 7.926376126657083e-09 6.2444131250797536e-09 6.453404856533916e-09 8.076450127021609e-09 3.94147441829416e-18 3.829189968896246e-18
-1.0 28933.031468873796 0.08912509381337455 7.863667811065203e-09 6.191626242315906e-09 6.390752329754547e-09 8.004945711874842e-09 3.8322662476040144e-18 3.722290990553104e-18
-1.0 25889.956046475974 0.08912509381337455 7.808079169831983e-09 6.144859805951117e-09 6.335421285174133e-09 7.941716947377451e-09 3.736884609745496e-18 3.62895068344244e-18
-1.0 23166.940692321095 0.08912509381337455 7.75875518960899e-09 6.103385762224025e-09 6.286489131623052e-09 7.885736676425752e-09 3.65337362808063e-18 3.547246046397145e-18
-1.0 20730.32260379512 0.08912509381337455 7.714944248105741e-09 6.0665655023215e-09 6.243156039882565e-09 7.836110538985736e-09 3.580089574322175e-18 3.475562038995089e-18
-1.0 18549.97951455289 0.08912509381337455 7.676005266714327e-09 6.033854180051846e-09 6.204743220493994e-09 7.792078713470307e-09 3.515653605853321e-18 3.4125445865528944e-18
-1.0 16598.957313251725 0.08912509381337455 7.641365584362094e-09 6.004766490024142e-09 6.1706528882261135e-09 7.752968803246899e-09 3.4588921438717834e-18 3.357041856757161e-18
-1.0 14853.136828048617 0.08912509381337455 7.610531200700091e-09 5.978883828403847e-09 6.140371878541254e-09 7.718202865287812e-09 3.408810017572593e-18 3.30807755115603e-18
-1.0 13290.935657543132 0.08912509381337455 7.583073277562502e-09 5.955842925394429e-09 6.1134569751592525e-09 7.68728101839556e-09 3.364558854580433e-18 3.2648197279363194e-18
-1.0 11893.041362102615 0.08912509381337455 7.558605625779913e-09 5.935317534938922e-09 6.089513748240594e-09 7.659756483333954e-09 3.325406701218326e-18 3.2265509357496685e-18
-1.0 10642.17271719379 0.08912509381337455 7.53679218031275e-09 5.917023789379033e-09 6.068200173141784e-09 7.635241462261686e-09 3.290725007784386e-18 3.1926552855035997e-18
-1.0 9522.866077257197 0.08912509381337455 7.517337316491148e-09 5.900712153805984e-09 6.049216850372173e-09 7.613395942246306e-09 3.2599709657062858e-18 3.1626010749681265e-18
-1.0 8521.284209084748 0.08912509381337455 7.499982283585319e-09 5.886164256959747e-09 6.032302524454431e-09 7.593922963581336e-09 3.2326750408914147e-18 3.1359285065604315e-18
-1.0 7625.045231436356 0.08912509381337455 7.484496427540565e-09 5.873185690867953e-09 6.017225701791459e-09 7.576558819385422e-09 3.2084282250667464e-18 3.1122371698798158e-18
-1.0 6823.0695461916985 0.08912509381337455 7.47067185372494e-09 5.861601561230715e-09 6.003779275521522e-09 7.56106690787437e-09 3.1868723985011534e-18 3.091176574902287e-18
-1.0 6105.442868749901 0.08912509381337455 7.45832724847867e-09 5.8512592641815e-09 5.991782697514349e-09 7.547240985751763e-09 3.1676958624122397e-18 3.0724417214984015e-18
-1.0 5463.293664414565 0.08912509381337455 7.447301715449014e-09 5.842023458600761e-09 5.981076268695817e-09 7.534898416455008e-09 3.150625592883283e-18 3.0557655078814903e-18
-1.0 4888.683475592596 0.08912509381337455 7.43745234400389e-09 5.833773996470325e-09 5.9715185559950966e-09 7.523877283984312e-09 3.1354219449307168e-18 3.0409135312899164e-18
-1.0 4374.5087839961625 0.08912509381337455 7.428652100142547e-09 5.826404129301462e-09 5.962984169090739e-09 7.514033902716525e-09 3.1218741773139238e-18 3.0276796949626256e-18
-1.0 3914.4131946361986 0.08912509381337455 7.420787984088235e-09 5.819818943557791e-09 5.955361833452902e-09 7.505240653401666e-09 3.109796649953167e-18 3.0158824780235234e-18
-1.0 3502.7088559974404 0.08912509381337455 7.413759417491435e-09 5.81393399272749e-09 5.948552716490753e-09 7.497384098703093e-09 3.0990255808080616e-18 3.005361754093373e-18
-1.0 3134.3061449656634 0.08912509381337455 7.407476827776349e-09 5.8086740979792065e-09 5.942468968057428e-09 7.490363336393515e-09 3.0894162692332852e-18 2.9959760702765356e-18
-1.0 2804.6507472491708 0.08912509381337455 7.401860404107922e-09 5.803972295499062e-09 5.937032445753657e-09 7.48408855826036e-09 3.080840709485057e-18 2.9876003080760793e-18
-1.0 2509.6673554623403 0.08912509381337455 7.396839001924285e-09 5.7997689103667186e-09 5.932173599353118e-09 7.478479785458936e-09 3.073185534410609e-18 2.980123668231757e-18
-1.0 2245.709288848493 0.08912509381337455 7.392349176225094e-09 5.796010740105262e-09 5.92783049100289e-09 7.473465756835075e-09 3.0663502377643623e-18 2.9734479304367855e-18
-1.0 2009.5134118247838 0.08912509381337455 7.388334328399156e-09 5.7926503346047985e-09 5.923947934697236e-09 7.46898295044801e-09 3.0602456301873463e-18 2.967485940013652e-18
-1.0 1798.1597940373986 0.08912509381337455 7.384743950534178e-09 5.7896453594407185e-09 5.920476737841651e-09 7.464974719830876e-09 3.0547924979865076e-18 2.9621602982690804e-18
-1.0 1609.035613231602 0.08912509381337455 7.3815329580176346e-09 5.786958032850444e-09 5.9173730334732754e-09 7.461390532067432e-09 3.0499204345421235e-18 2.957402213317576e-18
-1.0 1439.802854692097 0.08912509381337455 7.378661095939219e-09 5.784554626625541e-09 5.914597688775355e-09 7.45818529326765e-09 3.045566816669708e-18 2.953150504979275e-18
-1.0 1288.3694079436893 0.08912509381337455 7.376092414145512e-09 5.782405023796108e-09 5.9121157832862904e-09 7.455318751519512e-09 3.0416759116123926e-18 2.949350726054552e-18
-1.0 1152.8632034002628 0.08912509381337455 7.373794799737614e-09 5.780482326265017e-09 5.909896146800374e-09 7.45275496768351e-09 3.0381980894851185e-18 2.9459543921365523e-18
-1.0 1031.6090692308685 0.08912509381337455 7.3717395623824325e-09 5.778762505477066e-09 5.907910948249451e-09 7.450461845743109e-09 3.0350891328353978e-18 2.9429183119120944e-18
-1.0 923.1080223400053 0.08912509381337455 7.369901065728013e-09 5.777224093190807e-09 5.9061353340705605e-09 7.448410716119346e-09 3.032309630843908e-18 2.9402039865571823e-18
-1.0 826.0187374504103 0.08912509381337455 7.368256398033839e-09 5.775847904534617e-09 5.904547103052651e-09 7.446575965135455e-09 3.0298244383952456e-18 2.937777088954107e-18
-1.0 739.140965203158 0.08912509381337455 7.366785081098263e-09 5.7746167940645794e-09 5.90312642130046e-09 7.444934705619196e-09 3.0276022078040725e-18 2.9356070018797096e-18
-1.0 661.4006942841961 0.08912509381337455 7.365468808471243e-09 5.773515436119852e-09 5.901855565803665e-09 7.443466483157101e-09 3.025614967370761e-18 2.9336664013183897e-18
-1.0 591.8368741467067 0.08912509381337455 7.364291213856713e-09 5.772530129904658e-09 5.900718697368462e-09 7.4421530154837305e-09 3.0238377471533524e-18 2.9319309028416272e-18
-1.0 529.589534191261 0.08912509381337455 7.363237664171935e-09 5.771648626599135e-09 5.899701659899398e-09 7.440977959176664e-09 3.0222482581283133e-18 2.9303787374605053e-18
-1.0 473.8891525292062 0.08912509381337455 7.362295075681029e-09 5.77085997487115e-09 5.898791797738282e-09 7.43992670458289e-09 3.0208265935409343e-18 2.9289904612250494e-18
-1.0 424.04714290246085 0.08912509381337455 7.36145174642034e-09 5.770154380553732e-09 5.8979777973444e-09 7.438986187426132e-09 3.019554972897847e-18 2.9277487076574105e-18
-1.0 379.44734215594394 0.08912509381337455 7.360697213274687e-09 5.7695230867517396e-09 5.897249543028669e-09 7.438144726578139e-09 3.0184175109551413e-18 2.9266379700552528e-18
-1.0 339.5383930279846 0.08912509381337455 7.36002211717348e-09 5.768958260731392e-09 5.896597990463511e-09 7.437391877740672e-09 3.0174000142417133e-18 2.925644382245166e-18
-1.0 303.8269280922949 0.08912509381337455 7.359418087713586e-09 5.768452897438296e-09 5.896015051289517e-09 7.436718297652529e-09 3.0164898033253695e-18 2.9247555571868707e-18
-1.0 271.87147058916634 0.08912509381337455 7.358877638145118e-09 5.7680007324205295e-09 5.895493491427788e-09 7.4361156326897005e-09 3.015675535432273e-18 2.9239604279096935e-18
-1.0 243.27697674599327 0.08912509381337455 7.358394071760515e-09 5.767596160733924e-09 5.8950268425071915e-09 7.435576409692014e-09 3.0149470786181215e-18 2.923249094595982e-18
-1.0 217.6899521175027 0.08912509381337455 7.357961394782883e-09 5.767234168391781e-09 5.894609316404445e-09 7.43509394394891e-09 3.0142953758555007e-18 2.922612710446267e-18
-1.0 194.79408157229622 0.08912509381337455 7.3575742532104836e-09 5.766910273513275e-09 5.894235739840451e-09 7.434662259669549e-09 3.0137123304383417e-18 2.922043366825841e-18
-1.0 174.3063189021831 0.08912509381337455 7.3572278491018944e-09 5.7666204632500365e-09 5.8939014825263974e-09 7.434276006096385e-09 3.0131906895790966e-18 2.9215339915993503e-18
-1.0 155.973387712774 0.08912509381337455 7.356917896237512e-09 5.766361149557106e-09 5.893602404386457e-09 7.433930401449882e-09 3.0127239872282e-18 2.921078257288106e-18
-1.0 139.56865033821035 0.08912509381337455 7.356640555923878e-09 5.766129120002294e-09 5.893334800094623e-09 7.4336211642547156e-09 3.012306423927543e-18 2.9206705108562097e-18
-1.0 124.88930607252742 0.08912509381337455 7.3563923956127705e-09 5.765921504727671e-09 5.893095353453015e-09 7.433344467052908e-09 3.0119328216907056e-18 2.9203056989717647e-18
-1.0 111.75388408128245 0.08912509381337455 7.356170344317601e-09 5.765735734002199e-09 5.892881106086997e-09 7.433096883910316e-09 3.01159855571743e-18 2.9199792886732064e-18
