0.08912509381337455 0.12399024668706322 0.20232783633682952 4.960840010550333e-10 0.09518727150588206 0.20646391198532194 5.246296156194403e-10
0.11220184543019636 0.10078941745208451 0.16501789970585196 5.024894949308768e-10 0.07725984518110121 0.16832846917290323 5.284683004771663e-10
0.14125375446227548 0.07946790252859137 0.134813837701959 5.07176456334386e-10 0.060848930744982294 0.1365128089538974 5.310891186738478e-10
0.17782794100389232 0.060692976999552714 0.09878737352917316 5.102126298858466e-10 0.046459067453802495 0.10098974087713618 5.336957309224712e-10
0.22387211385683398 0.04491984042283576 0.07693561696983779 5.108222095814678e-10 0.03440332962450682 0.0776187660855928 5.337631924519548e-10
0.2818382931264454 0.032310646908733705 0.057769168943898754 5.103454802096779e-10 0.024754329003810572 0.057625558930838476 5.333196813568458e-10
0.3548133892335755 0.022658808153150148 0.041859043378786584 5.097828004462016e-10 0.017340641932386828 0.04141101508464661 5.324620354521135e-10
0.4466835921509632 0.015497200578062895 0.028502137937973616 5.084474200716402e-10 0.011823880510658533 0.02808069384104825 5.305797556726207e-10
0.5623413251903492 0.010308604308248218 0.01983885041754121 5.047531533525084e-10 0.007823678057202276 0.019221625808962278 5.274379633810847e-10
0.707945784384138 0.006644928321598858 0.013410170923995055 4.971119779495854e-10 0.005003908183247003 0.012737447157035047 5.235312325775435e-10
0.8912509381337457 0.004138123874545198 0.008756289286483887 4.889986326858019e-10 0.003084364577043527 0.008143889069057565 5.056567627463067e-10
1.1220184543019636 0.0024804567461513866 0.005489105475787307 4.728375662900737e-10 0.0018280148813137709 0.005009490773320873 4.758795176533927e-10
1.4125375446227548 0.001423534235797698 0.0032916964494862956 4.444456450290017e-10 0.0010392501989802518 0.0029585579631975813 4.429238486389006e-10
1.7782794100389236 0.0007790101839026987 0.0018969716671739059 4.089669602629462e-10 0.0005662280101137822 0.0016800412221537452 3.9734987024363593e-10
2.238721138568341 0.0004067414225522398 0.0010645081403754038 3.4998271534752247e-10 0.00029632697072591834 0.0009250654544752367 3.377122591415918e-10
2.818382931264455 0.0002039560315452564 0.0005816943600536002 2.9404600320066294e-10 0.00014971348509256458 0.000495948985400281 2.914385937583724e-10
3.548133892335755 9.913022085256411e-05 0.00031049412262560935 2.3800218084048845e-10 7.347508840446062e-05 0.00026009185959526086 2.415320324615448e-10
4.466835921509633 4.7070455483242216e-05 0.00016570844008918445 1.9778497389441378e-10 3.523791871427401e-05 0.00013672196905298775 1.9721223127551118e-10
5.623413251903493 2.1983520560072054e-05 8.757408492761194e-05 1.5930362054899073e-10 1.6626307260937196e-05 7.13561014696305e-05 1.5632202480249983e-10
7.079457843841384 1.0167037897017353e-05 4.602186241123607e-05 1.2295961873255454e-10 7.77309497220255e-06 3.702749082305031e-05 1.217347935737695e-10
8.91250938133746 4.670558222075259e-06 2.4053037086579625e-05 9.286576081644008e-11 3.6101560677565196e-06 1.91017079945674e-05 9.173041810702254e-11
11.220184543019636 2.1314719735932684e-06 1.2497094843954541e-05 6.912310169907271e-11 1.664918107588154e-06 9.793158132526673e-06 6.718815804761328e-11
14.125375446227547 9.691417069876593e-07 6.464149488464156e-06 4.937321332821465e-11 7.642536180684062e-07 4.994394183411843e-06 4.822794204508994e-11
17.782794100389236 4.4078338302780936e-07 3.3335025468348315e-06 3.445439513482756e-11 3.507103735451282e-07 2.539369649235213e-06 3.4170532431298744e-11
22.38721138568341 2.0099137377034283e-07 1.714230605281408e-06 2.365705248080683e-11 1.6129950277029734e-07 1.2884942937053372e-06 2.3832090125901553e-11
28.183829312644548 9.191554802528454e-08 8.787976079038021e-07 1.5953623590541182e-11 7.437893377373697e-08 6.524569018754056e-07 1.611880907870677e-11
35.48133892335755 4.2172121195780586e-08 4.487288892657956e-07 1.0542316342409259e-11 3.4425972931929065e-08 3.2909417476059587e-07 1.065818072966851e-11
44.668359215096324 1.941888599880967e-08 2.2788981245062104e-07 6.810255724087623e-12 1.5991801366735274e-08 1.6519980982130347e-07 6.968933053583448e-12
56.23413251903494 8.981392412357406e-09 1.1475034552188406e-07 4.335848370221017e-12 7.456941184776877e-09 8.224124186333911e-08 4.436433421739507e-12
70.79457843841384 4.181141545140245e-09 5.697154543885647e-08 2.711131283270327e-12 3.4928812599709526e-09 4.041989332888453e-08 2.7508813827498815e-12
89.12509381337459 1.958432928831737e-09 2.8288753755529272e-08 1.6608175827842435e-12 1.6420798479130646e-09 1.9852778439902512e-08 1.6933047662725595e-12
112.20184543019641 9.207273311222848e-10 1.4097971120636345e-08 1.0037540380489211e-12 7.732302427639442e-10 9.77457833950162e-09 1.0270894746242883e-12
141.25375446227557 4.3383315550427674e-10 7.006575750309972e-09 5.992036802462527e-13 3.6429810482014525e-10 4.800514143717289e-09 6.141227823886128e-13
177.82794100389228 2.0454574735436825e-10 3.4737087556096366e-09 3.573703960924758e-13 1.7152743445069836e-10 2.3505344089802734e-09 3.620400664598872e-13
223.872113856834 9.636464660724087e-11 1.715450810793387e-09 2.1319113042073583e-13 8.05994486634277e-11 1.148011745397434e-09 2.123414498305076e-13
281.83829312644554 4.534921402563557e-11 8.427249845613711e-10 1.2579353800193304e-13 3.781070894634581e-11 5.5885535826921e-10 1.2419516795856209e-13
354.81338923357566 2.1281790425077495e-11 4.1182507194467533e-10 7.346975526238647e-14 1.7678523854667796e-11 2.7074674539423236e-10 7.185962837992676e-14
446.6835921509635 9.94613810787452e-12 2.0017260508553044e-10 4.241452679941186e-14 8.235763562548101e-12 1.3052126367264494e-10 4.136560838683502e-14
562.3413251903496 4.633253740237627e-12 9.65084721202685e-11 2.4178970545227314e-14 3.8230214781223706e-12 6.248635419181793e-11 2.3712085325829068e-14
707.9457843841387 2.145282167075051e-12 4.6127224440648405e-11 1.3683148705728837e-14 1.7681418901003475e-12 2.970957684365138e-11 1.3575217645690048e-14
891.2509381337459 9.911075719049836e-13 2.184869879085134e-11 7.745042610429885e-15 8.154497533631995e-13 1.400643299292446e-11 7.804595183470707e-15
1122.018454301964 4.557834650080463e-13 1.0256236541946963e-11 4.396901553574086e-15 3.7548802960801344e-13 6.545913507530887e-12 4.464758951947185e-15
1412.5375446227554 2.0928684288998887e-13 4.764846158924926e-12 2.485151973632215e-15 1.7281991634424393e-13 3.034902999384997e-12 2.526699012970888e-15
1778.2794100389247 9.590333814852844e-14 2.1942184491748476e-12 1.3944530659923936e-15 7.950814936840806e-14 1.3959927557412465e-12 1.4136673875953236e-15
2238.721138568342 4.391267798820484e-14 1.0020063943465626e-12 7.83056860040445e-16 3.6613362162684054e-14 6.368944078727942e-13 7.859378392347562e-16
2818.3829312644552 2.012318304671542e-14 4.53539154164999e-13 4.3828962263249736e-16 1.6909522301218063e-14 2.87911153640451e-13 4.3520526610229126e-16
3548.133892335757 9.249619235543938e-15 2.0356832078537645e-13 2.4467053530804076e-16 7.84971300583477e-15 1.2925831141309554e-13 2.4005420776192973e-16
4466.835921509635 4.2704960166984524e-15 9.06837911127156e-14 1.3579809959366532e-16 3.659412748857102e-15 5.765719989416756e-14 1.3256119637649802e-16
5623.4132519034965 1.9816216776008343e-15 4.018815944075942e-14 7.460341171877201e-17 1.7182502210505715e-15 2.555745918721913e-14 7.3472108017225e-17
7079.457843841388 9.308814323144157e-16 1.7702090296331635e-14 4.0737200762473633e-17 8.146263056966215e-16 1.1261334694101749e-14 4.042799058349366e-17
8912.509381337459 4.3536249793842373e-16 7.759703881888201e-15 2.217565681912977e-17 3.8754352537266725e-16 4.9361203585306615e-15 2.2085652076051203e-17
11220.18454301964 2.064314055038776e-16 3.383737820553131e-15 1.2099980639944316e-17 1.863414158914371e-16 2.1536538519255037e-15 1.2037910919588079e-17
14125.375446227554 9.853623468379653e-17 1.4680764986289481e-15 6.579340452509426e-18 9.030735267011432e-17 9.357788626815218e-16 6.5091288393826064e-18
17782.794100389245 4.747138231784014e-17 6.350279131407072e-16 3.540832960745596e-18 4.408654108335075e-17 4.0536309492265424e-16 3.486091350497681e-18
22387.211385683426 2.300518067384693e-17 2.739881730945346e-16 1.892046174006291e-18 2.164457759059405e-17 1.7511001601262712e-16 1.849609176123539e-18
28183.82931264455 1.1207193744966685e-17 1.1785036499806938e-16 1.0041254345378786e-18 1.0658266076283718e-17 7.541406517961586e-17 9.74915790980936e-19
35481.338923357565 5.47704690309478e-18 5.0458874135154783e-17 5.262472003475347e-19 5.2532950962222554e-18 3.2390918575171933e-17 5.107461279730924e-19
44668.359215096345 2.680559464050356e-18 2.149165652273855e-17 2.73686059708239e-19 2.5882886677374473e-18 1.3857861158643247e-17 2.6555829355936227e-19
56234.13251903497 1.3142597816401779e-18 9.137848247739381e-18 1.4117288842277495e-19 1.276712631021546e-18 5.919342120525643e-18 1.372120508033027e-19
70794.57843841387 6.437000377606056e-19 3.878501470455844e-18 7.204484909555218e-20 6.275845828286843e-19 2.523020534573154e-18 7.065451249114284e-20
89125.09381337458 3.1406277088640047e-19 1.6397414508430078e-18 3.640045530481877e-20 3.0752690392714414e-19 1.0737612489960788e-18 3.6144559834045765e-20
112201.84543019641 1.5202731725045777e-19 6.89958530624988e-19 1.8265669741058538e-20 1.4952194222013366e-19 4.566200334133582e-19 1.8316948250884048e-20
141253.75446227554 7.373393128003367e-20 2.8949607938662484e-19 9.109434337136952e-21 7.224418000784934e-20 1.9339248147693342e-19 9.136174374656272e-21
177827.94100389248 3.510795060882411e-20 1.2101896394768208e-19 4.494339900518906e-21 3.463586161162267e-20 8.191977161593466e-20 4.471282054984193e-21
223872.11385683424 1.658405578550255e-20 5.038303990643001e-20 2.182771294269933e-21 1.6405725629409297e-20 3.4646776682287215e-20 2.14655234659015e-21
281838.2931264455 7.757782878760354e-21 2.0921143727897297e-20 1.0434350455802342e-21 7.684904648176556e-21 1.4620223563869877e-20 1.0168356467501338e-21
354813.38923357567 3.609223058726575e-21 8.669888453993936e-21 4.960804005287924e-22 3.613448414021285e-21 6.1777209498650055e-21 4.778254613037696e-22
446683.5921509635 1.669423830016453e-21 3.586083625353094e-21 2.333816599020256e-22 1.6518856734201723e-21 2.6230467444013884e-21 2.2338732808679103e-22
562341.3251903496 7.679047825960389e-22 1.4852788561976206e-21 1.0821693318086559e-22 7.568347346549157e-22 1.1131050073241114e-21 1.0448190453586463e-22
707945.7843841388 3.5204116800869716e-22 6.167171634934987e-22 4.975797324646944e-23 3.4567288952406274e-22 4.725730342590258e-22 4.880053336777074e-23
891250.9381337459 1.6078145581118433e-22 2.5739323523533083e-22 2.295743465643188e-23 1.5741481205622027e-22 2.0232721541706442e-22 2.2647559584734424e-23
1122018.4543019629 7.345519814567611e-23 1.0832586552520536e-22 1.0652097165151328e-23 7.174876479660921e-23 8.745820153775249e-23 1.0393786643175529e-23
1412537.5446227554 3.3481740841856757e-23 4.587763683445636e-23 4.9179300344492765e-24 3.2592487134081614e-23 3.7959993301740126e-23 4.767839877385602e-24
1778279.4100389264 1.5293765875701066e-23 1.965767238281928e-23 2.2599226735294404e-24 1.482190125438053e-23 1.6638318694572775e-23 2.205676252683872e-24
2238721.138568342 7.013375037574717e-24 8.53744803083128e-24 1.0417735556873172e-24 6.80506551664238e-24 7.408760812069472e-24 1.0208267353138895e-24
2818382.931264455 3.2273811128939685e-24 3.756174166860319e-24 4.776030501101072e-25 3.1498820263525255e-24 3.3410982012679946e-24 4.710518547073819e-25
3548133.8923357534 1.4975645542590114e-24 1.6798336319973306e-24 2.194804119137194e-25 1.4626891952714325e-24 1.5210313503191605e-24 2.190546291003624e-25
4466835.921509635 7.003743487590532e-25 7.618858399697328e-25 1.0292088284738185e-25 6.8571838638244325e-25 7.013787943374992e-25 1.0264182983762269e-25
5623413.251903502 3.303410871193304e-25 3.506628590369078e-25 4.876682049512761e-26 3.243433823607752e-25 3.2741824414628844e-25 4.8574316434400773e-26
7079457.843841388 1.5676689913110996e-25 1.6322111894460149e-25 2.3247649674018902e-26 1.5435585713255436e-25 1.5403469459381006e-25 2.3195712564234742e-26
8912509.381337458 7.47356222236117e-26 7.669526079827581e-26 1.1122249462417836e-26 7.36552206245938e-26 7.290718203812793e-26 1.1091218235253669e-26
11220184.54301963 3.5900028763724345e-26 3.6362483342750704e-26 5.3356685604228714e-27 3.543735523612924e-26 3.4816312234702933e-26 5.328211767678146e-27
14125375.446227556 1.7266277660725917e-26 1.7363464060979955e-26 2.5773307806935473e-27 1.7069362544299358e-26 1.6648166422527983e-26 2.568469178765812e-27
17782794.100389265 8.26703095327411e-27 8.257921657517687e-27 1.2542727376209774e-27 8.171803806102128e-27 7.983486234461113e-27 1.239072648175303e-27
22387211.385683425 3.924723149188898e-27 3.899201295757499e-27 6.032090808512389e-28 3.8829396402528926e-27 3.758364807141144e-27 5.9504266545958284e-28
28183829.31264455 1.8478045855393554e-27 1.8323078834377696e-27 2.836852643676773e-28 1.849976727697708e-27 1.7572835022758167e-27 2.8222266166371182e-28
35481338.923357606 8.558577505995418e-28 8.468807404156126e-28 1.3164529645858666e-28 8.4223008666741e-28 8.082596839833316e-28 1.313360133852242e-28
44668359.21509644 3.8957178623240253e-28 3.848389368245078e-28 5.995330418558864e-29 3.8119241059516223e-28 3.643063290937145e-28 5.939980647836423e-29
56234132.51903503 1.74110216423522e-28 1.714904332034904e-28 2.651196785229076e-29 1.6925764325662125e-28 1.6001240908357565e-28 2.6199602039431224e-29
70794578.43841387 7.597364235070817e-29 7.478121470573259e-29 1.1462333379910548e-29 7.194284692780968e-29 6.827270561476792e-29 1.1284128347653617e-29
89125093.8133746 3.2460043129883773e-29 3.190538233858653e-29 4.86422789039941e-30 3.0012424492600507e-29 2.8324143679106426e-29 4.735106964298725e-30
112201845.43019652 1.3636754123539996e-29 1.338562107284161e-29 2.002029863497413e-30 1.2167955445323307e-29 1.1484107202626772e-29 1.9328694084998382e-30
141253754.46227583 5.614564014362481e-30 5.514221610531199e-30 7.928153778467358e-31 4.729896934271989e-30 4.4229330146407e-30 7.635042922102265e-31
177827941.00389266 2.2597674395043764e-30 2.2266223376180993e-30 3.0171759331067878e-31 1.7905847304839313e-30 1.6558860824460463e-30 2.883168370966065e-31
223872113.85683423 8.885263939820894e-31 8.697719431175193e-31 1.092972260527136e-31 6.524760466652101e-31 5.98889872165872e-31 1.0302609058297447e-31
281838293.12644553 3.4501145497753497e-31 3.36034682691036e-31 3.69729780652254e-32 2.26144516957279e-31 2.1654359071932846e-31 3.4999565988121034e-32
354813389.23357606 1.3287339727561876e-31 1.2945340413948815e-31 1.1941120197025003e-32 7.552425159336358e-32 6.89854229258426e-32 1.161309505471639e-32
446683592.1509644 5.038873464498566e-32 4.859500774238124e-32 3.813535376256513e-33 2.4115073808502204e-32 2.1789727634749316e-32 3.7453742821038966e-33
562341325.1903503 1.858722467435581e-32 1.780979893369121e-32 1.1816894953684469e-33 7.26753500060253e-33 6.634175669119388e-33 1.1344645160675452e-33
707945784.3841388 6.826240694990485e-33 6.533744441123396e-33 3.3449498398178715e-34 2.0696790572837454e-33 1.892570404473671e-33 3.20297618760473e-34
891250938.1337459 2.558303161823365e-33 2.432195877404277e-33 8.746418854544649e-35 5.415527672498103e-34 4.9512810469025995e-34 8.496386915314301e-35
1122018454.3019652 9.15563408015383e-34 8.590953497629944e-34 2.277047237492467e-35 1.3023107877537757e-34 1.2184964253554432e-34 2.1962543747973428e-35
1412537544.6227584 3.0238221997735096e-34 2.8117009128923712e-34 5.5743854018263645e-36 2.9507071432954875e-35 2.751201700110984e-35 5.118826883325298e-36
1778279410.0389264 9.089746075757184e-35 8.312430491203674e-35 1.1312146760473522e-36 6.037282747966461e-36 5.806029877068768e-36 1.0062436319397954e-36
2238721138.568342 2.520363444898759e-35 2.3026159828449918e-35 2.04307791605413e-37 1.1463243000812024e-36 1.095983495915548e-36 1.8374813896497762e-37
2818382931.264455 6.911682227343953e-36 6.244042168094386e-36 3.33774600873898e-38 1.7514863746376987e-37 1.7121588426466143e-37 3.156997781252224e-38
3548133892.33576 1.600680419861133e-36 1.4049113029372903e-36 4.885979565899308e-39 2.200833676751471e-38 2.195384404964442e-38 4.563561854623912e-39
4466835921.5096445 2.9096838227744058e-37 2.5238145026865226e-37 6.231382424837325e-40 2.7482920257622424e-39 2.8900405607656157e-39 5.71077017368456e-40
5623413251.903502 4.961629215367956e-38 4.27365270419627e-38 5.077726471960137e-41 2.0514170527781847e-40 2.203057151601591e-40 5.817855032332588e-41
7079457843.841388 7.275979784900674e-39 6.052940628525242e-39 4.346376105418996e-42 1.7409039218124377e-41 1.9659909762794183e-41 3.736325653275722e-42
8912509381.33746 7.371027721945117e-40 6.060582421178062e-40 3.0063163807539237e-43 1.5393690335669686e-42 1.7039751543823394e-42 3.143670362453375e-43
11220184543.019653 7.347792182798286e-41 5.830594373490202e-41 1.7694760400277272e-44 7.179379496496147e-44 7.988112763228221e-44 2.8220402620571683e-44
14125375446.227583 3.1327758970484036e-42 2.263690029124527e-42 1.0896324384580057e-45 1.6072263002133964e-45 2.8345802393547733e-45 8.349695315570253e-46
17782794100.389263 9.71564147734229e-44 7.050535167739778e-44 2.5089581908917907e-48 7.315501291605543e-47 7.738542314342159e-47 3.08426319122512e-48
22387211385.683422 2.4981152312802876e-45 1.732213077334935e-45 2.5495126924060247e-50 1.2950811728280977e-48 1.3924698901991526e-48 4.625003112420228e-50
28183829312.644547 3.542893718351769e-47 2.1957721468967843e-47 2.7120530273696916e-52 1.0957263516857534e-51 3.56697321705633e-51 3.926059820412114e-52
35481338923.357605 1.9329213421092198e-49 1.1183076966892688e-49 4.265066989012705e-55 5.414178860570565e-54 9.121847052906473e-53 3.901261056945858e-54
44668359215.096436 2.4722099523064126e-52 1.4593761022181765e-52 2.5159074842174894e-57 1.4077558636891812e-56 3.7064071487355804e-56 9.141634597721495e-57
56234132519.03502 1.0152245712274079e-55 6.965607844868613e-56 6.44336101009391e-61 4.057173987556951e-59 4.311625978506577e-59 2.785952429767689e-59
70794578438.41388 5.060794420151185e-60 5.752379891928474e-60 3.021166969016593e-63 4.387347783608151e-63 7.713746291397995e-63 3.110363578367704e-63
89125093813.37459 -3.868143966466389e-65 1.9758501784443653e-65 4.0932444548711094e-68 -3.692227805915088e-65 -1.939943919734141e-64 5.9779117045569e-67
