1e+10 0.000116786 0.00311042 0.925302 0.0714707
1.00925e+10 4.20088e-06 0.00304469 0.926691 0.0702598
1.01859e+10 7.71473e-06 0.00298605 0.927971 0.069035
1.02802e+10 6.35751e-06 0.00292243 0.929204 0.0678675
1.03753e+10 0.000131439 0.00286693 0.930323 0.0666789
1.04713e+10 7.95595e-05 0.00280422 0.931557 0.0655593
1.05682e+10 9.98445e-05 0.00274822 0.932726 0.0644257
1.0666e+10 5.60712e-05 0.00269676 0.933957 0.0632901
1.07647e+10 0.000107037 0.00263925 0.935037 0.0622169
1.08643e+10 0.000103295 0.00258612 0.936169 0.0611417
1.09648e+10 1.15902e-05 0.00253352 0.937368 0.0600873
1.10662e+10 8.77629e-05 0.00248281 0.938383 0.0590465
1.11686e+10 7.00766e-05 0.00243249 0.939471 0.0580264
1.1272e+10 1.5714e-05 0.00237796 0.940551 0.057055
1.13763e+10 4.75588e-06 0.00233175 0.941607 0.0560561
1.14815e+10 1.26177e-05 0.00228097 0.942599 0.0551078
1.15878e+10 9.54904e-05 0.00223883 0.943537 0.0541291
1.1695e+10 0.000117885 0.002192 0.944489 0.0532007
1.18032e+10 7.56113e-06 0.00214483 0.945553 0.052295
1.19124e+10 0.000109086 0.00210221 0.946405 0.0513836
1.20226e+10 6.44755e-05 0.00205849 0.947378 0.0504989
1.21339e+10 7.31083e-05 0.00201004 0.948253 0.0496643
1.22462e+10 4.14897e-05 0.00196779 0.94918 0.0488111
1.23595e+10 0.000120571 0.00193034 0.950001 0.0479485
1.24738e+10 7.14607e-05 0.00188648 0.950898 0.0471444
1.25893e+10 0.000110009 0.00184903 0.951721 0.04632
1.27057e+10 4.44088e-06 0.00180874 0.952656 0.0455312
1.28233e+10 1.06525e-05 0.00177032 0.953469 0.0447499
1.2942e+10 9.55966e-05 0.00173602 0.954207 0.0439613
1.30617e+10 9.96908e-05 0.00169846 0.954991 0.0432106
1.31826e+10 1.53875e-05 0.00166309 0.955858 0.0424631
1.33045e+10 6.67903e-05 0.00162881 0.956578 0.0417268
1.34276e+10 1.13165e-07 0.00159185 0.957384 0.0410237
1.35519e+10 5.53206e-05 0.00156039 0.958081 0.0403032
1.36773e+10 3.84845e-07 0.00152487 0.958851 0.0396242
1.38038e+10 8.25285e-05 0.00149461 0.959494 0.0389288
1.39316e+10 1.88889e-05 0.00146166 0.960254 0.0382654
1.40605e+10 0.000121787 0.00143009 0.960838 0.0376098
1.41906e+10 8.01689e-05 0.00140048 0.961563 0.0369561
1.43219e+10 0.000108522 0.00136658 0.962179 0.0363456
1.44544e+10 0.000130941 0.00133914 0.962822 0.0357083
1.45881e+10 4.03042e-05 0.0013069 0.963537 0.0351158
1.47231e+10 0.000106927 0.00127922 0.964105 0.0345092
1.48594e+10 2.27602e-06 0.0012517 0.964831 0.0339145
1.49968e+10 6.03537e-05 0.0012231 0.965375 0.0333418
1.51356e+10 2.66344e-06 0.00119858 0.966043 0.0327554
1.52757e+10 4.54309e-05 0.00117 0.966575 0.0322096
1.5417e+10 6.97831e-07 0.00114618 0.967208 0.0316452
1.55597e+10 7.71306e-05 0.00111922 0.967689 0.0311151
1.57036e+10 2.09186e-05 0.00109455 0.968303 0.0305819
1.58489e+10 0.000119354 0.00107272 0.968765 0.0300433
1.59956e+10 0.000114972 0.00104819 0.969303 0.0295343
1.61436e+10 2.94694e-06 0.00102516 0.969945 0.0290268
1.6293e+10 -6.45917e-08 0.00100181 0.970464 0.0285339
1.64437e+10 0.000100496 0.000980936 0.970882 0.0280369
1.65959e+10 5.04875e-05 0.000959369 0.971435 0.027555
1.67494e+10 0.000104966 0.000936562 0.971865 0.0270934
1.69044e+10 3.79659e-05 0.000916649 0.972423 0.0266227
1.70608e+10 7.48532e-05 0.000896095 0.972861 0.0261678
1.72187e+10 1.63147e-05 0.000873227 0.973372 0.0257388
1.7378e+10 2.63669e-05 0.000853314 0.97382 0.0253008
1.75388e+10 3.68293e-05 0.000836573 0.974275 0.0248515
1.77011e+10 7.90065e-07 0.000815878 0.974744 0.0244391
1.78649e+10 2.75546e-05 0.000798777 0.975161 0.0240125
1.80302e+10 4.78776e-05 0.000778071 0.975554 0.0236205
1.8197e+10 5.05645e-05 0.000760268 0.975971 0.0232181
1.83654e+10 1.66841e-05 0.000744898 0.97643 0.0228082
1.85353e+10 1.01737e-05 0.000725936 0.976831 0.0224327
1.87068e+10 3.99734e-06 0.000710403 0.977243 0.0220426
1.88799e+10 9.65884e-05 0.000693094 0.977536 0.0216745
1.90546e+10 0.000105291 0.000677617 0.977915 0.021302
1.92309e+10 3.14564e-05 0.000660434 0.978358 0.0209497
1.94089e+10 0.000107922 0.000646613 0.978662 0.0205833
1.95884e+10 0.000108902 0.000631123 0.979023 0.0202366
1.97697e+10 4.63835e-06 0.000615522 0.979482 0.0198983
1.99526e+10 7.10255e-05 0.000600544 0.979764 0.0195648
2.01372e+10 2.76885e-05 0.000586251 0.980152 0.0192339
2.03236e+10 8.15879e-05 0.000574861 0.980453 0.0188906
2.05116e+10 2.64152e-05 0.000560886 0.98084 0.0185729
2.07014e+10 9.28994e-05 0.000547781 0.981102 0.0182573
2.0893e+10 1.64885e-05 0.000532349 0.981486 0.0179651
2.10863e+10 5.54647e-05 0.00051932 0.981761 0.0176637
2.12814e+10 8.18806e-07 0.000507622 0.982132 0.0173593
2.14783e+10 0.000119804 0.000495747 0.98232 0.0170643
2.1677e+10 0.000114909 0.000484562 0.98263 0.0167704
2.18776e+10 0.000102418 0.000471096 0.982926 0.0165002
2.208e+10 3.79208e-05 0.000461486 0.983293 0.0162079
2.22844e+10 5.08371e-06 0.000449435 0.983605 0.0159405
2.24905e+10 6.63293e-05 0.000439364 0.983829 0.0156655
2.26986e+10 5.43697e-05 0.000425991 0.984098 0.0154212
2.29087e+10 0.000112157 0.000416103 0.984314 0.0151576
2.31206e+10 6.55368e-05 0.000405077 0.984621 0.0149081
2.33346e+10 4.37569e-05 0.000397241 0.984918 0.0146406
2.35505e+10 1.8043e-06 0.000385793 0.985206 0.0144064
2.37684e+10 1.51576e-06 0.000376579 0.98546 0.0141614
2.39883e+10 0.000114394 0.000367889 0.985599 0.0139189
2.42103e+10 5.79495e-06 0.000358023 0.985946 0.0136897
2.44343e+10 1.64723e-06 0.000348694 0.986187 0.0134626
2.46604e+10 7.97486e-05 0.000340891 0.98635 0.0132297
2.48886e+10 3.13365e-05 0.000329966 0.986613 0.0130258
2.51189e+10 9.35285e-05 0.00032161 0.986777 0.0128078
2.53513e+10 4.70195e-05 0.000313052 0.987044 0.0125961
2.55859e+10 4.53539e-05 0.000306992 0.987278 0.0123699
2.58226e+10 1.47493e-05 0.000297253 0.98751 0.0121778
2.60615e+10 2.52346e-05 0.000289321 0.987709 0.0119766
2.63027e+10 1.13347e-05 0.000283064 0.987939 0.0117666
2.65461e+10 0.000114679 0.000274665 0.988031 0.0115795
2.67917e+10 0.000115216 0.000268664 0.988239 0.011377
2.70396e+10 0.00012765 0.000261283 0.988421 0.0111904
2.72898e+10 6.30891e-05 0.000252765 0.988667 0.0110173
2.75423e+10 9.78233e-05 0.000247873 0.988835 0.0108194
2.77971e+10 3.77473e-05 0.000241131 0.98908 0.0106406
2.80543e+10 7.7379e-05 0.000234783 0.989224 0.0104635
2.83139e+10 0.00010997 0.000226835 0.989359 0.0103041
2.85759e+10 5.97889e-05 0.000222104 0.989597 0.0101213
2.88403e+10 1.27064e-05 0.00021555 0.989814 0.00995806
2.91072e+10 4.76725e-05 0.000210013 0.989952 0.00979073
2.93765e+10 0.000125812 0.00020317 0.990032 0.00963887
2.96483e+10 2.91914e-05 0.000198327 0.9903 0.00947265
2.99226e+10 3.98695e-07 0.000192017 0.990484 0.00932342
3.01995e+10 8.34735e-06 0.000187011 0.990638 0.00916688
3.04789e+10 0.000116095 0.000182031 0.990687 0.00901445
3.0761e+10 3.6611e-06 0.000175864 0.990946 0.00887481
3.10456e+10 6.814e-05 0.000170408 0.991028 0.00873367
3.13329e+10 6.25898e-05 0.000165452 0.991181 0.00859121
3.16228e+10 5.31866e-07 0.000161306 0.991394 0.00844459
3.19154e+10 0.000125752 0.000156955 0.991413 0.00830438
3.22107e+10 3.52827e-05 0.000152753 0.991647 0.0081648
3.25087e+10 1.25716e-05 0.000148004 0.991805 0.00803398
3.28095e+10 6.08674e-05 0.000144001 0.991895 0.00789999
3.31131e+10 0.00011569 0.00013864 0.991964 0.00778193
3.34195e+10 3.54571e-05 0.000135377 0.992183 0.00764658
3.37287e+10 1.05867e-06 0.00013052 0.992339 0.00752963
3.40408e+10 7.68431e-07 0.000126564 0.992465 0.00740747
3.43558e+10 4.16321e-05 0.000123464 0.992555 0.00728037
3.46737e+10 0.000109283 0.000118699 0.9926 0.00717244
3.49945e+10 6.16594e-05 0.000116006 0.992776 0.0070466
3.53183e+10 1.00397e-05 0.00011204 0.992942 0.00693601
3.56451e+10 2.03502e-05 0.000108661 0.993048 0.00682288
3.59749e+10 0.000105899 0.000105337 0.993076 0.00671244
3.63078e+10 3.95338e-05 0.00010087 0.993244 0.00661531
3.66438e+10 0.00011713 9.84619e-05 0.993283 0.00650102
3.69828e+10 7.426e-05 9.56001e-05 0.993437 0.00639314
3.7325e+10 8.65564e-05 9.24874e-05 0.99353 0.00629077
3.76704e+10 0.00012174 8.88595e-05 0.993593 0.00619651
3.80189e+10 4.18003e-06 8.56684e-05 0.993811 0.0060993
3.83707e+10 0.000114996 8.29956e-05 0.993801 0.00600061
3.87258e+10 8.78962e-05 8.07444e-05 0.993932 0.00589891
3.90841e+10 8.08729e-05 7.805e-05 0.994037 0.00580446
3.94457e+10 0.000118338 7.50794e-05 0.994091 0.0057157
3.98107e+10 4.19603e-05 7.18018e-05 0.994254 0.00563199
4.01791e+10 8.09751e-05 7.02178e-05 0.994316 0.00553261
4.05509e+10 5.3027e-07 6.72829e-05 0.994482 0.00544972
4.09261e+10 1.24673e-05 6.46047e-05 0.994556 0.00536688
4.13048e+10 3.76752e-06 6.23901e-05 0.994653 0.00528084
4.16869e+10 2.77292e-05 6.06747e-05 0.99472 0.00519136
4.20727e+10 0.000111605 5.8049e-05 0.994715 0.00511499
4.2462e+10 1.4766e-05 5.61958e-05 0.994899 0.00503044
4.28549e+10 2.15018e-05 5.35514e-05 0.994967 0.00495809
4.32514e+10 5.05787e-05 5.14955e-05 0.995017 0.00488094
4.36516e+10 2.87858e-05 4.95487e-05 0.995118 0.00480414
4.40555e+10 3.97392e-06 4.80623e-05 0.995224 0.00472356
4.44631e+10 0.000108083 4.62787e-05 0.995196 0.00464945
4.48745e+10 6.08205e-07 4.42395e-05 0.995376 0.00457903
4.52898e+10 6.24621e-05 4.22181e-05 0.995384 0.00451153
4.57088e+10 9.33369e-05 4.06861e-05 0.995427 0.00443938
4.61318e+10 8.67067e-05 3.89768e-05 0.995503 0.00437111
4.65586e+10 3.09051e-05 3.72588e-05 0.995627 0.00430445
4.69894e+10 2.43486e-05 3.6222e-05 0.995709 0.0042307
4.74242e+10 8.55593e-05 3.42581e-05 0.995708 0.00417181
4.7863e+10 6.45886e-05 3.32757e-05 0.995802 0.0041005
4.83059e+10 7.72238e-06 3.16589e-05 0.995921 0.00403947
4.87528e+10 1.74231e-06 3.01905e-05 0.99599 0.00397845
4.9204e+10 1.54983e-05 2.89977e-05 0.99604 0.00391526
4.96592e+10 8.47588e-05 2.77701e-05 0.996033 0.00385459
5.01187e+10 5.59065e-05 2.60278e-05 0.996116 0.00380255
5.05825e+10 5.55485e-05 2.53052e-05 0.996182 0.00373693
5.10505e+10 6.89712e-06 2.37172e-05 0.996284 0.00368579
5.15229e+10 5.6803e-05 2.25048e-05 0.996289 0.00363123
5.19996e+10 7.04542e-05 2.14452e-05 0.996333 0.00357552
5.24807e+10 4.48336e-05 2.03453e-05 0.996413 0.00352168
5.29663e+10 1.04846e-06 1.94756e-05 0.996514 0.00346536
5.34564e+10 7.9655e-05 1.87307e-05 0.996492 0.00340932
5.39511e+10 2.83931e-05 1.73618e-05 0.99659 0.00336438
5.44503e+10 0.00010159 1.67324e-05 0.996573 0.0033091
5.49541e+10 3.53117e-05 1.59009e-05 0.996691 0.00325754
5.54626e+10 7.35909e-06 1.49259e-05 0.996767 0.00321034
5.59758e+10 1.03402e-05 1.41122e-05 0.996814 0.00316186
5.64937e+10 4.96555e-05 1.34095e-05 0.996824 0.00311294
5.70164e+10 0.000101263 1.24799e-05 0.996816 0.00306995
5.7544e+10 7.5771e-06 1.16145e-05 0.996955 0.00302586
5.80764e+10 0.00010378 1.11118e-05 0.996908 0.00297748
5.86138e+10 6.78213e-06 1.03708e-05 0.997049 0.00293349
5.91562e+10 2.55645e-05 9.50853e-06 0.99707 0.00289467
5.97035e+10 6.14451e-05 8.88441e-06 0.997077 0.00285225
6.0256e+10 5.72828e-05 8.28655e-06 0.997124 0.00281016
6.08135e+10 1.75501e-05 7.72995e-06 0.997207 0.00276803
6.13762e+10 1.41878e-05 7.37359e-06 0.997256 0.00272264
6.19441e+10 0.000108364 6.82663e-06 0.997201 0.00268416
6.25173e+10 2.26438e-06 6.21623e-06 0.997345 0.00264647
6.30957e+10 0.000112519 5.78493e-06 0.997274 0.00260787
6.36796e+10 6.18519e-05 5.46899e-06 0.997367 0.00256538
6.42688e+10 6.4579e-06 4.92931e-06 0.997458 0.0025303
6.48634e+10 3.80046e-08 4.46077e-06 0.9975 0.00249518
6.54636e+10 2.43042e-06 4.10188e-06 0.997535 0.00245815
6.60693e+10 3.9706e-05 3.82199e-06 0.997536 0.00242023
6.66807e+10 0.000112788 3.43674e-06 0.997496 0.0023875
6.72977e+10 2.7975e-05 2.96683e-06 0.997612 0.00235699
6.79204e+10 8.40102e-05 2.85256e-06 0.997596 0.00231695
6.85488e+10 1.29815e-05 2.39161e-06 0.997695 0.00228929
6.91831e+10 0.000118484 2.18311e-06 0.997623 0.00225601
6.98232e+10 0.000108129 2.02798e-06 0.99767 0.00221954
7.04693e+10 6.80706e-05 1.7911e-06 0.997743 0.0021872
7.11214e+10 6.43401e-05 1.56744e-06 0.997778 0.00215626
7.17794e+10 9.8872e-05 1.36777e-06 0.997773 0.00212632
7.24436e+10 0.000122962 1.12974e-06 0.997776 0.00210001
7.31139e+10 2.97788e-05 8.9584e-07 0.997897 0.0020727
7.37904e+10 5.70416e-05 8.52794e-07 0.997905 0.00203723
7.44732e+10 7.23697e-05 6.3771e-07 0.997912 0.00201534
7.51623e+10 9.20004e-05 6.07387e-07 0.997927 0.00198059
7.58578e+10 1.10447e-06 4.32565e-07 0.998042 0.00195641
7.65597e+10 5.83532e-05 3.39112e-07 0.998009 0.00193269
7.72681e+10 0.000112802 2.97745e-07 0.997982 0.00190517
7.7983e+10 0.000125234 2.51036e-07 0.997996 0.00187828
7.87046e+10 0.000108001 1.99386e-07 0.998038 0.00185333
7.94328e+10 4.74224e-05 1.48656e-07 0.998124 0.00182847
8.01678e+10 2.91507e-06 1.22645e-07 0.998198 0.00179944
8.09096e+10 0.000110342 1.54686e-07 0.998117 0.00177286
8.16582e+10 5.21832e-05 1.49909e-07 0.998193 0.00175449
8.24138e+10 8.27694e-05 1.61164e-07 0.998193 0.00172419
8.31764e+10 1.7752e-05 1.933e-07 0.998276 0.00170624
8.3946e+10 0.000129465 2.71997e-07 0.998188 0.00168205
8.47227e+10 0.000100716 2.82878e-07 0.998244 0.00165521
8.55067e+10 3.8008e-05 3.23374e-07 0.998329 0.00163311
8.62979e+10 1.48926e-05 4.00153e-07 0.998372 0.00161231
8.70964e+10 1.80484e-05 4.84519e-07 0.998391 0.00159067
8.79023e+10 5.21628e-05 5.76109e-07 0.998379 0.00156845
8.87156e+10 0.000121726 7.18458e-07 0.998329 0.00154853
8.95365e+10 0.000113727 9.16952e-07 0.998353 0.00153284
9.03649e+10 2.14415e-06 9.77383e-07 0.998486 0.00151095
9.12011e+10 0.000118284 1.10166e-06 0.998392 0.00148857
9.2045e+10 1.45384e-05 1.2997e-06 0.998511 0.00147293
9.28966e+10 0.000126918 1.43469e-06 0.99842 0.00145121
9.37562e+10 2.10316e-05 1.52606e-06 0.998547 0.00143088
9.46237e+10 2.3371e-05 1.81812e-06 0.998558 0.00141664
9.54993e+10 9.68734e-05 2.03434e-06 0.998503 0.00139856
9.63829e+10 0.000128574 2.18687e-06 0.99849 0.00137891
9.72747e+10 0.000133383 2.36246e-06 0.998504 0.00136043
9.81748e+10 0.000133696 2.58929e-06 0.99852 0.00134362
9.90832e+10 0.000115343 2.86257e-06 0.998554 0.00132826
1e+11 4.89333e-05 3.10445e-06 0.998636 0.00131239
1.00925e+11 2.95267e-06 3.19475e-06 0.998701 0.00129256
1.01859e+11 0.000103923 3.39447e-06 0.998618 0.00127463
1.02802e+11 6.97019e-05 3.84764e-06 0.998663 0.00126373
1.03753e+11 4.03126e-05 3.87012e-06 0.998713 0.00124299
1.04713e+11 7.21534e-05 4.3659e-06 0.998691 0.00123239
1.05682e+11 8.08145e-05 4.41176e-06 0.998702 0.00121249
1.0666e+11 1.56989e-06 4.79502e-06 0.998793 0.00120022
1.07647e+11 6.9279e-05 5.19205e-06 0.998738 0.0011873
1.08643e+11 0.000110265 5.37874e-06 0.998714 0.00117067
1.09648e+11 9.44652e-05 5.57136e-06 0.998745 0.0011547
1.10662e+11 7.438e-05 5.83414e-06 0.99878 0.0011402
1.11686e+11 7.26914e-05 6.1356e-06 0.998795 0.00112641
1.1272e+11 9.12412e-05 6.4724e-06 0.998789 0.00111323
1.13763e+11 0.000114419 6.8866e-06 0.998777 0.00110136
1.14815e+11 9.26713e-05 7.36401e-06 0.998809 0.00109069
1.15878e+11 1.39727e-05 7.66393e-06 0.998901 0.00107762
1.1695e+11 3.85343e-05 7.76643e-06 0.998892 0.00106142
1.18032e+11 0.000110932 8.33361e-06 0.998829 0.00105188
1.19124e+11 2.0528e-06 8.63386e-06 0.99895 0.00103935
1.20226e+11 0.000108331 8.96372e-06 0.998856 0.00102657
1.21339e+11 2.22254e-06 9.33209e-06 0.998973 0.00101522
1.22462e+11 8.88055e-05 9.83469e-06 0.998896 0.00100499
1.23595e+11 6.10889e-05 9.95555e-06 0.998938 0.00099051
1.24738e+11 2.32252e-06 1.04629e-05 0.999006 0.000981039
1.25893e+11 3.4699e-05 1.10008e-05 0.998983 0.000971686
1.27057e+11 7.45931e-05 1.13642e-05 0.998954 0.000960357
1.28233e+11 8.71679e-05 1.16819e-05 0.998952 0.000948741
1.2942e+11 8.75373e-05 1.20392e-05 0.998963 0.000937757
1.30617e+11 8.78611e-05 1.24513e-05 0.998972 0.000927501
1.31826e+11 8.53776e-05 1.29191e-05 0.998984 0.000917955
1.33045e+11 6.47235e-05 1.34146e-05 0.999013 0.000908832
1.34276e+11 2.04362e-05 1.38187e-05 0.999067 0.000898931
1.35519e+11 6.97688e-06 1.40372e-05 0.999092 0.000887245
1.36773e+11 7.68514e-05 1.44092e-05 0.999032 0.000877037
1.38038e+11 7.39951e-05 1.5156e-05 0.99904 0.000870687
1.39316e+11 4.90485e-06 1.53779e-05 0.99912 0.000859619
1.40605e+11 0.0001021 1.58653e-05 0.999031 0.000850775
1.41906e+11 5.25699e-06 1.64042e-05 0.999135 0.000842921
1.43219e+11 0.000103566 1.67929e-05 0.999046 0.000833403
1.44544e+11 6.07894e-06 1.72052e-05 0.999152 0.000824637
1.45881e+11 7.26211e-05 1.79476e-05 0.999091 0.000818426
1.47231e+11 8.42658e-05 1.80791e-05 0.99909 0.000807301
1.48594e+11 9.68179e-06 1.86008e-05 0.999172 0.000799715
1.49968e+11 1.8144e-05 1.93512e-05 0.999169 0.000793877
1.51356e+11 6.61316e-05 1.98797e-05 0.999128 0.000786252
1.52757e+11 9.01114e-05 2.02617e-05 0.999112 0.000777635
1.5417e+11 9.14602e-05 2.06594e-05 0.999119 0.000769304
1.55597e+11 8.81197e-05 2.11203e-05 0.999129 0.000761571
1.57036e+11 8.7997e-05 2.16429e-05 0.999136 0.000754389
1.58489e+11 8.72127e-05 2.22276e-05 0.999143 0.000747743
1.59956e+11 7.21324e-05 2.28526e-05 0.999164 0.000741479
1.61436e+11 3.32579e-05 2.34044e-05 0.999209 0.000734806
1.6293e+11 3.00612e-06 2.37338e-05 0.999247 0.000726671
1.64437e+11 4.5013e-05 2.4043e-05 0.999213 0.000718422
1.65959e+11 9.48435e-05 2.48295e-05 0.999167 0.000713471
1.67494e+11 2.20685e-05 2.5513e-05 0.999244 0.000708054
1.69044e+11 4.57938e-05 2.563e-05 0.99923 0.000698897
1.70608e+11 8.87271e-05 2.66259e-05 0.999189 0.00069547
1.72187e+11 1.26161e-05 2.68336e-05 0.999273 0.000687259
1.7378e+11 0.000107769 2.77018e-05 0.999181 0.000683043
1.75388e+11 2.00387e-05 2.79134e-05 0.999277 0.000675093
1.77011e+11 8.37009e-05 2.90036e-05 0.999215 0.000672356
1.78649e+11 8.97734e-05 2.89882e-05 0.999218 0.000663141
1.80302e+11 4.7466e-06 2.99507e-05 0.999305 0.000659915
1.8197e+11 0.00010293 3.07906e-05 0.999211 0.000655766
1.83654e+11 0.000123523 3.08761e-05 0.999198 0.000647468
1.85353e+11 3.82665e-05 3.13755e-05 0.999289 0.000641761
1.87068e+11 2.66766e-06 3.23641e-05 0.999326 0.000638774
1.88799e+11 3.64906e-05 3.32879e-05 0.999295 0.000635363
1.90546e+11 8.32835e-05 3.39736e-05 0.999252 0.000630682
1.92309e+11 0.000112339 3.45445e-05 0.999228 0.000625469
1.94089e+11 0.000123216 3.51291e-05 0.999221 0.000620421
1.95884e+11 0.000121736 3.57815e-05 0.999227 0.000615805
1.97697e+11 0.000107814 3.64993e-05 0.999244 0.000611595
1.99526e+11 7.63616e-05 3.72212e-05 0.999279 0.000607474
2.01372e+11 3.03952e-05 3.78132e-05 0.999329 0.000602771
2.03236e+11 1.85307e-06 3.81614e-05 0.999363 0.000596919
2.05116e+11 4.04595e-05 3.84646e-05 0.99933 0.000590878
2.07014e+11 0.000120439 3.92829e-05 0.999253 0.000587362
2.0893e+11 0.000101699 4.05331e-05 0.999272 0.000586023
2.10863e+11 7.1847e-06 4.10102e-05 0.999371 0.000581129
2.12814e+11 7.93913e-05 4.12037e-05 0.999305 0.000574847
2.14783e+11 0.000109213 4.26159e-05 0.999274 0.000574271
2.1677e+11 7.87542e-06 4.2939e-05 0.99938 0.000568876
2.18776e+11 0.000133227 4.36553e-05 0.999258 0.000565123
2.208e+11 1.52044e-05 4.46912e-05 0.999377 0.000563038
2.22844e+11 0.00013132 4.50166e-05 0.999266 0.000557674
2.24905e+11 1.33053e-05 4.61658e-05 0.999384 0.00055614
2.26986e+11 0.000148097 4.67529e-05 0.999253 0.00055201
2.29087e+11 1.84017e-05 4.73095e-05 0.999386 0.000548026
2.31206e+11 0.000106191 4.88204e-05 0.999297 0.000547904
2.33346e+11 0.000129774 4.87189e-05 0.99928 0.000541165
2.35505e+11 1.0834e-05 4.98785e-05 0.999399 0.000539796
2.37684e+11 9.91233e-05 5.13615e-05 0.99931 0.000539579
2.39883e+11 0.000175749 5.15408e-05 0.999239 0.00053415
2.42103e+11 9.03779e-05 5.18991e-05 0.999328 0.00052964
2.44343e+11 1.30319e-05 5.32424e-05 0.999405 0.000529047
2.46604e+11 4.32323e-05 5.47683e-05 0.999373 0.000529074
2.48886e+11 0.000122915 5.58277e-05 0.999294 0.000527261
2.51189e+11 0.000181219 5.64935e-05 0.999238 0.000523992
2.53513e+11 0.000201498 5.70764e-05 0.999221 0.000520488
2.55859e+11 0.000199528 5.77627e-05 0.999225 0.000517439
2.58226e+11 0.000193586 5.85931e-05 0.999233 0.000514969
2.60615e+11 0.000193665 5.95553e-05 0.999234 0.000513009
2.63027e+11 0.000201253 6.06489e-05 0.999227 0.000511542
2.65461e+11 0.000209625 6.18963e-05 0.999218 0.000510639
2.67917e+11 0.000203012 6.32969e-05 0.999223 0.000510293
2.70396e+11 0.000161751 6.47283e-05 0.999263 0.000510073
2.72898e+11 8.44884e-05 6.58825e-05 0.999341 0.000508911
2.75423e+11 1.98267e-05 6.64699e-05 0.999408 0.000505813
2.77971e+11 4.88343e-05 6.67883e-05 0.999383 0.000501793
2.80543e+11 0.000162745 6.78733e-05 0.999269 0.000500366
2.83139e+11 0.000188823 7.00182e-05 0.999239 0.000502542
2.85759e+11 5.83774e-05 7.14563e-05 0.999368 0.000502435
2.88403e+11 4.54936e-05 7.15104e-05 0.999385 0.000497732
2.91072e+11 0.000184621 7.29949e-05 0.999245 0.000497652
2.93765e+11 8.8739e-05 7.52059e-05 0.999336 0.000500038
2.96483e+11 4.95245e-05 7.52524e-05 0.99938 0.000495464
2.99226e+11 0.000177873 7.719e-05 0.999248 0.000496832
3.01995e+11 2.73301e-05 7.86651e-05 0.999397 0.000496887
3.04789e+11 0.000148951 7.92955e-05 0.999278 0.000494176
3.0761e+11 5.87233e-05 8.16987e-05 0.999363 0.000497064
3.10456e+11 0.000122964 8.19897e-05 0.999302 0.000493399
3.13329e+11 6.06365e-05 8.45524e-05 0.999358 0.00049671
3.16228e+11 0.000133248 8.50126e-05 0.999288 0.000493616
3.19154e+11 3.38225e-05 8.73127e-05 0.999383 0.000496114
3.22107e+11 0.00015364 8.85176e-05 0.999263 0.000495244
3.25087e+11 3.50138e-05 8.98157e-05 0.99938 0.000494788
3.28095e+11 0.000101086 9.23568e-05 0.999309 0.000497834
3.31131e+11 0.00012892 9.29783e-05 0.999283 0.000495365
3.34195e+11 2.38387e-05 9.50549e-05 0.999384 0.000497134
3.37287e+11 0.000100962 9.75443e-05 0.999302 0.000499951
3.40408e+11 0.000147686 9.84401e-05 0.999256 0.000498303
3.43558e+11 5.00295e-05 0.000100048 0.999351 0.000498725
3.46737e+11 3.09093e-05 0.000102923 0.999364 0.000502587
3.49945e+11 0.000123589 0.000105145 0.999267 0.000504569
3.53183e+11 0.000165051 0.000106356 0.999225 0.000503825
3.56451e+11 0.000104578 0.000107847 0.999284 0.000503898
3.59749e+11 3.05487e-05 0.000110315 0.999353 0.000506582
3.63078e+11 1.82506e-05 0.00011332 0.999358 0.000510623
3.66438e+11 6.48533e-05 0.000116181 0.999305 0.000514212
3.69828e+11 0.000128475 0.000118635 0.999236 0.000516695
3.7325e+11 0.000176646 0.000120809 0.999184 0.000518443
3.76704e+11 0.000200626 0.000122947 0.999156 0.000520094
3.80189e+11 0.000206921 0.000125219 0.999146 0.000522086
3.83707e+11 0.000205893 0.000127699 0.999142 0.000524589
3.87258e+11 0.000205673 0.000130399 0.999136 0.000527621
3.90841e+11 0.000210663 0.000133318 0.999125 0.000531167
3.94457e+11 0.000221665 0.000136471 0.999107 0.00053525
3.98107e+11 0.000235672 0.000139891 0.999084 0.000539945
4.01791e+11 0.000245038 0.000143614 0.999066 0.000545326
4.05509e+11 0.000237572 0.00014762 0.999063 0.000551337
4.09261e+11 0.000200969 0.000151762 0.99909 0.00055762
4.13048e+11 0.000134676 0.000155725 0.999146 0.000563425
4.16869e+11 6.53384e-05 0.000159164 0.999208 0.000567946
4.20727e+11 4.70804e-05 0.000162096 0.99922 0.000571228
4.2462e+11 0.000121002 0.00016529 0.999139 0.000575062
4.28549e+11 0.000245295 0.000169942 0.999003 0.000582197
4.32514e+11 0.000289116 0.000176222 0.998942 0.000593002
4.36516e+11 0.000182469 0.000182236 0.999032 0.000603154
4.40555e+11 7.75564e-05 0.000186136 0.999128 0.000608454
4.44631e+11 0.00017133 0.000189797 0.999026 0.0006131
4.48745e+11 0.000315302 0.000196656 0.998863 0.000624776
4.52898e+11 0.000221891 0.000204547 0.998935 0.000638698
4.57088e+11 0.000112467 0.000209135 0.999033 0.000645284
4.61318e+11 0.000276804 0.00021464 0.998855 0.000653689
4.65586e+11 0.00030355 0.000224268 0.998801 0.000670949
4.69894e+11 0.000147156 0.000230846 0.99894 0.000681607
4.74242e+11 0.000299447 0.000237177 0.998772 0.000691513
4.7863e+11 0.000305719 0.000248281 0.998735 0.000711445
4.83059e+11 0.000195973 0.000255403 0.998826 0.000722923
4.87528e+11 0.000373875 0.000265096 0.998622 0.000739501
4.9204e+11 0.000253529 0.000276716 0.99871 0.000760045
4.96592e+11 0.000335959 0.000285412 0.998604 0.00077432
5.01187e+11 0.000349879 0.000299509 0.998551 0.000799478
5.05825e+11 0.000324574 0.000309999 0.998548 0.000817158
5.10505e+11 0.000411829 0.000325263 0.998419 0.000844179
5.15229e+11 0.000360879 0.00033861 0.998433 0.000867237
5.19996e+11 0.000453997 0.000355519 0.998293 0.000897027
5.24807e+11 0.00042726 0.000371929 0.998275 0.000925673
5.29663e+11 0.000498383 0.000391416 0.99815 0.000959971
5.34564e+11 0.000513817 0.000411499 0.998079 0.000995192
5.39511e+11 0.00056549 0.000434223 0.997965 0.00103512
5.44503e+11 0.000606915 0.000459429 0.997854 0.00107946
5.49541e+11 0.000690794 0.000486211 0.997697 0.00112639
5.54626e+11 0.000695844 0.000517709 0.997605 0.00118176
5.59758e+11 0.000877145 0.000552021 0.997329 0.00124189
5.64937e+11 0.000875538 0.000588706 0.99723 0.0013059
5.70164e+11 0.00100757 0.000636471 0.996966 0.00138971
5.7544e+11 0.00129039 0.000682397 0.996558 0.00146936
5.80764e+11 0.00122245 0.000739718 0.996469 0.00156908
5.86138e+11 0.00159113 0.000813375 0.995898 0.00169711
5.91562e+11 0.0020685 0.000883324 0.995231 0.00181731
5.97035e+11 0.00205793 0.000975376 0.994991 0.00197582
6.0256e+11 0.00267768 0.00110239 0.994026 0.00219392
6.08135e+11 0.00390705 0.00123133 0.992449 0.00241291
6.13762e+11 0.00459161 0.00138324 0.991355 0.00266997
6.19441e+11 0.00559064 0.00161632 0.98973 0.00306341
6.25173e+11 0.00851089 0.0019164 0.986008 0.00356476
6.30957e+11 0.012883 0.0022367 0.980787 0.00409309
6.36796e+11 0.0176316 0.00261615 0.975038 0.00471411
6.42688e+11 0.023834 0.0031596 0.967408 0.00559804
6.48634e+11 0.0340405 0.00391156 0.955242 0.0068063
6.54636e+11 0.049576 0.00480126 0.937414 0.00820885
6.60693e+11 0.0694606 0.00570201 0.915247 0.00959077
6.66807e+11 0.0913879 0.00650516 0.891332 0.0107748
6.72977e+11 0.11281 0.00713164 0.868422 0.0116367
6.79204e+11 0.131017 0.00749859 0.849434 0.0120506
6.85488e+11 0.142825 0.00750065 0.837813 0.0118618
6.91831e+11 0.144911 0.00703826 0.837114 0.0109365
6.98232e+11 0.135158 0.00608036 0.849502 0.00925983
7.04693e+11 0.114342 0.00472182 0.873917 0.00701867
7.11214e+11 0.0870856 0.00319509 0.905115 0.00460438
7.17794e+11 0.0610839 0.00181555 0.934588 0.00251217
7.24436e+11 0.0444069 0.000874592 0.953552 0.00116666
7.31139e+11 0.0417886 0.000527475 0.956929 0.000754488
7.37904e+11 0.0518092 0.000729152 0.946314 0.00114721
7.44732e+11 0.0669773 0.00124198 0.929838 0.00194238
7.51623e+11 0.0773843 0.00171207 0.918302 0.00260169
7.58578e+11 0.0762293 0.00181864 0.919274 0.00267804
7.65597e+11 0.0638055 0.00147158 0.932632 0.00209133
7.72681e+11 0.0472849 0.000900476 0.950587 0.00122716
7.7983e+11 0.0363337 0.000468558 0.962569 0.000628439
7.87046e+11 0.0369017 0.000377396 0.962168 0.000553357
7.94328e+11 0.04679 0.00059295 0.951715 0.000902264
8.01678e+11 0.0567895 0.000914905 0.940934 0.00136116
8.09096e+11 0.0576647 0.0010394 0.939797 0.00149907
8.16582e+11 0.0476757 0.000825298 0.950356 0.00114298
8.24138e+11 0.0346807 0.000487007 0.964194 0.000638602
8.31764e+11 0.0299238 0.000307932 0.969364 0.000404725
8.3946e+11 0.0365452 0.000379499 0.962524 0.000551576
8.47227e+11 0.045597 0.000567352 0.95299 0.000846121
8.55067e+11 0.0466821 0.00064534 0.95174 0.000932274
8.62979e+11 0.0396801 0.000581375 0.958949 0.000789545
8.70964e+11 0.0320342 0.000440754 0.966956 0.000569172
8.79023e+11 0.0283708 0.000288777 0.970962 0.000378808
8.87156e+11 0.029997 0.000253793 0.969389 0.000360439
8.95365e+11 0.0366575 0.000389178 0.962393 0.000560044
9.03649e+11 0.0408861 0.000513596 0.957876 0.000724611
9.12011e+11 0.0352565 0.000451839 0.963681 0.000610199
9.2045e+11 0.0269028 0.000313621 0.972388 0.000395058
9.28966e+11 0.0251822 0.000235224 0.97428 0.000302708
9.37562e+11 0.0278989 0.000222628 0.971566 0.000312331
9.46237e+11 0.032537 0.000317785 0.966697 0.000447764
9.54993e+11 0.0349859 0.000397398 0.96407 0.000546299
9.63829e+11 0.0292989 0.00033666 0.969923 0.000441418
9.72747e+11 0.0232964 0.000237017 0.976174 0.000292298
9.81748e+11 0.0229898 0.000185855 0.976584 0.000240552
9.90832e+11 0.0258477 0.00019982 0.973678 0.000274715
1e+12 0.0305267 0.000289076 0.968785 0.000399182
1.00925e+12 0.0294215 0.000304198 0.969867 0.000407507
1.01859e+12 0.0239447 0.000247348 0.975498 0.00030998
1.02802e+12 0.0207908 0.000184271 0.978797 0.000227494
1.03753e+12 0.0211222 0.000149964 0.978535 0.000192836
1.04713e+12 0.0255547 0.00020052 0.973971 0.000274239
1.05682e+12 0.0268653 0.000238867 0.972574 0.0003223
1.0666e+12 0.0245928 0.000239118 0.974862 0.000306198
1.07647e+12 0.020529 0.000190324 0.979046 0.000234542
1.08643e+12 0.0185586 0.000138736 0.981134 0.000169071
1.09648e+12 0.0206618 0.000137981 0.97902 0.000180224
1.10662e+12 0.0235545 0.000182919 0.976018 0.000244998
1.11686e+12 0.0240805 0.000207379 0.975441 0.000271231
1.1272e+12 0.0205981 0.00018251 0.978993 0.000226457
1.13763e+12 0.0175393 0.000144133 0.982143 0.000173055
1.14815e+12 0.0175403 0.000115861 0.982201 0.000142567
1.15878e+12 0.0199203 0.000129562 0.979781 0.000168851
1.1695e+12 0.021727 0.000164845 0.977892 0.000216449
1.18032e+12 0.0207691 0.000172571 0.97884 0.000218493
1.19124e+12 0.0176327 0.000140445 0.982058 0.000169071
1.20226e+12 0.0156471 0.000112944 0.984106 0.000133479
1.21339e+12 0.0167766 0.000103793 0.98299 0.000129689
1.22462e+12 0.0188995 0.000120973 0.980824 0.000155673
1.23595e+12 0.0195782 0.000141153 0.9801 0.000180307
1.24738e+12 0.0181217 0.000144637 0.981555 0.0001791
1.25893e+12 0.0150449 0.00011008 0.984716 0.000128877
1.27057e+12 0.0148536 9.31421e-05 0.984943 0.000109842
1.28233e+12 0.0156147 9.06107e-05 0.984183 0.00011192
1.2942e+12 0.0178071 0.000114072 0.981932 0.000146418
1.30617e+12 0.017514 0.000124016 0.982208 0.000154328
1.31826e+12 0.0155739 0.000109196 0.984186 0.000130516
1.33045e+12 0.0139668 9.70587e-05 0.985823 0.000112998
1.34276e+12 0.0131985 7.6412e-05 0.986635 8.96766e-05
1.35519e+12 0.015337 8.69553e-05 0.984468 0.000108172
1.36773e+12 0.0159436 9.63496e-05 0.983841 0.000119293
1.38038e+12 0.0157221 0.000101888 0.984051 0.000124953
1.39316e+12 0.0142169 0.00010088 0.985562 0.000119719
1.40605e+12 0.0120051 7.44333e-05 0.987836 8.43602e-05
1.41906e+12 0.0131246 7.0769e-05 0.986721 8.37192e-05
1.43219e+12 0.0136831 7.37388e-05 0.986155 8.8537e-05
1.44544e+12 0.0145938 8.24292e-05 0.985222 0.000101603
1.45881e+12 0.0146411 9.4736e-05 0.985149 0.000115534
1.47231e+12 0.012165 8.04092e-05 0.987662 9.22766e-05
1.48594e+12 0.0116252 6.40131e-05 0.988238 7.28095e-05
1.49968e+12 0.0120187 6.40304e-05 0.987843 7.39505e-05
1.51356e+12 0.0122467 6.16227e-05 0.987619 7.28259e-05
1.52757e+12 0.0136796 7.40884e-05 0.986155 9.11854e-05
1.5417e+12 0.0132189 8.22882e-05 0.9866 9.85586e-05
1.55597e+12 0.0110273 6.64323e-05 0.988831 7.4958e-05
1.57036e+12 0.0110317 5.78886e-05 0.988845 6.56765e-05
1.58489e+12 0.010934 5.68815e-05 0.988945 6.4504e-05
1.59956e+12 0.0110134 5.25424e-05 0.988873 6.08577e-05
1.61436e+12 0.0124905 6.29249e-05 0.98737 7.65836e-05
1.6293e+12 0.0122916 7.15975e-05 0.987552 8.52773e-05
1.64437e+12 0.0102533 5.96368e-05 0.98962 6.68664e-05
1.65959e+12 0.0100486 5.01351e-05 0.989845 5.60631e-05
1.67494e+12 0.0103301 5.14699e-05 0.98956 5.82122e-05
1.69044e+12 0.00989377 4.67028e-05 0.990007 5.24646e-05
1.70608e+12 0.0108562 4.94214e-05 0.989036 5.83878e-05
1.72187e+12 0.0116451 6.0374e-05 0.988222 7.23171e-05
1.7378e+12 0.0101707 5.86042e-05 0.989704 6.68181e-05
1.75388e+12 0.00874444 4.47702e-05 0.991162 4.86e-05
1.77011e+12 0.00944155 4.25402e-05 0.990468 4.77539e-05
1.78649e+12 0.00965073 4.502e-05 0.990253 5.08249e-05
1.80302e+12 0.00930241 4.1825e-05 0.990609 4.6862e-05
1.8197e+12 0.00996237 4.38648e-05 0.989943 5.09597e-05
1.83654e+12 0.010423 5.15792e-05 0.989465 6.055e-05
1.85353e+12 0.00901208 4.95705e-05 0.990883 5.54956e-05
1.87068e+12 0.00765716 3.73617e-05 0.992266 3.96941e-05
1.88799e+12 0.00847248 3.45714e-05 0.991454 3.84647e-05
1.90546e+12 0.00935535 4.02275e-05 0.990558 4.6207e-05
1.92309e+12 0.00893393 4.05819e-05 0.99098 4.56229e-05
1.94089e+12 0.00855265 3.73384e-05 0.991369 4.14926e-05
1.95884e+12 0.00894348 3.89301e-05 0.990973 4.42189e-05
1.97697e+12 0.00872541 4.19706e-05 0.991185 4.72769e-05
1.99526e+12 0.00736812 3.64021e-05 0.992557 3.89587e-05
2.01372e+12 0.00700365 2.87209e-05 0.992937 3.03492e-05
2.03236e+12 0.0082304 3.07974e-05 0.991704 3.506e-05
2.05116e+12 0.00901836 3.78291e-05 0.9909 4.40299e-05
2.07014e+12 0.00827514 3.86795e-05 0.991643 4.34694e-05
2.0893e+12 0.00719222 3.26212e-05 0.99274 3.4986e-05
2.10863e+12 0.00723064 2.89872e-05 0.992709 3.12074e-05
2.12814e+12 0.00769807 3.09856e-05 0.992237 3.42264e-05
2.14783e+12 0.00730987 3.11207e-05 0.992625 3.3798e-05
2.1677e+12 0.00673042 2.71877e-05 0.993214 2.87872e-05
2.18776e+12 0.00707449 2.56605e-05 0.992872 2.79762e-05
2.208e+12 0.00792099 2.96453e-05 0.992016 3.38619e-05
2.22844e+12 0.00794089 3.39908e-05 0.991986 3.86725e-05
2.24905e+12 0.00676042 3.1867e-05 0.993173 3.45666e-05
2.26986e+12 0.00574109 2.48466e-05 0.994209 2.55136e-05
2.29087e+12 0.00608462 2.13403e-05 0.993872 2.23879e-05
2.31206e+12 0.00708671 2.42103e-05 0.992862 2.70594e-05
2.33346e+12 0.00738685 2.80572e-05 0.992553 3.16324e-05
2.35505e+12 0.00675224 2.77913e-05 0.99319 3.03723e-05
2.37684e+12 0.00605068 2.4168e-05 0.9939 2.54663e-05
2.39883e+12 0.00607265 2.18302e-05 0.993882 2.30604e-05
2.42103e+12 0.00652231 2.30593e-05 0.99343 2.51105e-05
2.44343e+12 0.0064845 2.46915e-05 0.993464 2.68865e-05
2.46604e+12 0.00583792 2.31629e-05 0.994114 2.44329e-05
2.48886e+12 0.00539266 1.97654e-05 0.994567 2.02979e-05
2.51189e+12 0.00570795 1.84203e-05 0.994254 1.9436e-05
2.53513e+12 0.00643366 2.0679e-05 0.993523 2.2981e-05
2.55859e+12 0.0067238 2.41456e-05 0.993225 2.71904e-05
2.58226e+12 0.00611267 2.4851e-05 0.993835 2.72084e-05
2.60615e+12 0.00508282 2.1461e-05 0.994873 2.22884e-05
2.63027e+12 0.00460206 1.69665e-05 0.995364 1.69161e-05
2.65461e+12 0.00504857 1.5352e-05 0.99492 1.58244e-05
2.67917e+12 0.00587027 1.74058e-05 0.994093 1.91241e-05
2.70396e+12 0.00625492 2.05383e-05 0.993702 2.30075e-05
2.72898e+12 0.00587581 2.1659e-05 0.994079 2.3772e-05
2.75423e+12 0.00508392 1.9758e-05 0.994876 2.0793e-05
2.77971e+12 0.00455494 1.65135e-05 0.995412 1.67045e-05
2.80543e+12 0.00466707 1.46185e-05 0.995303 1.48397e-05
2.83139e+12 0.00516249 1.51864e-05 0.994806 1.60712e-05
2.85759e+12 0.00546839 1.69108e-05 0.994496 1.83231e-05
2.88403e+12 0.00528608 1.77173e-05 0.994677 1.90321e-05
2.91072e+12 0.00480008 1.67501e-05 0.995166 1.7499e-05
2.93765e+12 0.00442661 1.48074e-05 0.995544 1.50525e-05
2.96483e+12 0.00445011 1.34293e-05 0.995523 1.36577e-05
2.99226e+12 0.00480856 1.36267e-05 0.995163 1.43223e-05
3.01995e+12 0.00514071 1.50547e-05 0.994828 1.62773e-05
3.04789e+12 0.00508963 1.62754e-05 0.994876 1.7599e-05
3.0761e+12 0.00462223 1.60094e-05 0.995345 1.68869e-05
3.10456e+12 0.00405467 1.42244e-05 0.995917 1.44419e-05
3.13329e+12 0.0037758 1.20671e-05 0.9962 1.18956e-05
3.16228e+12 0.00395261 1.08946e-05 0.996026 1.08707e-05
3.19154e+12 0.0044398 1.13442e-05 0.995537 1.18995e-05
3.22107e+12 0.00489245 1.29981e-05 0.99508 1.41853e-05
3.25087e+12 0.00498259 1.46774e-05 0.994987 1.61394e-05
3.28095e+12 0.00460785 1.51814e-05 0.995361 1.63765e-05
3.31131e+12 0.0039644 1.40625e-05 0.996007 1.46092e-05
3.34195e+12 0.00341664 1.19002e-05 0.99656 1.18083e-05
3.37287e+12 0.00325565 9.8683e-06 0.996725 9.50704e-06
3.40408e+12 0.00352912 8.96946e-06 0.996453 8.82492e-06
3.43558e+12 0.00404298 9.49784e-06 0.995938 9.8987e-06
3.46737e+12 0.00449237 1.09831e-05 0.995485 1.19459e-05
3.49945e+12 0.00462388 1.25106e-05 0.99535 1.37563e-05
3.53183e+12 0.00435625 1.3202e-05 0.995616 1.43144e-05
3.56451e+12 0.00381483 1.26482e-05 0.996159 1.32908e-05
3.59749e+12 0.00326055 1.10942e-05 0.996717 1.11751e-05
3.63078e+12 0.00294675 9.26986e-06 0.997035 8.96854e-06
3.66438e+12 0.00298875 7.97103e-06 0.996996 7.62442e-06
3.69828e+12 0.0033218 7.66114e-06 0.996663 7.58787e-06
3.7325e+12 0.00375539 8.30563e-06 0.996228 8.66573e-06
3.76704e+12 0.00407443 9.46397e-06 0.995906 1.02094e-05
3.80189e+12 0.00413113 1.05279e-05 0.995847 1.14448e-05
3.83707e+12 0.00389771 1.09827e-05 0.99608 1.17946e-05
3.87258e+12 0.0034696 1.06054e-05 0.996509 1.10927e-05
3.90841e+12 0.00301947 9.53681e-06 0.996961 9.62388e-06
3.94457e+12 0.00271939 8.19633e-06 0.997264 7.97161e-06
3.98107e+12 0.00266668 7.07886e-06 0.997319 6.74323e-06
4.01791e+12 0.00285002 6.53969e-06 0.997137 6.31422e-06
4.05509e+12 0.00316733 6.67164e-06 0.996819 6.71052e-06
4.09261e+12 0.00347746 7.31058e-06 0.996508 7.65325e-06
4.13048e+12 0.00365593 8.13373e-06 0.996327 8.70486e-06
4.16869e+12 0.00363453 8.7894e-06 0.996347 9.43671e-06
4.20727e+12 0.00341779 9.01332e-06 0.996564 9.5656e-06
4.2462e+12 0.00307662 8.70651e-06 0.996906 9.03262e-06
4.28549e+12 0.00272137 7.95734e-06 0.997263 8.00806e-06
4.32514e+12 0.00246182 6.99949e-06 0.997524 6.81845e-06
4.36516e+12 0.00236857 6.11954e-06 0.997619 5.82096e-06
4.40555e+12 0.00245154 5.55281e-06 0.997538 5.27725e-06
4.44631e+12 0.00266318 5.41117e-06 0.997326 5.27812e-06
4.48745e+12 0.00292111 5.66552e-06 0.997067 5.73984e-06
4.52898e+12 0.00313749 6.17638e-06 0.99685 6.45622e-06
4.57088e+12 0.00324402 6.74884e-06 0.996742 7.17348e-06
4.61318e+12 0.00320723 7.18977e-06 0.996778 7.66132e-06
4.65586e+12 0.00303378 7.35551e-06 0.996951 7.7675e-06
4.69894e+12 0.00276671 7.18434e-06 0.997219 7.45033e-06
4.74242e+12 0.00247282 6.70838e-06 0.997514 6.78396e-06
4.7863e+12 0.00222376 6.04038e-06 0.997764 5.93263e-06
4.83059e+12 0.00207567 5.33755e-06 0.997914 5.09966e-06
4.87528e+12 0.00205452 4.75429e-06 0.997936 4.46784e-06
4.9204e+12 0.00215181 4.40074e-06 0.99784 4.15231e-06
4.96592e+12 0.00233079 4.32036e-06 0.997661 4.1801e-06
5.01187e+12 0.00253923 4.48949e-06 0.997452 4.49697e-06
5.05825e+12 0.00272316 4.8331e-06 0.997267 4.99216e-06
5.10505e+12 0.00283808 5.24751e-06 0.997151 5.52903e-06
5.15229e+12 0.00285637 5.62336e-06 0.997132 5.9738e-06
5.19996e+12 0.00277117 5.86611e-06 0.997217 6.21973e-06
5.24807e+12 0.00259688 5.91288e-06 0.997391 6.20546e-06
5.29663e+12 0.00236593 5.74371e-06 0.997622 5.92557e-06
5.34564e+12 0.00212172 5.38439e-06 0.997867 5.42991e-06
5.39511e+12 0.0019089 4.89883e-06 0.998081 4.81041e-06
5.44503e+12 0.00176349 4.37277e-06 0.998228 4.17841e-06
5.49541e+12 0.00170578 3.89336e-06 0.998287 3.63897e-06
5.54626e+12 0.00173769 3.53101e-06 0.998256 3.27001e-06
5.59758e+12 0.00184464 3.32805e-06 0.998149 3.11091e-06
5.64937e+12 0.00200047 3.29538e-06 0.997993 3.1614e-06
5.70164e+12 0.00217329 3.41558e-06 0.99782 3.38777e-06
5.7544e+12 0.00233097 3.64954e-06 0.997662 3.73264e-06
5.80764e+12 0.0024455 3.94434e-06 0.997546 4.12551e-06
5.86138e+12 0.00249647 4.24132e-06 0.997495 4.49309e-06
5.91562e+12 0.00247358 4.48427e-06 0.997517 4.76926e-06
5.97035e+12 0.0023781 4.62741e-06 0.997612 4.90434e-06
6.0256e+12 0.00222257 4.64223e-06 0.997768 4.87239e-06
6.08135e+12 0.00202873 4.52157e-06 0.997962 4.67477e-06
6.13762e+12 0.00182357 4.27993e-06 0.998168 4.33868e-06
6.19441e+12 0.00163452 3.94958e-06 0.998358 3.91089e-06
6.25173e+12 0.00148491 3.57362e-06 0.998508 3.44828e-06
6.30957e+12 0.00139067 3.19794e-06 0.998603 3.0077e-06
6.36796e+12 0.00135885 2.86401e-06 0.998636 2.63748e-06
6.42688e+12 0.00138783 2.60376e-06 0.998607 2.37206e-06
6.48634e+12 0.00146875 2.43712e-06 0.998527 2.22982e-06
6.54636e+12 0.00158745 2.37146e-06 0.998408 2.2134e-06
6.60693e+12 0.00172655 2.4026e-06 0.998269 2.31156e-06
6.66807e+12 0.00186738 2.51629e-06 0.998128 2.50162e-06
6.72977e+12 0.0019918 2.69039e-06 0.998003 2.75247e-06
6.79204e+12 0.00208402 2.89725e-06 0.99791 3.02791e-06
6.85488e+12 0.0021322 3.10687e-06 0.997861 3.29059e-06
6.91831e+12 0.00212983 3.29018e-06 0.997863 3.50619e-06
6.98232e+12 0.00207646 3.4226e-06 0.997916 3.64745e-06
7.04693e+12 0.00197756 3.48678e-06 0.998015 3.69721e-06
7.11214e+12 0.0018436 3.47441e-06 0.998149 3.64996e-06
7.17794e+12 0.00168838 3.38647e-06 0.998305 3.51154e-06
7.24436e+12 0.00152703 3.23217e-06 0.998466 3.2973e-06
7.31139e+12 0.00137409 3.02686e-06 0.99862 3.02905e-06
7.37904e+12 0.00124194 2.78937e-06 0.998753 2.7317e-06
7.44732e+12 0.00113986 2.53958e-06 0.998855 2.43022e-06
7.51623e+12 0.00107357 2.29626e-06 0.998922 2.14717e-06
7.58578e+12 0.0010453 2.07569e-06 0.998951 1.9012e-06
7.65597e+12 0.00105411 1.89075e-06 0.998942 1.70617e-06
7.72681e+12 0.00109633 1.75051e-06 0.9989 1.57093e-06
7.7983e+12 0.00116604 1.66007e-06 0.998831 1.49924e-06
7.87046e+12 0.00125561 1.62058e-06 0.998741 1.49e-06
7.94328e+12 0.00135626 1.62936e-06 0.998641 1.53759e-06
8.01678e+12 0.00145871 1.68031e-06 0.998538 1.63249e-06
8.09096e+12 0.00155392 1.76445e-06 0.998443 1.7621e-06
8.16582e+12 0.00163381 1.87075e-06 0.998362 1.91186e-06
8.24138e+12 0.00169195 1.98721e-06 0.998304 2.06666e-06
8.31764e+12 0.00172403 2.10195e-06 0.998272 2.21213e-06
8.3946e+12 0.00172814 2.20429e-06 0.998267 2.33592e-06
8.47227e+12 0.00170468 2.2856e-06 0.998291 2.42862e-06
8.55067e+12 0.00165615 2.33978e-06 0.998339 2.48422e-06
8.62979e+12 0.00158659 2.36351e-06 0.998409 2.50016e-06
8.70964e+12 0.00150107 2.35602e-06 0.998494 2.47703e-06
8.79023e+12 0.00140511 2.31875e-06 0.99859 2.41789e-06
8.87156e+12 0.00130418 2.25479e-06 0.998691 2.32768e-06
8.95365e+12 0.00120338 2.16835e-06 0.998792 2.21239e-06
9.03649e+12 0.00110723 2.0643e-06 0.998889 2.07859e-06
9.12011e+12 0.0010195 1.94774e-06 0.998977 1.9329e-06
9.2045e+12 0.000943258 1.82378e-06 0.999053 1.78175e-06
9.28966e+12 0.000880823 1.69736e-06 0.999116 1.63116e-06
9.37562e+12 0.000833781 1.57309e-06 0.999163 1.4866e-06
9.46237e+12 0.000802993 1.45516e-06 0.999194 1.35291e-06
9.54993e+12 0.00078859 1.34723e-06 0.999209 1.23417e-06
9.63829e+12 0.000789982 1.25233e-06 0.999208 1.13356e-06
9.72747e+12 0.000805895 1.17273e-06 0.999192 1.05329e-06
9.81748e+12 0.00083444 1.10986e-06 0.999163 9.94502e-07
9.90832e+12 0.00087324 1.06428e-06 0.999125 9.57262e-07
1e+13 0.000919583 1.03571e-06 0.999078 9.40628e-07
1.00925e+13 0.0009706 1.0231e-06 0.999027 9.42776e-07
1.01859e+13 0.00102346 1.02475e-06 0.998975 9.61202e-07
1.02802e+13 0.0010755 1.03853e-06 0.998922 9.92947e-07
1.03753e+13 0.00112442 1.06204e-06 0.998873 1.03484e-06
1.04713e+13 0.00116827 1.0928e-06 0.99883 1.0837e-06
1.05682e+13 0.00120556 1.12838e-06 0.998792 1.13654e-06
1.0666e+13 0.00123521 1.16654e-06 0.998762 1.19064e-06
1.07647e+13 0.00125651 1.20528e-06 0.998741 1.24364e-06
1.08643e+13 0.00126907 1.24286e-06 0.998728 1.29354e-06
1.09648e+13 0.00127274 1.2778e-06 0.998725 1.33867e-06
1.10662e+13 0.00126759 1.30882e-06 0.99873 1.37767e-06
1.11686e+13 0.00125383 1.33489e-06 0.998743 1.4094e-06
1.1272e+13 0.00123182 1.3551e-06 0.998765 1.43295e-06
1.13763e+13 0.00120206 1.36872e-06 0.998795 1.44762e-06
1.14815e+13 0.00116518 1.37516e-06 0.998832 1.45288e-06
1.15878e+13 0.00112198 1.37402e-06 0.998875 1.44842e-06
1.1695e+13 0.0010734 1.36506e-06 0.998924 1.43414e-06
1.18032e+13 0.00102052 1.34824e-06 0.998977 1.41023e-06
1.19124e+13 0.000964551 1.32376e-06 0.999033 1.3771e-06
1.20226e+13 0.000906801 1.29202e-06 0.999091 1.33545e-06
1.21339e+13 0.000848617 1.25366e-06 0.999149 1.28621e-06
1.22462e+13 0.000791341 1.20948e-06 0.999206 1.23053e-06
1.23595e+13 0.000736257 1.16046e-06 0.999261 1.16972e-06
1.24738e+13 0.000684541 1.10769e-06 0.999313 1.1052e-06
1.25893e+13 0.000637216 1.05231e-06 0.999361 1.03841e-06
1.27057e+13 0.000595124 9.95485e-07 0.999403 9.70797e-07
1.28233e+13 0.000558907 9.3833e-07 0.999439 9.03723e-07
1.2942e+13 0.000529002 8.819e-07 0.999469 8.38433e-07
1.30617e+13 0.000505646 8.27144e-07 0.999493 7.76025e-07
1.31826e+13 0.000488895 7.74884e-07 0.99951 7.17426e-07
1.33045e+13 0.000478641 7.25811e-07 0.99952 6.63389e-07
1.34276e+13 0.000474641 6.8048e-07 0.999524 6.1449e-07
1.35519e+13 0.000476541 6.39315e-07 0.999522 5.71144e-07
1.36773e+13 0.000483899 6.02619e-07 0.999515 5.33616e-07
1.38038e+13 0.000496206 5.70583e-07 0.999503 5.02037e-07
1.39316e+13 0.000512903 5.43301e-07 0.999486 4.76424e-07
1.40605e+13 0.000533395 5.20781e-07 0.999466 4.5669e-07
1.41906e+13 0.000557062 5.02954e-07 0.999442 4.42661e-07
1.43219e+13 0.000583263 4.89682e-07 0.999416 4.34086e-07
1.44544e+13 0.000611348 4.80766e-07 0.999388 4.30645e-07
1.45881e+13 0.000640661 4.75951e-07 0.999358 4.31955e-07
1.47231e+13 0.000670552 4.74932e-07 0.999329 4.37579e-07
1.48594e+13 0.000700379 4.77355e-07 0.999299 4.47032e-07
1.49968e+13 0.000729522 4.8283e-07 0.99927 4.59787e-07
1.51356e+13 0.000757395 4.90933e-07 0.999242 4.75289e-07
1.52757e+13 0.000783451 5.01214e-07 0.999216 4.9296e-07
1.5417e+13 0.000807199 5.13208e-07 0.999192 5.12212e-07
1.55597e+13 0.000828211 5.26447e-07 0.999171 5.32463e-07
1.57036e+13 0.00084613 5.40464e-07 0.999153 5.53147e-07
1.58489e+13 0.000860679 5.54813e-07 0.999138 5.73725e-07
1.59956e+13 0.000871661 5.6907e-07 0.999127 5.937e-07
1.61436e+13 0.000878962 5.82849e-07 0.99912 6.12624e-07
1.6293e+13 0.000882552 5.95802e-07 0.999116 6.3011e-07
1.64437e+13 0.000882472 6.07633e-07 0.999116 6.4583e-07
1.65959e+13 0.000878836 6.18095e-07 0.99912 6.59527e-07
1.67494e+13 0.000871814 6.26995e-07 0.999127 6.71007e-07
1.69044e+13 0.00086163 6.3419e-07 0.999137 6.80142e-07
1.70608e+13 0.000848542 6.39589e-07 0.99915 6.86865e-07
1.72187e+13 0.000832838 6.43146e-07 0.999166 6.91164e-07
1.7378e+13 0.000814821 6.44857e-07 0.999184 6.93073e-07
1.75388e+13 0.000794802 6.44752e-07 0.999204 6.92668e-07
1.77011e+13 0.000773088 6.42891e-07 0.999226 6.90057e-07
1.78649e+13 0.000749981 6.39357e-07 0.999249 6.85371e-07
1.80302e+13 0.000725763 6.34251e-07 0.999273 6.7876e-07
1.8197e+13 0.000700702 6.27684e-07 0.999298 6.70383e-07
1.83654e+13 0.000675042 6.19777e-07 0.999324 6.60405e-07
1.85353e+13 0.000649006 6.1065e-07 0.99935 6.48989e-07
1.87068e+13 0.000622795 6.00426e-07 0.999376 6.36298e-07
1.88799e+13 0.000596587 5.89223e-07 0.999402 6.22486e-07
1.90546e+13 0.000570542 5.77156e-07 0.999428 6.07699e-07
1.92309e+13 0.0005448 5.64334e-07 0.999454 5.92077e-07
1.94089e+13 0.000519487 5.50859e-07 0.999479 5.75749e-07
1.95884e+13 0.000494713 5.36828e-07 0.999504 5.58834e-07
1.97697e+13 0.00047058 5.22333e-07 0.999528 5.41447e-07
1.99526e+13 0.000447175 5.07458e-07 0.999552 5.2369e-07
2.01372e+13 0.000424579 4.92284e-07 0.999574 5.05663e-07
2.03236e+13 0.000402865 4.76887e-07 0.999596 4.87458e-07
2.05116e+13 0.000382099 4.61339e-07 0.999617 4.6916e-07
2.07014e+13 0.000362338 4.45709e-07 0.999637 4.50853e-07
2.0893e+13 0.000343635 4.30063e-07 0.999656 4.32614e-07
2.10863e+13 0.000326036 4.14463e-07 0.999673 4.14517e-07
2.12814e+13 0.000309579 3.98968e-07 0.99969 3.96632e-07
2.14783e+13 0.000294294 3.83637e-07 0.999705 3.79023e-07
2.1677e+13 0.000280205 3.6852e-07 0.999719 3.61753e-07
2.18776e+13 0.000267328 3.5367e-07 0.999732 3.44879e-07
2.208e+13 0.00025567 3.39131e-07 0.999744 3.28451e-07
2.22844e+13 0.000245231 3.24947e-07 0.999754 3.12517e-07
2.24905e+13 0.000236002 3.11156e-07 0.999763 2.97119e-07
2.26986e+13 0.000227968 2.9779e-07 0.999771 2.82292e-07
2.29087e+13 0.000221104 2.84881e-07 0.999778 2.68067e-07
2.31206e+13 0.00021538 2.72451e-07 0.999784 2.54468e-07
2.33346e+13 0.00021076 2.60522e-07 0.999789 2.41515e-07
2.35505e+13 0.000207202 2.49109e-07 0.999792 2.2922e-07
2.37684e+13 0.00020466 2.38224e-07 0.999795 2.17591e-07
2.39883e+13 0.000203083 2.27872e-07 0.999796 2.06633e-07
2.42103e+13 0.000202419 2.18058e-07 0.999797 1.96343e-07
2.44343e+13 0.000202611 2.0878e-07 0.999797 1.86715e-07
2.46604e+13 0.000203603 2.00036e-07 0.999796 1.77741e-07
2.48886e+13 0.000205338 1.91817e-07 0.999794 1.69408e-07
2.51189e+13 0.000207758 1.84115e-07 0.999792 1.617e-07
2.53513e+13 0.000210806 1.76918e-07 0.999789 1.54599e-07
2.55859e+13 0.000214428 1.70213e-07 0.999785 1.48085e-07
2.58226e+13 0.000218567 1.63985e-07 0.999781 1.42138e-07
2.60615e+13 0.000223172 1.58217e-07 0.999777 1.36734e-07
2.63027e+13 0.000228192 1.52894e-07 0.999772 1.31851e-07
2.65461e+13 0.000233578 1.47997e-07 0.999766 1.27464e-07
2.67917e+13 0.000239284 1.43508e-07 0.99976 1.2355e-07
2.70396e+13 0.000245264 1.3941e-07 0.999754 1.20084e-07
2.72898e+13 0.000251478 1.35684e-07 0.999748 1.17043e-07
2.75423e+13 0.000257885 1.32311e-07 0.999742 1.14404e-07
2.77971e+13 0.000264446 1.29274e-07 0.999735 1.12142e-07
2.80543e+13 0.000271126 1.26555e-07 0.999729 1.10235e-07
2.83139e+13 0.000277889 1.24135e-07 0.999722 1.0866e-07
2.85759e+13 0.000284703 1.21999e-07 0.999715 1.07397e-07
2.88403e+13 0.000291537 1.20128e-07 0.999708 1.06423e-07
2.91072e+13 0.000298359 1.18507e-07 0.999701 1.05718e-07
2.93765e+13 0.000305143 1.17118e-07 0.999695 1.05261e-07
2.96483e+13 0.00031186 1.15947e-07 0.999688 1.05033e-07
2.99226e+13 0.000318485 1.14977e-07 0.999681 1.05014e-07
3.01995e+13 0.000324994 1.14192e-07 0.999675 1.05186e-07
3.04789e+13 0.000331361 1.13579e-07 0.999668 1.0553e-07
3.0761e+13 0.000337566 1.13122e-07 0.999662 1.06028e-07
3.10456e+13 0.000343588 1.12807e-07 0.999656 1.06664e-07
3.13329e+13 0.000349406 1.1262e-07 0.99965 1.07421e-07
3.16228e+13 0.000355003 1.12548e-07 0.999645 1.08282e-07
3.19154e+13 0.000360362 1.12578e-07 0.999639 1.09231e-07
3.22107e+13 0.000365467 1.12696e-07 0.999634 1.10254e-07
3.25087e+13 0.000370304 1.1289e-07 0.999629 1.11337e-07
3.28095e+13 0.000374861 1.1315e-07 0.999625 1.12464e-07
3.31131e+13 0.000379127 1.13462e-07 0.999621 1.13623e-07
3.34195e+13 0.000383092 1.13817e-07 0.999617 1.14802e-07
3.37287e+13 0.000386749 1.14204e-07 0.999613 1.15988e-07
3.40408e+13 0.00039009 1.14613e-07 0.99961 1.1717e-07
3.43558e+13 0.000393112 1.15035e-07 0.999607 1.18338e-07
3.46737e+13 0.000395812 1.15462e-07 0.999604 1.19483e-07
3.49945e+13 0.000398186 1.15885e-07 0.999602 1.20595e-07
3.53183e+13 0.000400236 1.16297e-07 0.9996 1.21667e-07
3.56451e+13 0.000401962 1.16691e-07 0.999598 1.22691e-07
3.59749e+13 0.000403367 1.17061e-07 0.999596 1.2366e-07
3.63078e+13 0.000404454 1.17402e-07 0.999595 1.24569e-07
3.66438e+13 0.000405229 1.17708e-07 0.999595 1.25412e-07
3.69828e+13 0.000405697 1.17975e-07 0.999594 1.26186e-07
3.7325e+13 0.000405865 1.182e-07 0.999594 1.26886e-07
3.76704e+13 0.000405741 1.18378e-07 0.999594 1.2751e-07
3.80189e+13 0.000405334 1.18508e-07 0.999594 1.28056e-07
3.83707e+13 0.000404653 1.18587e-07 0.999595 1.28522e-07
3.87258e+13 0.000403708 1.18613e-07 0.999596 1.28906e-07
3.90841e+13 0.000402509 1.18586e-07 0.999597 1.29208e-07
3.94457e+13 0.000401069 1.18503e-07 0.999599 1.29428e-07
3.98107e+13 0.000399397 1.18366e-07 0.9996 1.29567e-07
4.01791e+13 0.000397505 1.18174e-07 0.999602 1.29625e-07
4.05509e+13 0.000395404 1.17927e-07 0.999604 1.29603e-07
4.09261e+13 0.000393107 1.17625e-07 0.999607 1.29503e-07
4.13048e+13 0.000390625 1.17271e-07 0.999609 1.29327e-07
4.16869e+13 0.00038797 1.16864e-07 0.999612 1.29077e-07
4.20727e+13 0.000385152 1.16406e-07 0.999615 1.28755e-07
4.2462e+13 0.000382183 1.15898e-07 0.999618 1.28363e-07
4.28549e+13 0.000379075 1.15343e-07 0.999621 1.27905e-07
4.32514e+13 0.000375837 1.14741e-07 0.999624 1.27382e-07
4.36516e+13 0.00037248 1.14096e-07 0.999627 1.26799e-07
4.40555e+13 0.000369015 1.13408e-07 0.999631 1.26157e-07
4.44631e+13 0.00036545 1.1268e-07 0.999634 1.25459e-07
4.48745e+13 0.000361795 1.11914e-07 0.999638 1.2471e-07
4.52898e+13 0.000358059 1.11112e-07 0.999642 1.2391e-07
4.57088e+13 0.000354251 1.10277e-07 0.999646 1.23065e-07
4.61318e+13 0.000350377 1.09409e-07 0.999649 1.22176e-07
4.65586e+13 0.000346446 1.08512e-07 0.999653 1.21246e-07
4.69894e+13 0.000342466 1.07587e-07 0.999657 1.20278e-07
4.74242e+13 0.000338442 1.06636e-07 0.999661 1.19276e-07
4.7863e+13 0.000334381 1.05662e-07 0.999665 1.1824e-07
4.83059e+13 0.000330289 1.04665e-07 0.999669 1.17175e-07
4.87528e+13 0.000326172 1.03649e-07 0.999674 1.16082e-07
4.9204e+13 0.000322034 1.02615e-07 0.999678 1.14964e-07
4.96592e+13 0.000317881 1.01564e-07 0.999682 1.13823e-07
5.01187e+13 0.000313717 1.00499e-07 0.999686 1.12662e-07
5.05825e+13 0.000309546 9.94198e-08 0.99969 1.11482e-07
5.10505e+13 0.000305373 9.83292e-08 0.999694 1.10285e-07
5.15229e+13 0.0003012 9.72284e-08 0.999699 1.09073e-07
5.19996e+13 0.00029703 9.61187e-08 0.999703 1.07849e-07
5.24807e+13 0.000292868 9.50014e-08 0.999707 1.06613e-07
5.29663e+13 0.000288715 9.38776e-08 0.999711 1.05367e-07
5.34564e+13 0.000284575 9.27486e-08 0.999715 1.04113e-07
5.39511e+13 0.00028045 9.16155e-08 0.999719 1.02853e-07
5.44503e+13 0.000276341 9.04793e-08 0.999723 1.01586e-07
5.49541e+13 0.000272252 8.93409e-08 0.999728 1.00316e-07
5.54626e+13 0.000268183 8.82012e-08 0.999732 9.90421e-08
5.59758e+13 0.000264137 8.70612e-08 0.999736 9.77663e-08
5.64937e+13 0.000260114 8.59217e-08 0.99974 9.64896e-08
5.70164e+13 0.000256118 8.47833e-08 0.999744 9.52129e-08
5.7544e+13 0.000252148 8.36468e-08 0.999748 9.3937e-08
5.80764e+13 0.000248206 8.25129e-08 0.999752 9.26628e-08
5.86138e+13 0.000244294 8.13822e-08 0.999756 9.13912e-08
5.91562e+13 0.000240412 8.02553e-08 0.999759 9.01228e-08
5.97035e+13 0.000236561 7.91327e-08 0.999763 8.88584e-08
6.0256e+13 0.000232742 7.80149e-08 0.999767 8.75985e-08
6.08135e+13 0.000228956 7.69024e-08 0.999771 8.63439e-08
6.13762e+13 0.000225205 7.57957e-08 0.999775 8.5095e-08
6.19441e+13 0.000221487 7.46952e-08 0.999778 8.38524e-08
6.25173e+13 0.000217805 7.36012e-08 0.999782 8.26167e-08
6.30957e+13 0.000214159 7.25142e-08 0.999786 8.13882e-08
6.36796e+13 0.000210549 7.14345e-08 0.999789 8.01675e-08
6.42688e+13 0.000206976 7.03624e-08 0.999793 7.89549e-08
6.48634e+13 0.000203441 6.92982e-08 0.999796 7.77508e-08
6.54636e+13 0.000199943 6.82422e-08 0.9998 7.65555e-08
6.60693e+13 0.000196484 6.71946e-08 0.999803 7.53695e-08
6.66807e+13 0.000193063 6.61557e-08 0.999807 7.4193e-08
6.72977e+13 0.000189682 6.51258e-08 0.99981 7.30263e-08
6.79204e+13 0.00018634 6.4105e-08 0.999814 7.18697e-08
6.85488e+13 0.000183038 6.30935e-08 0.999817 7.07234e-08
6.91831e+13 0.000179775 6.20916e-08 0.99982 6.95878e-08
6.98232e+13 0.000176553 6.10993e-08 0.999823 6.84629e-08
7.04693e+13 0.000173372 6.01169e-08 0.999827 6.7349e-08
7.11214e+13 0.000170231 5.91445e-08 0.99983 6.62464e-08
7.17794e+13 0.000167131 5.81822e-08 0.999833 6.51551e-08
7.24436e+13 0.000164072 5.72302e-08 0.999836 6.40754e-08
7.31139e+13 0.000161054 5.62885e-08 0.999839 6.30073e-08
7.37904e+13 0.000158077 5.53573e-08 0.999842 6.19511e-08
7.44732e+13 0.000155142 5.44367e-08 0.999845 6.09068e-08
7.51623e+13 0.000152247 5.35267e-08 0.999848 5.98746e-08
7.58578e+13 0.000149394 5.26273e-08 0.99985 5.88545e-08
7.65597e+13 0.000146582 5.17388e-08 0.999853 5.78466e-08
7.72681e+13 0.000143812 5.08611e-08 0.999856 5.68511e-08
7.7983e+13 0.000141082 4.99942e-08 0.999859 5.58679e-08
7.87046e+13 0.000138394 4.91383e-08 0.999862 5.48972e-08
7.94328e+13 0.000135747 4.82933e-08 0.999864 5.39389e-08
8.01678e+13 0.000133141 4.74592e-08 0.999867 5.29932e-08
8.09096e+13 0.000130575 4.66361e-08 0.999869 5.206e-08
8.16582e+13 0.00012805 4.5824e-08 0.999872 5.11393e-08
8.24138e+13 0.000125565 4.50229e-08 0.999874 5.02313e-08
8.31764e+13 0.000123121 4.42328e-08 0.999877 4.93358e-08
8.3946e+13 0.000120716 4.34536e-08 0.999879 4.84528e-08
8.47227e+13 0.000118351 4.26853e-08 0.999882 4.75824e-08
8.55067e+13 0.000116026 4.1928e-08 0.999884 4.67244e-08
8.62979e+13 0.000113739 4.11815e-08 0.999886 4.5879e-08
8.70964e+13 0.000111492 4.04459e-08 0.999888 4.50461e-08
8.79023e+13 0.000109283 3.97211e-08 0.999891 4.42255e-08
8.87156e+13 0.000107112 3.90071e-08 0.999893 4.34172e-08
8.95365e+13 0.00010498 3.83038e-08 0.999895 4.26213e-08
9.03649e+13 0.000102885 3.76111e-08 0.999897 4.18376e-08
9.12011e+13 0.000100827 3.6929e-08 0.999899 4.10661e-08
9.2045e+13 9.88056e-05 3.62574e-08 0.999901 4.03066e-08
9.28966e+13 9.68209e-05 3.55962e-08 0.999903 3.95592e-08
9.37562e+13 9.48723e-05 3.49455e-08 0.999905 3.88237e-08
9.46237e+13 9.29593e-05 3.4305e-08 0.999907 3.81e-08
9.54993e+13 9.10815e-05 3.36748e-08 0.999909 3.7388e-08
9.63829e+13 8.92386e-05 3.30546e-08 0.999911 3.66877e-08
9.72747e+13 8.743e-05 3.24446e-08 0.999913 3.5999e-08
9.81748e+13 8.56553e-05 3.18444e-08 0.999914 3.53216e-08
9.90832e+13 8.39142e-05 3.12542e-08 0.999916 3.46556e-08
1e+14 8.22061e-05 3.06737e-08 0.999918 3.40009e-08
