1e+10 0.0010177 0.000531292 0.886094 0.112357
1.00925e+10 -1.90586e-06 0.000501251 0.888556 0.110945
1.01859e+10 0.00023086 0.000495303 0.890004 0.10927
1.02802e+10 5.81034e-07 0.000489858 0.891474 0.108036
1.03753e+10 0.00113474 0.000508692 0.89186 0.106496
1.04713e+10 0.000436468 0.00049562 0.893728 0.10534
1.05682e+10 0.000663325 0.000496568 0.894927 0.103913
1.0666e+10 0.000745691 0.000483972 0.896596 0.102174
1.07647e+10 0.000872188 0.000493293 0.89755 0.101084
1.08643e+10 0.000909897 0.000490948 0.898898 0.099701
1.09648e+10 0.000279066 0.000471275 0.900993 0.0982565
1.10662e+10 0.000918669 0.000485761 0.901617 0.0969782
1.11686e+10 0.00082207 0.000481611 0.903052 0.095644
1.1272e+10 3.45447e-05 0.000477068 0.904811 0.094677
1.13763e+10 0.000172675 0.000473021 0.906129 0.0932252
1.14815e+10 1.73159e-05 0.000481042 0.907285 0.0922162
1.15878e+10 0.00101548 0.000492832 0.907755 0.0907364
1.1695e+10 0.00113512 0.000501518 0.908744 0.0896198
1.18032e+10 0.000226632 0.000486891 0.910819 0.088468
1.19124e+10 0.00111123 0.000508272 0.911088 0.0872929
1.20226e+10 0.000816609 0.000504786 0.912559 0.0861199
1.21339e+10 0.000385689 0.000523162 0.913664 0.0854271
1.22462e+10 0.000153097 0.000524148 0.915006 0.0843172
1.23595e+10 0.00105519 0.000539122 0.915349 0.0830563
1.24738e+10 0.000387538 0.000544265 0.916873 0.082195
1.25893e+10 0.000883367 0.000555343 0.917525 0.081036
1.27057e+10 1.31762e-06 0.000545338 0.919462 0.0799911
1.28233e+10 9.06637e-06 0.000556352 0.920422 0.0790128
1.2942e+10 0.000940841 0.000574399 0.920614 0.077871
1.30617e+10 0.000884447 0.000587246 0.921567 0.0769612
1.31826e+10 0.000318652 0.000576912 0.923255 0.0758495
1.33045e+10 0.000797641 0.000594129 0.923738 0.07487
1.34276e+10 5.48397e-05 0.000598871 0.925295 0.074051
1.35519e+10 0.000708727 0.000611686 0.925698 0.0729816
1.36773e+10 7.72574e-05 0.000620041 0.927108 0.0721949
1.38038e+10 0.000918694 0.000638539 0.927259 0.0711842
1.39316e+10 0.0003585 0.000641111 0.928686 0.070314
1.40605e+10 0.00110118 0.000674444 0.928675 0.069549
1.41906e+10 0.000920061 0.00067326 0.929848 0.0685585
1.43219e+10 0.000744855 0.000707955 0.930516 0.0680309
1.44544e+10 0.00113087 0.000715773 0.931105 0.0670484
1.45881e+10 0.000151314 0.000726172 0.932725 0.0663976
1.47231e+10 0.000708394 0.000749819 0.93295 0.0655917
1.48594e+10 1.5216e-05 0.000740888 0.934579 0.0646648
1.49968e+10 0.000282346 0.00077347 0.934906 0.0640383
1.51356e+10 0.000145842 0.00076468 0.936061 0.0630287
1.52757e+10 0.000175393 0.000800466 0.936529 0.0624952
1.5417e+10 9.87659e-05 0.000796011 0.937557 0.0615478
1.55597e+10 0.000421038 0.000836709 0.937717 0.0610252
1.57036e+10 3.86519e-05 0.000840508 0.938882 0.0602393
1.58489e+10 0.00103832 0.000862628 0.938675 0.0594242
1.59956e+10 0.000917645 0.000882483 0.93942 0.0587799
1.61436e+10 0.000155729 0.000872941 0.94102 0.0579511
1.6293e+10 6.67708e-05 0.000891896 0.941733 0.0573081
1.64437e+10 0.00098841 0.000919821 0.941484 0.0566082
1.65959e+10 0.000690843 0.000922754 0.942526 0.0558608
1.67494e+10 0.000892759 0.000960754 0.942768 0.0553781
1.69044e+10 0.000577111 0.000954154 0.943906 0.0545632
1.70608e+10 0.000857439 0.000978516 0.944205 0.053959
1.72187e+10 2.96625e-05 0.00100338 0.945454 0.0535126
1.7378e+10 8.46205e-05 0.00102419 0.945973 0.0529185
1.75388e+10 0.00055291 0.00102141 0.946348 0.0520775
1.77011e+10 3.26236e-05 0.00104532 0.947323 0.0515992
1.78649e+10 0.000457625 0.0010551 0.947594 0.0508931
1.80302e+10 0.000242912 0.00109962 0.948098 0.0505594
1.8197e+10 0.00027413 0.00111789 0.948623 0.0499851
1.83654e+10 0.00033092 0.00110747 0.949375 0.0491865
1.85353e+10 1.16602e-05 0.00114189 0.95005 0.0487964
1.87068e+10 0.000150508 0.00114569 0.950582 0.0481216
1.88799e+10 0.000734115 0.00119222 0.950335 0.0477388
1.90546e+10 0.000900176 0.0012055 0.950743 0.0471514
1.92309e+10 0.000121677 0.00122288 0.951957 0.0466985
1.94089e+10 0.000966427 0.00123953 0.951709 0.0460846
1.95884e+10 0.000915449 0.00126166 0.952215 0.0456076
1.97697e+10 8.33918e-07 0.00126672 0.953637 0.0450957
1.99526e+10 0.0004386 0.00130474 0.953559 0.0446982
2.01372e+10 9.52983e-05 0.00131505 0.954407 0.0441825
2.03236e+10 0.000915554 0.00131385 0.954279 0.0434913
2.05116e+10 0.000440314 0.00132473 0.955227 0.0430079
2.07014e+10 0.00099084 0.00135358 0.955091 0.0425644
2.0893e+10 3.26884e-05 0.00138661 0.956299 0.0422812
2.10863e+10 0.000291542 0.00141684 0.956411 0.041881
2.12814e+10 1.94931e-05 0.00141265 0.957262 0.0413055
2.14783e+10 0.000986156 0.00145089 0.956649 0.0409137
2.1677e+10 0.00108883 0.0014569 0.957064 0.0403906
2.18776e+10 0.000704364 0.00149686 0.957674 0.040125
2.208e+10 0.000564253 0.00147501 0.9585 0.0394606
2.22844e+10 0.000176184 0.00149835 0.959223 0.0391021
2.24905e+10 0.000813988 0.00151515 0.959036 0.0386353
2.26986e+10 0.00026571 0.00157086 0.959672 0.0384919
2.29087e+10 0.000823595 0.00159149 0.95952 0.0380645
2.31206e+10 0.000348229 0.00161146 0.960331 0.0377097
2.33346e+10 0.000620249 0.00158904 0.960726 0.0370645
2.35505e+10 1.25204e-05 0.0016246 0.961543 0.0368196
2.37684e+10 0.000105144 0.00163537 0.961868 0.0363918
2.39883e+10 0.00111943 0.00166403 0.961203 0.0360134
2.42103e+10 0.000189026 0.00167019 0.962505 0.0356357
2.44343e+10 0.000108597 0.00169261 0.962898 0.0353007
2.46604e+10 0.000922327 0.00170792 0.962491 0.0348792
2.48886e+10 0.000102413 0.00175791 0.963394 0.0347458
2.51189e+10 0.000594846 0.00178744 0.963189 0.0344288
2.53513e+10 0.000199277 0.00180119 0.963916 0.0340833
2.55859e+10 0.000640581 0.00177941 0.964069 0.0335113
2.58226e+10 2.14147e-05 0.00182741 0.964785 0.0333665
2.60615e+10 6.75442e-05 0.00185166 0.965015 0.0330659
2.63027e+10 0.000273364 0.00183949 0.96531 0.0325769
2.65461e+10 0.000827222 0.00190057 0.964827 0.0324453
2.67917e+10 0.0011256 0.00189183 0.965001 0.0319816
2.70396e+10 0.00115999 0.00191858 0.965208 0.0317129
2.72898e+10 0.000317898 0.00195848 0.966169 0.0315546
2.75423e+10 0.00103823 0.00194133 0.965973 0.0310478
2.77971e+10 0.000568875 0.00194876 0.96676 0.0307228
2.80543e+10 0.000906232 0.00197178 0.966683 0.0304391
2.83139e+10 0.000762667 0.00203575 0.966828 0.0303737
2.85759e+10 0.00076511 0.00200713 0.967356 0.0298714
2.88403e+10 0.000290859 0.00202728 0.968059 0.0296227
2.91072e+10 0.000663871 0.00204269 0.967974 0.0293192
2.93765e+10 0.000977949 0.00210509 0.967681 0.0292357
2.96483e+10 0.000481306 0.00208076 0.96864 0.0287976
2.99226e+10 5.43677e-05 0.00211384 0.969213 0.0286186
3.01995e+10 0.000231872 0.00212249 0.969336 0.0283098
3.04789e+10 0.0011305 0.00215535 0.968631 0.0280831
3.0761e+10 6.5874e-06 0.00217815 0.96992 0.0278952
3.10456e+10 0.000369318 0.00222305 0.96966 0.0277474
3.13329e+10 0.000319216 0.00224113 0.969937 0.027503
3.16228e+10 5.56101e-05 0.00222565 0.97059 0.0271283
3.19154e+10 0.00110653 0.00226059 0.96971 0.0269226
3.22107e+10 0.000543809 0.00224624 0.970637 0.0265734
3.25087e+10 0.000288786 0.00226777 0.971077 0.0263663
3.28095e+10 0.000777862 0.0022836 0.970826 0.0261129
3.31131e+10 0.000850204 0.00235039 0.970715 0.0260847
3.34195e+10 0.00054456 0.00231949 0.97146 0.0256761
3.37287e+10 2.09527e-05 0.00235757 0.972065 0.0255563
3.40408e+10 2.62177e-05 0.0023748 0.972261 0.025338
3.43558e+10 0.000606273 0.00237297 0.971991 0.0250295
3.46737e+10 0.000782713 0.00244256 0.971757 0.0250175
3.49945e+10 0.000779673 0.00241162 0.972187 0.0246219
3.53183e+10 0.000253564 0.00243184 0.97287 0.0244448
3.56451e+10 0.00038324 0.0024462 0.972943 0.0242279
3.59749e+10 0.00107989 0.0024783 0.972377 0.0240647
3.63078e+10 0.000158856 0.00252795 0.973296 0.0240174
3.66438e+10 0.00107801 0.00252737 0.972664 0.0237301
3.69828e+10 0.000877528 0.00252103 0.973144 0.0234578
3.7325e+10 0.000963762 0.00254143 0.973215 0.0232797
3.76704e+10 0.000997206 0.00259412 0.973185 0.0232237
3.80189e+10 3.84155e-06 0.0025964 0.974386 0.0230136
3.83707e+10 0.000935237 0.00263061 0.973564 0.0228698
3.87258e+10 0.000963841 0.00261514 0.973846 0.0225747
3.90841e+10 0.000921094 0.00262883 0.974061 0.0223892
3.94457e+10 0.00107405 0.00267035 0.973956 0.0222995
3.98107e+10 0.000179765 0.00270583 0.974898 0.0222164
4.01791e+10 0.00091834 0.00268325 0.974506 0.0218921
4.05509e+10 7.04129e-05 0.00270757 0.975449 0.0217733
4.09261e+10 1.63696e-05 0.00274423 0.97556 0.0216792
4.13048e+10 1.09019e-06 0.00275329 0.975754 0.0214917
4.16869e+10 0.000463549 0.00274424 0.975558 0.0212344
4.20727e+10 0.000898759 0.00280626 0.975074 0.0212206
4.2462e+10 0.000314477 0.00278267 0.975958 0.0209444
4.28549e+10 5.79899e-05 0.00283662 0.976183 0.020922
4.32514e+10 0.000261667 0.00286346 0.976074 0.0208005
4.36516e+10 0.000101197 0.00287398 0.976389 0.0206354
4.40555e+10 0.00015722 0.00285618 0.976611 0.0203758
4.44631e+10 0.0010133 0.00289324 0.975813 0.0202804
4.48745e+10 5.56297e-05 0.00289926 0.97692 0.0201247
4.52898e+10 0.00036196 0.00295136 0.976594 0.0200924
4.57088e+10 0.000712112 0.00296402 0.976389 0.0199347
4.61318e+10 0.000623201 0.00298332 0.976584 0.0198092
4.65586e+10 0.000114314 0.00299437 0.977223 0.0196678
4.69894e+10 0.000429551 0.00296778 0.977208 0.019395
4.74242e+10 0.000586846 0.00303645 0.976952 0.0194243
4.7863e+10 0.000788809 0.00300771 0.977051 0.0191527
4.83059e+10 0.000218118 0.00302502 0.977717 0.0190401
4.87528e+10 0.00010298 0.00304746 0.977913 0.0189363
4.9204e+10 0.000324399 0.00305439 0.97784 0.0187811
4.96592e+10 0.000915181 0.00308261 0.977317 0.0186856
5.01187e+10 0.000296658 0.00313665 0.977876 0.0186904
5.05825e+10 0.000723252 0.00310568 0.977747 0.0184242
5.10505e+10 5.35361e-06 0.00314868 0.978446 0.0184
5.15229e+10 0.000305652 0.00318726 0.978161 0.0183461
5.19996e+10 0.000442826 0.00320411 0.978121 0.0182325
5.24807e+10 0.000211663 0.00321753 0.978454 0.0181167
5.29663e+10 4.11643e-05 0.00320394 0.978832 0.0179233
5.34564e+10 0.00088514 0.00321399 0.978117 0.0177842
5.39511e+10 8.81171e-05 0.00326261 0.978866 0.0177837
5.44503e+10 0.000944831 0.00326502 0.978164 0.017626
5.49541e+10 0.000548496 0.0032542 0.978745 0.0174525
5.54626e+10 0.000224778 0.00327595 0.979127 0.0173718
5.59758e+10 0.000267516 0.00329072 0.979174 0.0172673
5.64937e+10 0.000672001 0.0033053 0.978864 0.0171584
5.70164e+10 0.000841081 0.00335861 0.978638 0.0171621
5.7544e+10 5.74591e-06 0.00336452 0.97958 0.0170499
5.80764e+10 0.000970727 0.0033787 0.978714 0.0169362
5.86138e+10 0.000218687 0.00337412 0.97961 0.0167972
5.91562e+10 6.34821e-05 0.00342817 0.979697 0.0168111
5.97035e+10 0.000311512 0.00345567 0.979485 0.0167478
6.0256e+10 0.000280151 0.00347108 0.979592 0.016657
6.08135e+10 2.86087e-05 0.00347244 0.979966 0.0165327
6.13762e+10 0.000322778 0.00345252 0.979879 0.0163462
6.19441e+10 0.00093798 0.00350176 0.979219 0.0163413
6.25173e+10 2.04897e-05 0.00350533 0.980238 0.0162362
6.30957e+10 0.000859687 0.00354676 0.979384 0.0162095
6.36796e+10 0.00078353 0.00351673 0.979691 0.0160083
6.42688e+10 0.000221179 0.00353783 0.980292 0.0159486
6.48634e+10 6.811e-05 0.00356511 0.980466 0.0159008
6.54636e+10 0.000150009 0.00357483 0.980469 0.0158057
6.60693e+10 0.000596701 0.00358051 0.980126 0.0156973
6.66807e+10 0.00098792 0.00363109 0.979675 0.0157058
6.72977e+10 7.31498e-05 0.00365897 0.980596 0.0156722
6.79204e+10 0.000939389 0.00363598 0.979935 0.0154899
6.85488e+10 1.17185e-05 0.0036821 0.980802 0.0155045
6.91831e+10 0.000856932 0.00371635 0.979957 0.0154696
6.98232e+10 0.00108657 0.0036934 0.979921 0.0152993
7.04693e+10 0.000844155 0.0036943 0.980266 0.0151957
7.11214e+10 0.000814417 0.00371059 0.980346 0.0151291
7.17794e+10 0.00103456 0.00373958 0.980134 0.0150923
7.24436e+10 0.00094589 0.00379372 0.980139 0.0151214
7.31139e+10 7.83194e-05 0.00380907 0.981049 0.0150639
7.37904e+10 0.000755331 0.00377406 0.980602 0.0148685
7.44732e+10 0.000375851 0.00385412 0.980805 0.0149654
7.51623e+10 0.00101585 0.00381349 0.980411 0.0147598
7.58578e+10 6.79003e-05 0.00384159 0.981353 0.0147378
7.65597e+10 0.00025613 0.00390239 0.981058 0.0147835
7.72681e+10 0.000733238 0.00392301 0.980613 0.0147305
7.7983e+10 0.000875146 0.00393649 0.980524 0.0146647
7.87046e+10 0.000679095 0.0039581 0.98074 0.0146224
7.94328e+10 0.000177654 0.00396724 0.981301 0.0145543
8.01678e+10 0.000146343 0.00393522 0.981532 0.014386
8.09096e+10 0.00111902 0.00395584 0.980592 0.0143335
8.16582e+10 0.000218385 0.00401762 0.981369 0.014395
8.24138e+10 0.000964223 0.00397517 0.980861 0.0141993
8.31764e+10 2.90681e-05 0.00403316 0.981685 0.0142531
8.3946e+10 0.000990068 0.00406191 0.980725 0.0142228
8.47227e+10 0.00109884 0.00402797 0.980817 0.0140565
8.55067e+10 0.000600863 0.00403247 0.981381 0.0139852
8.62979e+10 0.000340492 0.00405557 0.981649 0.0139552
8.70964e+10 0.000381525 0.00407158 0.98164 0.0139072
8.79023e+10 0.000737608 0.00408433 0.981328 0.0138499
8.87156e+10 0.00121098 0.00412604 0.980805 0.0138579
8.95365e+10 0.000758741 0.00419433 0.981113 0.0139337
9.03649e+10 3.96301e-05 0.00416796 0.981993 0.0137993
9.12011e+10 0.00116123 0.00418229 0.980914 0.0137425
9.2045e+10 2.02761e-05 0.00422039 0.982002 0.0137573
9.28966e+10 0.00112259 0.00423372 0.980944 0.0136999
9.37562e+10 0.000414369 0.00420996 0.9818 0.0135754
9.46237e+10 5.50652e-05 0.00427884 0.982013 0.0136535
9.54993e+10 0.000625204 0.00431487 0.981408 0.0136523
9.63829e+10 0.00102999 0.00431864 0.981069 0.0135822
9.72747e+10 0.00114371 0.00432709 0.981004 0.0135255
9.81748e+10 0.00110228 0.0043514 0.981041 0.0135051
9.90832e+10 0.000808639 0.00438635 0.981295 0.0135101
1e+11 0.000203426 0.00440127 0.981921 0.0134745
1.00925e+11 0.000147009 0.00436764 0.982154 0.013331
1.01859e+11 0.00110928 0.00438723 0.981207 0.013296
1.02802e+11 0.000367887 0.00446268 0.981777 0.0133929
1.03753e+11 0.000620061 0.00440986 0.981761 0.0132093
1.04713e+11 0.000402518 0.00449937 0.981765 0.0133329
1.05682e+11 0.000938052 0.00445849 0.981429 0.0131748
1.0666e+11 3.79643e-05 0.00449399 0.982279 0.013189
1.07647e+11 0.000397934 0.00455381 0.981802 0.0132463
1.08643e+11 0.000951225 0.00455315 0.98132 0.0131755
1.09648e+11 0.00100382 0.00454407 0.981361 0.0130912
1.10662e+11 0.000895181 0.00455088 0.981512 0.0130419
1.11686e+11 0.000887119 0.004569 0.981528 0.0130162
1.1272e+11 0.00100545 0.00459754 0.981385 0.0130118
1.13763e+11 0.00104902 0.00464295 0.981265 0.0130433
1.14815e+11 0.000624475 0.00469226 0.981597 0.0130858
1.15878e+11 1.81838e-05 0.00469032 0.982267 0.0130241
1.1695e+11 0.000602993 0.00466483 0.981824 0.0129077
1.18032e+11 0.000874822 0.00474531 0.981369 0.0130109
1.19124e+11 4.90767e-05 0.00473469 0.982282 0.0129346
1.20226e+11 0.000979809 0.00477152 0.981303 0.0129453
1.21339e+11 9.65652e-05 0.00477247 0.982237 0.0128941
1.22462e+11 0.000615336 0.00483774 0.981581 0.0129655
1.23595e+11 0.000763267 0.00480633 0.981586 0.0128441
1.24738e+11 9.00338e-05 0.00483909 0.982214 0.0128573
1.25893e+11 0.000130911 0.00489632 0.982057 0.0129159
1.27057e+11 0.000498802 0.00492293 0.981667 0.0129116
1.28233e+11 0.00071452 0.0049345 0.981473 0.0128784
1.2942e+11 0.000777562 0.00494959 0.981419 0.0128536
1.30617e+11 0.000769044 0.00497349 0.98141 0.0128472
1.31826e+11 0.000668542 0.00500545 0.981468 0.0128575
1.33045e+11 0.000390652 0.0050367 0.981705 0.0128677
1.34276e+11 4.91239e-05 0.00504607 0.982069 0.0128354
1.35519e+11 0.000208816 0.00503201 0.982004 0.012755
1.36773e+11 0.000858325 0.0050629 0.981318 0.012761
1.38038e+11 0.00045321 0.00513528 0.981558 0.0128537
1.39316e+11 0.000166558 0.00510873 0.981972 0.0127527
1.40605e+11 0.000903826 0.00516271 0.981129 0.0128042
1.41906e+11 3.54485e-05 0.00517745 0.982 0.0127875
1.43219e+11 0.000897239 0.00521625 0.981077 0.0128094
1.44544e+11 0.000194678 0.00521127 0.98184 0.0127544
1.45881e+11 0.000407849 0.00529225 0.981439 0.0128614
1.47231e+11 0.000878506 0.0052742 0.981071 0.0127766
1.48594e+11 0.000260914 0.00528878 0.98169 0.0127602
1.49968e+11 3.57527e-05 0.00535382 0.981772 0.0128389
1.51356e+11 0.000353636 0.00539847 0.981372 0.0128761
1.52757e+11 0.00064911 0.00541782 0.981068 0.0128654
1.5417e+11 0.000761099 0.00543341 0.980957 0.0128488
1.55597e+11 0.000774969 0.00545567 0.980924 0.0128457
1.57036e+11 0.000752415 0.0054862 0.980903 0.0128587
1.58489e+11 0.000665608 0.00552383 0.980925 0.0128857
1.59956e+11 0.000437385 0.00556202 0.981086 0.0129145
1.61436e+11 0.000114028 0.0055841 0.981388 0.0129136
1.6293e+11 8.53503e-05 0.00558082 0.98147 0.0128642
1.64437e+11 0.000619231 0.00559474 0.980941 0.0128451
1.65959e+11 0.000744466 0.0056687 0.980646 0.0129404
1.67494e+11 5.66181e-05 0.00569627 0.981295 0.0129524
1.69044e+11 0.000647081 0.00568129 0.980791 0.0128802
1.70608e+11 0.000559012 0.00577682 0.980648 0.0130166
1.72187e+11 0.000304594 0.0057463 0.981029 0.0129199
1.7378e+11 0.000757847 0.00583896 0.980354 0.0130488
1.75388e+11 0.000410993 0.00580649 0.980833 0.0129497
1.77011e+11 0.000452763 0.00591551 0.980521 0.0131104
1.78649e+11 0.00101455 0.00588156 0.980098 0.013006
1.80302e+11 5.88487e-05 0.00593669 0.980933 0.0130715
1.8197e+11 0.000605273 0.00602383 0.980181 0.0131899
1.83654e+11 0.00118698 0.0060063 0.97969 0.0131168
1.85353e+11 0.000633506 0.00600864 0.980273 0.0130847
1.87068e+11 7.0114e-05 0.00607738 0.980679 0.013174
1.88799e+11 8.9485e-05 0.00615593 0.980476 0.0132789
1.90546e+11 0.000398606 0.00621149 0.980049 0.0133409
1.92309e+11 0.000667159 0.00625008 0.97971 0.0133724
1.94089e+11 0.000792262 0.00628551 0.979523 0.0133989
1.95884e+11 0.000777083 0.0063249 0.979465 0.0134332
1.97697e+11 0.000624578 0.00636774 0.979533 0.0134744
1.99526e+11 0.000344353 0.00640608 0.979741 0.0135081
2.01372e+11 5.95258e-05 0.00642673 0.980003 0.0135103
2.03236e+11 8.98813e-05 0.00642668 0.980009 0.0134745
2.05116e+11 0.000652339 0.0064404 0.979445 0.0134619
2.07014e+11 0.00114129 0.00651844 0.978776 0.0135647
2.0893e+11 0.000588388 0.0066129 0.979098 0.0137002
2.10863e+11 5.38583e-05 0.00660704 0.979682 0.0136571
2.12814e+11 0.000965378 0.00661953 0.978773 0.0136422
2.14783e+11 0.0006738 0.00674293 0.978755 0.013828
2.1677e+11 0.000214133 0.00671846 0.979315 0.0137526
2.18776e+11 0.00116021 0.00679926 0.978182 0.0138589
2.208e+11 6.54938e-05 0.00684071 0.979191 0.0139025
2.22844e+11 0.00124462 0.00687967 0.977941 0.0139344
2.24905e+11 8.13007e-05 0.00693165 0.97899 0.0139969
2.26986e+11 0.00123121 0.00700229 0.977682 0.0140849
2.29087e+11 0.00041398 0.00699115 0.978559 0.0140358
2.31206e+11 0.000580217 0.00713932 0.978018 0.0142627
2.33346e+11 0.00139261 0.00710861 0.977324 0.0141747
2.35505e+11 0.000259848 0.00715967 0.978345 0.0142359
2.37684e+11 0.00048977 0.00730422 0.97775 0.0144558
2.39883e+11 0.00152622 0.00731763 0.976711 0.0144448
2.42103e+11 0.00121872 0.00729995 0.977097 0.0143843
2.44343e+11 0.000323269 0.00738003 0.977801 0.0144954
2.46604e+11 0.000135085 0.00750984 0.977665 0.0146904
2.48886e+11 0.000640643 0.00760967 0.976919 0.0148312
2.51189e+11 0.00125073 0.00766552 0.976188 0.0148956
2.53513e+11 0.00163504 0.00770209 0.975735 0.0149276
2.55859e+11 0.00179265 0.00774184 0.9755 0.014966
2.58226e+11 0.00183674 0.00779408 0.975343 0.0150262
2.60615e+11 0.00185166 0.00786063 0.975176 0.0151112
2.63027e+11 0.00184981 0.0079418 0.974987 0.0152214
2.65461e+11 0.00176785 0.0080374 0.974838 0.0153564
2.67917e+11 0.00149038 0.008142 0.97486 0.0155072
2.70396e+11 0.000950102 0.00823759 0.975169 0.0156433
2.72898e+11 0.000331088 0.00829534 0.975659 0.015715
2.75423e+11 0.0001718 0.00830543 0.975818 0.0157044
2.77971e+11 0.000880199 0.00832325 0.975092 0.0157048
2.80543e+11 0.00174626 0.00844004 0.973941 0.015873
2.83139e+11 0.00132542 0.00862162 0.973899 0.0161543
2.85759e+11 0.000212085 0.00868442 0.974867 0.0162361
2.88403e+11 0.000822135 0.00866563 0.974337 0.0161753
2.91072e+11 0.00167136 0.00882875 0.973078 0.0164214
2.93765e+11 0.000385365 0.00897011 0.974008 0.0166362
2.96483e+11 0.000850746 0.008942 0.973647 0.0165606
2.99226e+11 0.00138457 0.00914222 0.972604 0.0168694
3.01995e+11 0.000208866 0.00919606 0.973659 0.0169363
3.04789e+11 0.00152259 0.00928138 0.972146 0.0170496
3.0761e+11 0.000252478 0.00943709 0.973023 0.0172876
3.10456e+11 0.00139644 0.00947196 0.971815 0.0173167
3.13329e+11 0.000269012 0.00965094 0.972487 0.0175929
3.16228e+11 0.00140909 0.00970479 0.971232 0.0176539
3.19154e+11 0.000219679 0.00984447 0.972072 0.0178642
3.22107e+11 0.00128788 0.00998281 0.970663 0.0180662
3.25087e+11 0.000616151 0.0100272 0.97124 0.0181162
3.28095e+11 0.000539496 0.0102571 0.97073 0.0184731
3.31131e+11 0.0013745 0.0103068 0.969791 0.0185281
3.34195e+11 0.000405624 0.0104212 0.970478 0.0186951
3.37287e+11 0.000529278 0.0106519 0.969767 0.0190517
3.40408e+11 0.0014119 0.0107334 0.968695 0.0191594
3.43558e+11 0.000864163 0.0108096 0.969065 0.0192617
3.46737e+11 0.000171048 0.0110284 0.969201 0.0195999
3.49945e+11 0.000696742 0.0112434 0.968131 0.0199284
3.53183e+11 0.00147284 0.0113498 0.9671 0.0200771
3.56451e+11 0.00139374 0.0114318 0.966987 0.0201877
3.59749e+11 0.000700638 0.0115884 0.967289 0.0204224
3.63078e+11 0.000185973 0.0118182 0.967219 0.0207767
3.66438e+11 0.000212844 0.0120641 0.966568 0.0211555
3.69828e+11 0.000629819 0.0122849 0.965593 0.0214919
3.7325e+11 0.0011359 0.0124757 0.96461 0.0217786
3.76704e+11 0.00153853 0.0126518 0.963768 0.0220414
3.80189e+11 0.00179205 0.0128304 0.963069 0.0223083
3.83707e+11 0.00193296 0.0130221 0.962448 0.0225968
3.87258e+11 0.00201441 0.013232 0.961839 0.0229148
3.90841e+11 0.00207051 0.0134623 0.961202 0.0232656
3.94457e+11 0.00210265 0.0137143 0.960531 0.0236517
3.98107e+11 0.0020762 0.0139892 0.95986 0.0240746
4.01791e+11 0.00192707 0.0142851 0.959256 0.0245314
4.05509e+11 0.00159188 0.0145931 0.958807 0.0250078
4.09261e+11 0.00107752 0.0148939 0.958556 0.0254724
4.13048e+11 0.000554712 0.0151622 0.958399 0.025884
4.16869e+11 0.000380375 0.0153876 0.958007 0.0262252
4.20727e+11 0.000887925 0.0156061 0.956953 0.0265532
4.2462e+11 0.00192726 0.015904 0.955161 0.0270079
4.28549e+11 0.00261674 0.0163459 0.953342 0.0276951
4.32514e+11 0.00207874 0.0168576 0.952567 0.0284969
4.36516e+11 0.000887876 0.0172486 0.952759 0.0291049
4.40555e+11 0.000920996 0.0174849 0.952133 0.029461
4.44631e+11 0.00238312 0.0178441 0.949762 0.0300107
4.48745e+11 0.00265717 0.0184725 0.947876 0.0309945
4.52898e+11 0.00120013 0.019002 0.947975 0.031823
4.57088e+11 0.00147139 0.0192862 0.946989 0.0322536
4.61318e+11 0.00299237 0.0198469 0.944038 0.033123
4.65586e+11 0.00191176 0.0205879 0.943214 0.0342861
4.69894e+11 0.00154293 0.0209738 0.942604 0.0348794
4.74242e+11 0.00315225 0.0216013 0.939394 0.0358524
4.7863e+11 0.00194082 0.0224272 0.938484 0.0371477
4.83059e+11 0.00230409 0.0228927 0.936939 0.0378638
4.87528e+11 0.00316184 0.0237879 0.933789 0.0392614
4.9204e+11 0.00197666 0.0245356 0.933059 0.0404285
4.96592e+11 0.00344552 0.0252983 0.929645 0.0416112
5.01187e+11 0.0024841 0.0263335 0.927951 0.0432316
5.05825e+11 0.00339295 0.0271192 0.925038 0.0444497
5.10505e+11 0.00308709 0.0283136 0.922282 0.0463171
5.15229e+11 0.00354706 0.0292597 0.919406 0.0477875
5.19996e+11 0.00357231 0.0305789 0.916001 0.0498475
5.24807e+11 0.0039507 0.0317489 0.912632 0.0516687
5.29663e+11 0.00406755 0.0332149 0.908762 0.0539557
5.34564e+11 0.00447721 0.0346681 0.904635 0.0562193
5.39511e+11 0.00479626 0.0363159 0.9001 0.0587874
5.44503e+11 0.00502252 0.0381111 0.895282 0.0615846
5.49541e+11 0.00583618 0.0400542 0.889499 0.0646102
5.54626e+11 0.00592407 0.0421512 0.884049 0.0678759
5.59758e+11 0.00667002 0.0446642 0.876877 0.0717891
5.64937e+11 0.00798849 0.0470407 0.869489 0.0754823
5.70164e+11 0.00743175 0.0501337 0.862136 0.080299
5.7544e+11 0.00985559 0.0534623 0.851213 0.0854696
5.80764e+11 0.0111619 0.0566499 0.841771 0.0904176
5.86138e+11 0.0105051 0.0612102 0.830775 0.0975097
5.91562e+11 0.0145843 0.0659761 0.814542 0.104897
5.97035e+11 0.0178251 0.070412 0.799998 0.111765
6.0256e+11 0.0170923 0.0768525 0.784297 0.121758
6.08135e+11 0.0213442 0.0846744 0.760116 0.133865
6.13762e+11 0.0305506 0.0916244 0.733246 0.144579
6.19441e+11 0.0357061 0.0994904 0.708086 0.156717
6.25173e+11 0.0383639 0.11101 0.67612 0.174505
6.30957e+11 0.0484733 0.124573 0.631574 0.195379
6.36796e+11 0.0682663 0.136758 0.58096 0.214016
6.42688e+11 0.0909708 0.14737 0.531501 0.230158
6.48634e+11 0.111642 0.158898 0.481796 0.247664
6.54636e+11 0.131914 0.17223 0.428 0.267857
6.60693e+11 0.15528 0.184613 0.373684 0.286424
6.66807e+11 0.181622 0.19129 0.331078 0.29601
6.72977e+11 0.206488 0.18818 0.314953 0.290379
6.79204e+11 0.223812 0.173402 0.336036 0.26675
6.85488e+11 0.229046 0.147585 0.397132 0.226237
6.91831e+11 0.221366 0.113763 0.491216 0.173655
6.98232e+11 0.204821 0.0771644 0.600849 0.117165
7.04693e+11 0.188022 0.0445449 0.700236 0.0671972
7.11214e+11 0.181552 0.0226514 0.761742 0.0340546
7.17794e+11 0.193049 0.0159785 0.766514 0.0244588
7.24436e+11 0.221841 0.0246263 0.715226 0.0383061
7.31139e+11 0.257023 0.0433351 0.632357 0.0672846
7.37904e+11 0.282217 0.0625478 0.558616 0.0966194
7.44732e+11 0.285258 0.0718904 0.53237 0.110481
7.51623e+11 0.265201 0.0655219 0.569109 0.100168
7.58578e+11 0.231206 0.0465935 0.651387 0.0708138
7.65597e+11 0.198252 0.0261071 0.736178 0.0394629
7.72681e+11 0.184841 0.0150532 0.777223 0.0228823
7.7983e+11 0.20303 0.0171526 0.753334 0.0264832
7.87046e+11 0.239956 0.0289247 0.686469 0.0446507
7.94328e+11 0.263258 0.0421217 0.629939 0.0646813
8.01678e+11 0.255045 0.0457656 0.629276 0.0699129
8.09096e+11 0.222008 0.0354782 0.688625 0.0538881
8.16582e+11 0.183376 0.0204544 0.765301 0.0308685
8.24138e+11 0.171227 0.0128674 0.796436 0.0194701
8.31764e+11 0.200164 0.0170587 0.756616 0.0261607
8.3946e+11 0.237797 0.027729 0.691848 0.0426259
8.47227e+11 0.244956 0.0328069 0.671996 0.0502414
8.55067e+11 0.213794 0.0284396 0.714555 0.0432109
8.62979e+11 0.176405 0.0207992 0.771464 0.0313324
8.70964e+11 0.167555 0.0145797 0.795873 0.0219922
8.79023e+11 0.181542 0.013014 0.785542 0.0199014
8.87156e+11 0.204274 0.0178728 0.750451 0.0274023
8.95365e+11 0.221278 0.0253507 0.714684 0.0386869
9.03649e+11 0.208085 0.0252499 0.728312 0.0383535
9.12011e+11 0.16836 0.0172731 0.788336 0.0260311
9.2045e+11 0.152008 0.0118934 0.818231 0.0178676
9.28966e+11 0.17179 0.012084 0.79772 0.0184057
9.37562e+11 0.192461 0.0152241 0.769025 0.0232898
9.46237e+11 0.201477 0.0203638 0.747166 0.0309934
9.54993e+11 0.18824 0.0201292 0.761139 0.030491
9.63829e+11 0.153195 0.0138288 0.812189 0.0207876
9.72747e+11 0.144748 0.010335 0.829382 0.0155351
9.81748e+11 0.163308 0.0104094 0.810446 0.0158362
9.90832e+11 0.180422 0.0140709 0.784069 0.0214379
1e+12 0.189106 0.017553 0.766689 0.0266522
1.00925e+12 0.163422 0.0153189 0.798137 0.0231223
1.01859e+12 0.139423 0.011092 0.832861 0.0166241
1.02802e+12 0.138946 0.00861561 0.839465 0.0129734
1.03753e+12 0.155248 0.00985224 0.819948 0.0149519
1.04713e+12 0.176587 0.013348 0.789771 0.020294
1.05682e+12 0.165675 0.0141729 0.798707 0.0214451
1.0666e+12 0.144794 0.012151 0.824796 0.0182593
1.07647e+12 0.128264 0.00869871 0.850012 0.0130262
1.08643e+12 0.134024 0.00788394 0.84621 0.0118819
1.09648e+12 0.153238 0.00926284 0.823448 0.014051
1.10662e+12 0.160565 0.0118898 0.809536 0.0180093
1.11686e+12 0.14976 0.0120402 0.820042 0.0181573
1.1272e+12 0.128003 0.00920182 0.849016 0.0137786
1.13763e+12 0.119505 0.00723078 0.862441 0.0108236
1.14815e+12 0.131043 0.00725477 0.850758 0.0109436
1.15878e+12 0.147326 0.00885353 0.830418 0.0134024
1.1695e+12 0.146912 0.0103556 0.827094 0.0156384
1.18032e+12 0.132019 0.00990136 0.843201 0.0148784
1.19124e+12 0.115907 0.00728256 0.86593 0.0108805
1.20226e+12 0.1142 0.006145 0.87046 0.00919524
1.21339e+12 0.12715 0.0068204 0.855738 0.0102918
1.22462e+12 0.138558 0.00834331 0.840496 0.0126033
1.23595e+12 0.133036 0.00868577 0.84521 0.0130691
1.24738e+12 0.119174 0.00813976 0.860486 0.0122002
1.25893e+12 0.104 0.00605373 0.880916 0.00902997
1.27057e+12 0.112046 0.00553681 0.874121 0.00829605
1.28233e+12 0.121017 0.00608152 0.863748 0.00915362
1.2942e+12 0.128848 0.00753777 0.852245 0.0113689
1.30617e+12 0.120644 0.0078484 0.859722 0.0117851
1.31826e+12 0.105932 0.00618233 0.878656 0.0092297
1.33045e+12 0.101487 0.00542141 0.885006 0.00808496
1.34276e+12 0.10225 0.00478505 0.885804 0.00716108
1.35519e+12 0.117262 0.00592505 0.867888 0.00892515
1.36773e+12 0.117775 0.00656373 0.865798 0.00986234
1.38038e+12 0.10985 0.0061843 0.874705 0.00926158
1.39316e+12 0.100188 0.00586292 0.885195 0.00875377
1.40605e+12 0.0894909 0.00441728 0.89952 0.0065722
1.41906e+12 0.101836 0.00455258 0.886788 0.0068229
1.43219e+12 0.107575 0.00512792 0.879604 0.00769268
1.44544e+12 0.107869 0.00540835 0.878611 0.00811251
1.45881e+12 0.104693 0.00588634 0.880602 0.00881879
1.47231e+12 0.0878385 0.00489674 0.899977 0.00728796
1.48594e+12 0.0874904 0.00385129 0.902925 0.00573344
1.49968e+12 0.0955508 0.00417297 0.894039 0.00623689
1.51356e+12 0.0969855 0.00424818 0.892411 0.00635555
1.52757e+12 0.102245 0.00486006 0.885603 0.00729139
1.5417e+12 0.0969093 0.00530104 0.889858 0.00793135
1.55597e+12 0.0809674 0.00413542 0.908753 0.0061438
1.57036e+12 0.0838668 0.00351722 0.907382 0.0052338
1.58489e+12 0.0878914 0.0037173 0.902849 0.00554273
1.59956e+12 0.0882338 0.00361729 0.90275 0.00539931
1.61436e+12 0.09511 0.00417745 0.894452 0.00626092
1.6293e+12 0.092066 0.00470233 0.896198 0.00703348
1.64437e+12 0.0765957 0.00381911 0.913913 0.00567201
1.65959e+12 0.0766669 0.00309021 0.915654 0.00458882
1.67494e+12 0.0826694 0.00333162 0.909035 0.00496406
1.69044e+12 0.0808678 0.00322878 0.911096 0.00480716
1.70608e+12 0.084807 0.00334377 0.906854 0.00499498
1.72187e+12 0.0886136 0.00397483 0.901464 0.00594795
1.7378e+12 0.0774175 0.00384485 0.913014 0.00572393
1.75388e+12 0.067229 0.0028581 0.925683 0.00423025
1.77011e+12 0.0744324 0.00271393 0.918818 0.00403589
1.78649e+12 0.0788025 0.00305306 0.913595 0.00454985
1.80302e+12 0.0757595 0.00293977 0.916927 0.0043736
1.8197e+12 0.0776079 0.0029474 0.915051 0.0043932
1.83654e+12 0.0799451 0.00336081 0.911677 0.00501701
1.85353e+12 0.0701086 0.00324088 0.921835 0.0048159
1.87068e+12 0.0608014 0.00243667 0.933162 0.00360033
1.88799e+12 0.0679492 0.002272 0.926404 0.00337525
1.90546e+12 0.0761208 0.00276075 0.916998 0.00412041
1.92309e+12 0.0728428 0.00287489 0.920002 0.00428019
1.94089e+12 0.0675941 0.00256729 0.926028 0.0038107
1.95884e+12 0.0692324 0.00252911 0.924479 0.00375964
1.97697e+12 0.0686926 0.00271471 0.924557 0.00403612
1.99526e+12 0.0600754 0.00241184 0.933944 0.00356908
2.01372e+12 0.0577289 0.00194244 0.937459 0.00286999
2.03236e+12 0.0667528 0.0020994 0.928022 0.00312588
2.05116e+12 0.0727588 0.00262023 0.920708 0.00391328
2.07014e+12 0.0665304 0.00270414 0.926742 0.00402369
2.0893e+12 0.0570506 0.00222773 0.937426 0.00329542
2.10863e+12 0.0571287 0.00189371 0.938178 0.00279978
2.12814e+12 0.0621355 0.00202926 0.932823 0.00301187
2.14783e+12 0.0608878 0.00212047 0.933846 0.00314532
2.1677e+12 0.0565771 0.00191243 0.938681 0.00282902
2.18776e+12 0.0578673 0.0017845 0.937704 0.00264375
2.208e+12 0.0633683 0.00200815 0.931635 0.00298891
2.22844e+12 0.0635473 0.00229693 0.930736 0.00341971
2.24905e+12 0.0548021 0.00216555 0.939823 0.00320903
2.26986e+12 0.0471379 0.00168487 0.948695 0.00248198
2.29087e+12 0.050036 0.00143865 0.946402 0.00212292
2.31206e+12 0.0583891 0.00165711 0.93749 0.00246339
2.33346e+12 0.0612513 0.00197104 0.933843 0.00293491
2.35505e+12 0.0559556 0.00197901 0.939128 0.0029372
2.37684e+12 0.0493976 0.00169571 0.946402 0.00250504
2.39883e+12 0.0488897 0.00147381 0.947461 0.00217513
2.42103e+12 0.0528386 0.00153078 0.943363 0.00226718
2.44343e+12 0.0536948 0.00166873 0.942162 0.00247423
2.46604e+12 0.0494661 0.00161004 0.946543 0.00238093
2.48886e+12 0.0458083 0.00139775 0.950733 0.0020608
2.51189e+12 0.0474719 0.00129022 0.949333 0.00190519
2.53513e+12 0.0525889 0.00142271 0.943877 0.00211152
2.55859e+12 0.0548576 0.00165658 0.941022 0.00246361
2.58226e+12 0.0503109 0.00171441 0.945431 0.00254335
2.60615e+12 0.0423822 0.00148602 0.953939 0.00219281
2.63027e+12 0.0386257 0.00117107 0.958483 0.0017202
2.65461e+12 0.0422181 0.0010549 0.955173 0.00155386
2.67917e+12 0.0489665 0.00120633 0.948038 0.00178946
2.70396e+12 0.0522796 0.00144621 0.944123 0.00215115
2.72898e+12 0.0492095 0.00154215 0.946959 0.00228965
2.75423e+12 0.042464 0.00140598 0.954052 0.00207817
2.77971e+12 0.0377558 0.00115591 0.959388 0.00170048
2.80543e+12 0.0385233 0.000998652 0.95901 0.00146834
2.83139e+12 0.0428689 0.00103132 0.954577 0.00152322
2.85759e+12 0.045995 0.00116784 0.951106 0.0017307
2.88403e+12 0.0450452 0.00125106 0.95185 0.00185358
2.91072e+12 0.0411314 0.00120123 0.955892 0.00177497
2.93765e+12 0.0376317 0.00106231 0.959741 0.00156465
2.96483e+12 0.0372228 0.000946794 0.960437 0.00139311
2.99226e+12 0.0398115 0.000940663 0.95786 0.00138789
3.01995e+12 0.0426351 0.00103264 0.954804 0.00152868
3.04789e+12 0.0426703 0.00112471 0.954539 0.00166616
3.0761e+12 0.0393436 0.0011204 0.95788 0.00165641
3.10456e+12 0.0349406 0.00100717 0.962569 0.00148359
3.13329e+12 0.0325435 0.000858793 0.965337 0.00126096
3.16228e+12 0.0336651 0.000771409 0.96443 0.00113306
3.19154e+12 0.0373582 0.000796073 0.960671 0.00117458
3.22107e+12 0.0409543 0.000909278 0.956789 0.0013475
3.25087e+12 0.0417734 0.00102954 0.955669 0.00152774
3.28095e+12 0.0388807 0.00106968 0.958465 0.00158478
3.31131e+12 0.0337621 0.000994308 0.963776 0.00146776
3.34195e+12 0.0293265 0.00084194 0.968594 0.00123708
3.37287e+12 0.0279672 0.000695853 0.970318 0.001019
3.40408e+12 0.0301505 0.00062965 0.968297 0.000923345
3.43558e+12 0.0343565 0.000667244 0.963992 0.000984017
3.46737e+12 0.0380917 0.000776416 0.959981 0.00115056
3.49945e+12 0.039226 0.000890595 0.958561 0.0013219
3.53183e+12 0.0370369 0.000944241 0.960619 0.00139994
3.56451e+12 0.0325344 0.000905784 0.965221 0.00133881
3.59749e+12 0.0278849 0.000792185 0.970157 0.00116585
3.63078e+12 0.0252202 0.000656915 0.97316 0.000962584
3.66438e+12 0.0255445 0.000559396 0.973078 0.000818246
3.69828e+12 0.0283584 0.00053535 0.970321 0.000785438
3.7325e+12 0.0320783 0.00058369 0.966477 0.000861062
3.76704e+12 0.0348683 0.000672257 0.963464 0.000995644
3.80189e+12 0.0354324 0.000755123 0.962693 0.00111976
3.83707e+12 0.033494 0.000792574 0.964539 0.00117414
3.87258e+12 0.0298459 0.000766754 0.968254 0.00113296
3.90841e+12 0.0259625 0.000687552 0.972338 0.00101221
3.94457e+12 0.0233309 0.000586329 0.975223 0.000859773
3.98107e+12 0.0228148 0.000500689 0.975952 0.000732276
4.01791e+12 0.0243553 0.00045827 0.974516 0.000670741
4.05509e+12 0.0271055 0.000467198 0.971741 0.000686541
4.09261e+12 0.0298541 0.000515954 0.968868 0.000761568
4.13048e+12 0.0315025 0.000580304 0.967058 0.000858917
4.16869e+12 0.0314213 0.000633056 0.967008 0.000937667
4.20727e+12 0.0296155 0.000653256 0.968765 0.000966671
4.2462e+12 0.0266823 0.000632557 0.971751 0.000933986
4.28549e+12 0.0235775 0.000577166 0.974996 0.000849571
4.32514e+12 0.0212651 0.000504677 0.97749 0.00074031
4.36516e+12 0.0203795 0.000437015 0.978544 0.000639269
4.40555e+12 0.0210355 0.000392512 0.977998 0.000573786
4.44631e+12 0.0228479 0.000380341 0.976215 0.000557219
4.48745e+12 0.0251158 0.000398987 0.973898 0.000586812
4.52898e+12 0.0270708 0.000438281 0.971844 0.000646906
4.57088e+12 0.0280959 0.000483397 0.970706 0.000715025
4.61318e+12 0.0278701 0.000519242 0.970842 0.000768506
4.65586e+12 0.0264281 0.000534308 0.972247 0.000790261
4.69894e+12 0.0241326 0.00052339 0.974571 0.00077279
4.74242e+12 0.0215651 0.000488618 0.977227 0.000719648
4.7863e+12 0.0193569 0.000438462 0.979561 0.000643842
4.83059e+12 0.018009 0.000384928 0.981042 0.000563552
4.87528e+12 0.0177638 0.000339933 0.9814 0.000496654
4.9204e+12 0.0185648 0.000312141 0.980667 0.000455998
4.96592e+12 0.0201067 0.000305218 0.979141 0.000446846
5.01187e+12 0.0219411 0.000317706 0.977274 0.000466754
5.05825e+12 0.0235936 0.000344105 0.975555 0.000507257
5.10505e+12 0.0246629 0.00037653 0.974404 0.000556384
5.15229e+12 0.024891 0.000406474 0.974101 0.000601332
5.19996e+12 0.0242039 0.000426461 0.974739 0.000630937
5.24807e+12 0.0227188 0.000431443 0.976212 0.000637755
5.29663e+12 0.0207168 0.000419722 0.978244 0.000619422
5.34564e+12 0.0185788 0.000393183 0.980449 0.000578953
5.39511e+12 0.0166988 0.000356685 0.982421 0.000523798
5.44503e+12 0.0153969 0.000316787 0.983822 0.000463888
5.49541e+12 0.014857 0.000280186 0.984454 0.000409288
5.54626e+12 0.0151038 0.00025234 0.984276 0.00036813
5.59758e+12 0.0160177 0.000236598 0.9834 0.000345335
5.64937e+12 0.0173754 0.000233931 0.982048 0.000342227
5.70164e+12 0.0188994 0.000243121 0.980501 0.000356856
5.7544e+12 0.0203052 0.000261241 0.979049 0.000384719
5.80764e+12 0.0213415 0.000284231 0.977955 0.00041965
5.86138e+12 0.0218227 0.000307537 0.977415 0.000454782
5.91562e+12 0.0216533 0.000326773 0.977536 0.00048354
5.97035e+12 0.0208413 0.000338362 0.97832 0.000500605
6.0256e+12 0.0194961 0.00034008 0.979661 0.00050272
6.08135e+12 0.0178086 0.000331371 0.981371 0.000489147
6.13762e+12 0.0160156 0.000313351 0.983209 0.000461656
6.19441e+12 0.0143579 0.000288491 0.98493 0.00042404
6.25173e+12 0.0130405 0.000260089 0.986318 0.000381298
6.30957e+12 0.0122041 0.000231649 0.987226 0.000338709
6.36796e+12 0.0119125 0.00020634 0.98758 0.000301018
6.42688e+12 0.0121543 0.000186618 0.987387 0.000271875
6.48634e+12 0.0128544 0.000174029 0.986718 0.000253548
6.54636e+12 0.0138905 0.000169167 0.985693 0.000246869
6.60693e+12 0.0151108 0.00017173 0.984466 0.000251324
6.66807e+12 0.0163506 0.000180638 0.983204 0.000265235
6.72977e+12 0.0174493 0.000194183 0.982071 0.000285995
6.79204e+12 0.0182669 0.000210234 0.981213 0.000310375
6.85488e+12 0.0186986 0.000226475 0.98074 0.000334884
6.91831e+12 0.0186873 0.000240677 0.980716 0.00035618
6.98232e+12 0.0182291 0.000250963 0.981148 0.000371468
7.04693e+12 0.0173727 0.000256024 0.981992 0.000378819
7.11214e+12 0.0162096 0.000255245 0.983158 0.000377354
7.17794e+12 0.0148604 0.000248721 0.984524 0.000367256
7.24436e+12 0.0134566 0.000237164 0.985957 0.00034964
7.31139e+12 0.0121244 0.000221744 0.987328 0.000326292
7.37904e+12 0.0109714 0.00020389 0.988525 0.000299381
7.44732e+12 0.0100783 0.000185104 0.989465 0.000271173
7.51623e+12 0.00949568 0.000166807 0.990094 0.0002438
7.58578e+12 0.0092437 0.000150232 0.990387 0.000219106
7.65597e+12 0.00931513 0.000136357 0.99035 0.000198545
7.72681e+12 0.00967872 0.000125875 0.990012 0.000183137
7.7983e+12 0.0102834 0.000119175 0.989424 0.000173444
7.87046e+12 0.0110627 0.000116344 0.988651 0.000169571
7.94328e+12 0.01194 0.000117176 0.987772 0.000171188
8.01678e+12 0.0128341 0.000121201 0.986867 0.000177567
8.09096e+12 0.0136659 0.000127731 0.986019 0.000187656
8.16582e+12 0.0143651 0.000135923 0.985299 0.000200181
8.24138e+12 0.0148754 0.000144866 0.984766 0.000213763
8.31764e+12 0.0151598 0.000153662 0.984459 0.000227055
8.3946e+12 0.0152016 0.000161507 0.984398 0.000238855
8.47227e+12 0.0150044 0.000167754 0.98458 0.000248202
8.55067e+12 0.0145895 0.000171953 0.984984 0.000254428
8.62979e+12 0.0139917 0.000173856 0.985577 0.000257178
8.70964e+12 0.0132544 0.000173409 0.986316 0.000256384
8.79023e+12 0.0124248 0.00017072 0.987152 0.00025222
8.87156e+12 0.0115498 0.000166017 0.988039 0.000245042
8.95365e+12 0.0106733 0.000159613 0.988932 0.000235328
9.03649e+12 0.0098344 0.00015187 0.98979 0.000223628
9.12011e+12 0.00906622 0.000143169 0.99058 0.000210518
9.2045e+12 0.00839579 0.000133893 0.991274 0.000196577
9.28966e+12 0.00784391 0.000124414 0.991849 0.000182364
9.37562e+12 0.00742513 0.000115081 0.992291 0.000168404
9.46237e+12 0.00714766 0.000106216 0.992591 0.000155177
9.54993e+12 0.00701328 9.80978e-05 0.992746 0.0001431
9.63829e+12 0.00701738 9.09602e-05 0.992759 0.000132519
9.72747e+12 0.00714922 8.49775e-05 0.992642 0.000123691
9.81748e+12 0.00739265 8.02609e-05 0.99241 0.000116777
9.90832e+12 0.00772711 7.68547e-05 0.992084 0.000111838
1e+13 0.0081291 7.47383e-05 0.991687 0.000108837
1.00925e+13 0.00857371 7.38329e-05 0.991245 0.000107651
1.01859e+13 0.00903623 7.40123e-05 0.990782 0.000108086
1.02802e+13 0.00949359 7.51162e-05 0.990321 0.000109897
1.03753e+13 0.00992542 7.69644e-05 0.989885 0.000112811
1.04713e+13 0.0103147 7.93704e-05 0.989489 0.000116547
1.05682e+13 0.0106482 8.21523e-05 0.989149 0.000120829
1.0666e+13 0.0109159 8.51408e-05 0.988874 0.000125403
1.07647e+13 0.0111113 8.8184e-05 0.98867 0.000130043
1.08643e+13 0.0112305 9.11486e-05 0.988544 0.000134548
1.09648e+13 0.0112715 9.39197e-05 0.988496 0.000138747
1.10662e+13 0.0112345 9.63989e-05 0.988527 0.000142494
1.11686e+13 0.0111209 9.85018e-05 0.988635 0.000145662
1.1272e+13 0.0109333 0.000100157 0.988818 0.000148147
1.13763e+13 0.0106761 0.000101305 0.989073 0.000149861
1.14815e+13 0.0103546 0.000101897 0.989393 0.000150733
1.15878e+13 0.00997577 0.000101901 0.989772 0.000150715
1.1695e+13 0.00954802 0.000101297 0.990201 0.00014978
1.18032e+13 0.00908107 0.000100081 0.990671 0.000147925
1.19124e+13 0.00858582 9.82691e-05 0.991171 0.000145174
1.20226e+13 0.00807398 9.58933e-05 0.991689 0.000141578
1.21339e+13 0.00755769 9.30029e-05 0.992212 0.000137213
1.22462e+13 0.00704901 8.96619e-05 0.992729 0.000132177
1.23595e+13 0.00655945 8.59466e-05 0.993228 0.000126586
1.24738e+13 0.00609952 8.19416e-05 0.993698 0.000120567
1.25893e+13 0.0056784 7.77359e-05 0.99413 0.000114255
1.27057e+13 0.00530358 7.34195e-05 0.994515 0.000107785
1.28233e+13 0.00498083 6.90791e-05 0.994849 0.000101289
1.2942e+13 0.00471404 6.47959e-05 0.995126 9.48865e-05
1.30617e+13 0.00450537 6.06427e-05 0.995345 8.8688e-05
1.31826e+13 0.00435535 5.66829e-05 0.995505 8.27876e-05
1.33045e+13 0.00426307 5.29694e-05 0.995607 7.7264e-05
1.34276e+13 0.00422642 4.95448e-05 0.995652 7.21801e-05
1.35519e+13 0.0042423 4.64415e-05 0.995644 6.7584e-05
1.36773e+13 0.00430682 4.36827e-05 0.995586 6.35093e-05
1.38038e+13 0.00441549 4.1283e-05 0.995483 5.99771e-05
1.39316e+13 0.00456339 3.92497e-05 0.99534 5.69972e-05
1.40605e+13 0.00474522 3.7583e-05 0.995163 5.45694e-05
1.41906e+13 0.00495546 3.62775e-05 0.994956 5.26844e-05
1.43219e+13 0.00518841 3.53224e-05 0.994725 5.13252e-05
1.44544e+13 0.00543825 3.4702e-05 0.994477 5.04674e-05
1.45881e+13 0.00569914 3.43963e-05 0.994216 5.00804e-05
1.47231e+13 0.00596523 3.43813e-05 0.99395 5.01273e-05
1.48594e+13 0.0062308 3.46294e-05 0.993684 5.05663e-05
1.49968e+13 0.00649032 3.511e-05 0.993423 5.13509e-05
1.51356e+13 0.00673853 3.57901e-05 0.993173 5.24308e-05
1.52757e+13 0.00697057 3.66346e-05 0.992939 5.37532e-05
1.5417e+13 0.00718206 3.76076e-05 0.992725 5.52639e-05
1.55597e+13 0.00736922 3.86726e-05 0.992535 5.69079e-05
1.57036e+13 0.00752887 3.97939e-05 0.992373 5.86314e-05
1.58489e+13 0.00765858 4.09369e-05 0.99224 6.03828e-05
1.59956e+13 0.00775662 4.20693e-05 0.992139 6.21134e-05
1.61436e+13 0.00782202 4.31615e-05 0.992071 6.37791e-05
1.6293e+13 0.0078545 4.41872e-05 0.992036 6.53406e-05
1.64437e+13 0.00785446 4.51239e-05 0.992034 6.67645e-05
1.65959e+13 0.00782293 4.59531e-05 0.992063 6.80233e-05
1.67494e+13 0.00776143 4.66603e-05 0.992123 6.90957e-05
1.69044e+13 0.00767192 4.7235e-05 0.992211 6.99662e-05
1.70608e+13 0.00755672 4.76705e-05 0.992325 7.06254e-05
1.72187e+13 0.00741834 4.79637e-05 0.992463 7.10688e-05
1.7378e+13 0.00725947 4.81146e-05 0.992621 7.12968e-05
1.75388e+13 0.00708284 4.81256e-05 0.992798 7.13136e-05
1.77011e+13 0.00689116 4.80017e-05 0.99299 7.11267e-05
1.78649e+13 0.00668706 4.77492e-05 0.993194 7.07463e-05
1.80302e+13 0.00647303 4.73761e-05 0.993409 7.01843e-05
1.8197e+13 0.00625141 4.68909e-05 0.993632 6.94539e-05
1.83654e+13 0.00602435 4.63028e-05 0.993861 6.8569e-05
1.85353e+13 0.00579382 4.56211e-05 0.994093 6.75438e-05
1.87068e+13 0.00556157 4.4855e-05 0.994327 6.63924e-05
1.88799e+13 0.00532918 4.40137e-05 0.994562 6.51284e-05
1.90546e+13 0.00509807 4.31058e-05 0.994795 6.3765e-05
1.92309e+13 0.00486948 4.21397e-05 0.995026 6.23149e-05
1.94089e+13 0.00464453 4.11232e-05 0.995254 6.07897e-05
1.95884e+13 0.00442422 4.00636e-05 0.995477 5.92006e-05
1.97697e+13 0.00420945 3.89679e-05 0.995694 5.75581e-05
1.99526e+13 0.00400101 3.78426e-05 0.995905 5.5872e-05
2.01372e+13 0.00379966 3.6694e-05 0.996109 5.41516e-05
2.03236e+13 0.00360604 3.55279e-05 0.996306 5.24058e-05
2.05116e+13 0.00342075 3.43498e-05 0.996494 5.06428e-05
2.07014e+13 0.00324434 3.31651e-05 0.996674 4.88707e-05
2.0893e+13 0.0030773 3.19789e-05 0.996844 4.70971e-05
2.10863e+13 0.00292002 3.07959e-05 0.997004 4.53292e-05
2.12814e+13 0.00277288 2.9621e-05 0.997154 4.35741e-05
2.14783e+13 0.00263616 2.84583e-05 0.997294 4.18382e-05
2.1677e+13 0.00251009 2.73121e-05 0.997422 4.01278e-05
2.18776e+13 0.0023948 2.61863e-05 0.997541 3.84487e-05
2.208e+13 0.00229038 2.50845e-05 0.997648 3.68062e-05
2.22844e+13 0.00219683 2.40099e-05 0.997744 3.52052e-05
2.24905e+13 0.00211407 2.29655e-05 0.997829 3.36502e-05
2.26986e+13 0.00204198 2.19539e-05 0.997904 3.21449e-05
2.29087e+13 0.00198034 2.09774e-05 0.997968 3.06928e-05
2.31206e+13 0.00192889 2.00379e-05 0.998022 2.92967e-05
2.33346e+13 0.00188731 1.91369e-05 0.998066 2.79587e-05
2.35505e+13 0.00185523 1.82756e-05 0.9981 2.66808e-05
2.37684e+13 0.00183223 1.74549e-05 0.998125 2.5464e-05
2.39883e+13 0.00181786 1.66752e-05 0.998141 2.43092e-05
2.42103e+13 0.00181167 1.59369e-05 0.998149 2.32167e-05
2.44343e+13 0.00181314 1.52399e-05 0.998149 2.21862e-05
2.46604e+13 0.00182179 1.45838e-05 0.998142 2.12173e-05
2.48886e+13 0.00183709 1.39681e-05 0.998129 2.03091e-05
2.51189e+13 0.00185854 1.33921e-05 0.998109 1.94605e-05
2.53513e+13 0.00188563 1.28549e-05 0.998083 1.86702e-05
2.55859e+13 0.00191787 1.23555e-05 0.998052 1.79364e-05
2.58226e+13 0.00195476 1.18926e-05 0.998016 1.72575e-05
2.60615e+13 0.00199584 1.14651e-05 0.997976 1.66316e-05
2.63027e+13 0.00204066 1.10717e-05 0.997932 1.60566e-05
2.65461e+13 0.00208878 1.07109e-05 0.997885 1.55305e-05
2.67917e+13 0.00213979 1.03814e-05 0.997835 1.50511e-05
2.70396e+13 0.00219328 1.00817e-05 0.997782 1.46164e-05
2.72898e+13 0.00224888 9.81058e-06 0.997727 1.42243e-05
2.75423e+13 0.00230623 9.56647e-06 0.99767 1.38724e-05
2.77971e+13 0.00236498 9.34802e-06 0.997612 1.35589e-05
2.80543e+13 0.00242481 9.15384e-06 0.997553 1.32815e-05
2.83139e+13 0.00248541 8.98256e-06 0.997493 1.30382e-05
2.85759e+13 0.00254648 8.83285e-06 0.997432 1.28269e-05
2.88403e+13 0.00260774 8.70339e-06 0.997371 1.26458e-05
2.91072e+13 0.00266892 8.59289e-06 0.99731 1.24928e-05
2.93765e+13 0.00272976 8.50009e-06 0.997249 1.23661e-05
2.96483e+13 0.00279001 8.42373e-06 0.997189 1.22637e-05
2.99226e+13 0.00284945 8.36262e-06 0.99713 1.21839e-05
3.01995e+13 0.00290784 8.31557e-06 0.997072 1.21249e-05
3.04789e+13 0.00296498 8.28141e-06 0.997015 1.20848e-05
3.0761e+13 0.00302067 8.25901e-06 0.996959 1.20621e-05
3.10456e+13 0.00307471 8.24726e-06 0.996905 1.20551e-05
3.13329e+13 0.00312694 8.24509e-06 0.996853 1.20621e-05
3.16228e+13 0.00317719 8.25144e-06 0.996802 1.20816e-05
3.19154e+13 0.0032253 8.26531e-06 0.996754 1.2112e-05
3.22107e+13 0.00327113 8.28569e-06 0.996708 1.21518e-05
3.25087e+13 0.00331457 8.31166e-06 0.996665 1.21998e-05
3.28095e+13 0.00335549 8.34228e-06 0.996624 1.22543e-05
3.31131e+13 0.0033938 8.37668e-06 0.996586 1.23143e-05
3.34195e+13 0.00342942 8.41403e-06 0.99655 1.23783e-05
3.37287e+13 0.00346227 8.45353e-06 0.996517 1.24453e-05
3.40408e+13 0.0034923 8.49443e-06 0.996487 1.2514e-05
3.43558e+13 0.00351947 8.53603e-06 0.996459 1.25835e-05
3.46737e+13 0.00354374 8.57767e-06 0.996435 1.26528e-05
3.49945e+13 0.0035651 8.61873e-06 0.996414 1.27209e-05
3.53183e+13 0.00358356 8.65864e-06 0.996395 1.27871e-05
3.56451e+13 0.00359912 8.6969e-06 0.996379 1.28504e-05
3.59749e+13 0.00361179 8.73303e-06 0.996367 1.29104e-05
3.63078e+13 0.00362163 8.76661e-06 0.996357 1.29662e-05
3.66438e+13 0.00362866 8.79726e-06 0.99635 1.30174e-05
3.69828e+13 0.00363295 8.82466e-06 0.996345 1.30635e-05
3.7325e+13 0.00363456 8.84852e-06 0.996343 1.31041e-05
3.76704e+13 0.00363355 8.86861e-06 0.996344 1.31388e-05
3.80189e+13 0.00363001 8.88472e-06 0.996348 1.31673e-05
3.83707e+13 0.00362402 8.89669e-06 0.996354 1.31894e-05
3.87258e+13 0.00361567 8.9044e-06 0.996362 1.3205e-05
3.90841e+13 0.00360505 8.90777e-06 0.996373 1.32138e-05
3.94457e+13 0.00359226 8.90673e-06 0.996386 1.32159e-05
3.98107e+13 0.0035774 8.90127e-06 0.9964 1.32112e-05
4.01791e+13 0.00356057 8.8914e-06 0.996417 1.31996e-05
4.05509e+13 0.00354188 8.87714e-06 0.996436 1.31814e-05
4.09261e+13 0.00352143 8.85854e-06 0.996457 1.31565e-05
4.13048e+13 0.00349932 8.83568e-06 0.996479 1.31251e-05
4.16869e+13 0.00347566 8.80865e-06 0.996502 1.30873e-05
4.20727e+13 0.00345055 8.77756e-06 0.996528 1.30434e-05
4.2462e+13 0.00342409 8.74253e-06 0.996554 1.29934e-05
4.28549e+13 0.00339637 8.7037e-06 0.996582 1.29376e-05
4.32514e+13 0.0033675 8.66121e-06 0.996611 1.28761e-05
4.36516e+13 0.00333756 8.6152e-06 0.996641 1.28094e-05
4.40555e+13 0.00330664 8.56584e-06 0.996672 1.27375e-05
4.44631e+13 0.00327484 8.51329e-06 0.996704 1.26608e-05
4.48745e+13 0.00324222 8.4577e-06 0.996737 1.25794e-05
4.52898e+13 0.00320888 8.39926e-06 0.99677 1.24937e-05
4.57088e+13 0.00317488 8.33811e-06 0.996804 1.24038e-05
4.61318e+13 0.0031403 8.27443e-06 0.996839 1.23101e-05
4.65586e+13 0.00310521 8.20839e-06 0.996874 1.22128e-05
4.69894e+13 0.00306966 8.14013e-06 0.99691 1.21121e-05
4.74242e+13 0.00303372 8.06982e-06 0.996946 1.20083e-05
4.7863e+13 0.00299745 7.99762e-06 0.996983 1.19016e-05
4.83059e+13 0.0029609 7.92366e-06 0.997019 1.17922e-05
4.87528e+13 0.00292411 7.84811e-06 0.997056 1.16804e-05
4.9204e+13 0.00288714 7.77108e-06 0.997094 1.15663e-05
4.96592e+13 0.00285003 7.69273e-06 0.997131 1.14503e-05
5.01187e+13 0.00281281 7.61318e-06 0.997168 1.13323e-05
5.05825e+13 0.00277553 7.53256e-06 0.997206 1.12127e-05
5.10505e+13 0.00273821 7.45097e-06 0.997243 1.10917e-05
5.15229e+13 0.0027009 7.36853e-06 0.997281 1.09693e-05
5.19996e+13 0.00266361 7.28536e-06 0.997318 1.08459e-05
5.24807e+13 0.00262639 7.20154e-06 0.997356 1.07214e-05
5.29663e+13 0.00258925 7.11718e-06 0.997393 1.05961e-05
5.34564e+13 0.00255221 7.03237e-06 0.99743 1.047e-05
5.39511e+13 0.0025153 6.94719e-06 0.997467 1.03434e-05
5.44503e+13 0.00247854 6.86172e-06 0.997504 1.02164e-05
5.49541e+13 0.00244194 6.77604e-06 0.997541 1.0089e-05
5.54626e+13 0.00240553 6.69022e-06 0.997578 9.96135e-06
5.59758e+13 0.00236931 6.60433e-06 0.997614 9.83359e-06
5.64937e+13 0.00233331 6.51842e-06 0.99765 9.7058e-06
5.70164e+13 0.00229752 6.43257e-06 0.997686 9.57807e-06
5.7544e+13 0.00226198 6.34683e-06 0.997722 9.45047e-06
5.80764e+13 0.00222669 6.26124e-06 0.997758 9.3231e-06
5.86138e+13 0.00219165 6.17585e-06 0.997793 9.19602e-06
5.91562e+13 0.00215688 6.09073e-06 0.997828 9.0693e-06
5.97035e+13 0.00212239 6.00589e-06 0.997863 8.943e-06
6.0256e+13 0.00208818 5.92139e-06 0.997897 8.8172e-06
6.08135e+13 0.00205427 5.83727e-06 0.997931 8.69194e-06
6.13762e+13 0.00202066 5.75356e-06 0.997965 8.56728e-06
6.19441e+13 0.00198735 5.67029e-06 0.997999 8.44327e-06
6.25173e+13 0.00195436 5.58749e-06 0.998032 8.31995e-06
6.30957e+13 0.00192168 5.50519e-06 0.998065 8.19738e-06
6.36796e+13 0.00188933 5.42343e-06 0.998097 8.07559e-06
6.42688e+13 0.00185731 5.34222e-06 0.998129 7.95462e-06
6.48634e+13 0.00182562 5.26159e-06 0.998161 7.83451e-06
6.54636e+13 0.00179427 5.18157e-06 0.998193 7.71528e-06
6.60693e+13 0.00176326 5.10216e-06 0.998224 7.59699e-06
6.66807e+13 0.0017326 5.0234e-06 0.998255 7.47964e-06
6.72977e+13 0.00170228 4.9453e-06 0.998285 7.36327e-06
6.79204e+13 0.00167232 4.86788e-06 0.998316 7.24791e-06
6.85488e+13 0.00164271 4.79116e-06 0.998345 7.13358e-06
6.91831e+13 0.00161346 4.71514e-06 0.998375 7.02031e-06
6.98232e+13 0.00158457 4.63985e-06 0.998404 6.9081e-06
7.04693e+13 0.00155604 4.56529e-06 0.998433 6.797e-06
7.11214e+13 0.00152788 4.49148e-06 0.998461 6.687e-06
7.17794e+13 0.00150008 4.41843e-06 0.998489 6.57813e-06
7.24436e+13 0.00147264 4.34615e-06 0.998517 6.4704e-06
7.31139e+13 0.00144558 4.27464e-06 0.998544 6.36383e-06
7.37904e+13 0.00141888 4.20392e-06 0.998571 6.25843e-06
7.44732e+13 0.00139255 4.134e-06 0.998597 6.15421e-06
7.51623e+13 0.00136659 4.06487e-06 0.998623 6.05119e-06
7.58578e+13 0.001341 3.99655e-06 0.998649 5.94936e-06
7.65597e+13 0.00131578 3.92904e-06 0.998674 5.84874e-06
7.72681e+13 0.00129093 3.86235e-06 0.998699 5.74934e-06
7.7983e+13 0.00126644 3.79648e-06 0.998724 5.65116e-06
7.87046e+13 0.00124233 3.73144e-06 0.998748 5.55421e-06
7.94328e+13 0.00121858 3.66722e-06 0.998772 5.4585e-06
8.01678e+13 0.0011952 3.60383e-06 0.998796 5.36401e-06
8.09096e+13 0.00117218 3.54126e-06 0.998819 5.27076e-06
8.16582e+13 0.00114953 3.47953e-06 0.998842 5.17876e-06
8.24138e+13 0.00112724 3.41863e-06 0.998864 5.08799e-06
8.31764e+13 0.00110531 3.35857e-06 0.998886 4.99846e-06
8.3946e+13 0.00108373 3.29933e-06 0.998908 4.91017e-06
8.47227e+13 0.00106251 3.24092e-06 0.998929 4.82312e-06
8.55067e+13 0.00104165 3.18334e-06 0.99895 4.7373e-06
8.62979e+13 0.00102114 3.12659e-06 0.998971 4.65271e-06
8.70964e+13 0.00100097 3.07066e-06 0.998991 4.56935e-06
8.79023e+13 0.000981152 3.01554e-06 0.999011 4.48722e-06
8.87156e+13 0.000961676 2.96125e-06 0.999031 4.4063e-06
8.95365e+13 0.000942539 2.90777e-06 0.99905 4.32659e-06
9.03649e+13 0.000923739 2.85509e-06 0.999069 4.2481e-06
9.12011e+13 0.000905273 2.80323e-06 0.999088 4.1708e-06
9.2045e+13 0.000887137 2.75216e-06 0.999106 4.09469e-06
9.28966e+13 0.000869327 2.70188e-06 0.999124 4.01977e-06
9.37562e+13 0.000851841 2.6524e-06 0.999142 3.94603e-06
9.46237e+13 0.000834674 2.60369e-06 0.999159 3.87346e-06
9.54993e+13 0.000817824 2.55577e-06 0.999176 3.80204e-06
9.63829e+13 0.000801285 2.50861e-06 0.999192 3.73178e-06
9.72747e+13 0.000785054 2.46222e-06 0.999209 3.66265e-06
9.81748e+13 0.000769128 2.41658e-06 0.999225 3.59466e-06
9.90832e+13 0.000753502 2.3717e-06 0.999241 3.52778e-06
1e+14 0.000738173 2.32756e-06 0.999256 3.46202e-06
