1e+10 5.72978e-05 0.00351978 0.927296 0.0691266
1.00925e+10 2.20131e-06 0.00345182 0.928621 0.0679253
1.01859e+10 3.00259e-06 0.00338809 0.929881 0.0667281
1.02802e+10 3.24082e-06 0.00332245 0.931106 0.0655682
1.03753e+10 6.47145e-05 0.00326152 0.932265 0.0644087
1.04713e+10 4.02232e-05 0.00319736 0.933469 0.0632933
1.05682e+10 5.04122e-05 0.00313728 0.934632 0.0621808
1.0666e+10 2.61833e-05 0.0030801 0.935816 0.0610776
1.07647e+10 5.19465e-05 0.00302029 0.936914 0.0600136
1.08643e+10 4.95909e-05 0.00296327 0.938029 0.0589585
1.09648e+10 4.80527e-06 0.00290701 0.939165 0.0579233
1.10662e+10 4.18817e-05 0.00285229 0.940203 0.056903
1.11686e+10 3.29592e-05 0.00279823 0.941267 0.0559023
1.1272e+10 7.83663e-06 0.0027425 0.942316 0.0549336
1.13763e+10 1.91935e-06 0.00269154 0.943346 0.0539609
1.14815e+10 6.50564e-06 0.00263865 0.944334 0.0530209
1.15878e+10 4.57565e-05 0.00259075 0.945289 0.0520749
1.1695e+10 5.76251e-05 0.00254086 0.94624 0.0511612
1.18032e+10 3.06926e-06 0.00249119 0.947238 0.0502673
1.19124e+10 5.30827e-05 0.0024444 0.948125 0.0493779
1.20226e+10 3.0768e-05 0.00239742 0.949062 0.0485099
1.21339e+10 3.7189e-05 0.00234834 0.949941 0.0476736
1.22462e+10 2.21245e-05 0.00230293 0.950839 0.0468363
1.23595e+10 5.91147e-05 0.00226056 0.951679 0.0460012
1.24738e+10 3.61843e-05 0.00221511 0.952546 0.0452024
1.25893e+10 5.4071e-05 0.00217348 0.953372 0.0444008
1.27057e+10 2.56743e-06 0.00213069 0.954243 0.043624
1.28233e+10 6.05811e-06 0.00208927 0.955047 0.0428575
1.2942e+10 4.51954e-05 0.00205045 0.95581 0.0420941
1.30617e+10 4.79391e-05 0.00201024 0.956586 0.0413559
1.31826e+10 6.73292e-06 0.00197153 0.957395 0.0406263
1.33045e+10 3.09737e-05 0.00193375 0.958127 0.0399084
1.34276e+10 -4.70772e-08 0.00189492 0.958892 0.0392128
1.35519e+10 2.61878e-05 0.00185934 0.959599 0.0385152
1.36773e+10 1.56015e-08 0.00182192 0.960334 0.037844
1.38038e+10 3.93337e-05 0.00178762 0.961002 0.0371707
1.39316e+10 8.78781e-06 0.00175225 0.96172 0.036519
1.40605e+10 5.94655e-05 0.00171786 0.962346 0.0358769
1.41906e+10 3.87215e-05 0.00168488 0.963035 0.0352417
1.43219e+10 5.40749e-05 0.00164985 0.963663 0.0346328
1.44544e+10 6.47393e-05 0.00161862 0.9643 0.0340167
1.45881e+10 2.0921e-05 0.00158507 0.964966 0.033428
1.47231e+10 5.41264e-05 0.00155428 0.965554 0.0328375
1.48594e+10 1.3792e-06 0.00152388 0.966216 0.0322584
1.49968e+10 3.11315e-05 0.00149311 0.966781 0.0316948
1.51356e+10 1.10988e-06 0.00146489 0.967404 0.0311299
1.52757e+10 2.41273e-05 0.00143464 0.967952 0.0305896
1.5417e+10 1.62285e-07 0.00140729 0.968547 0.0300455
1.55597e+10 3.9408e-05 0.0013785 0.96906 0.0295221
1.57036e+10 1.12678e-05 0.00135118 0.969635 0.0290027
1.58489e+10 5.92959e-05 0.0013257 0.97013 0.0284848
1.59956e+10 5.73091e-05 0.00129894 0.970658 0.0279861
1.61436e+10 1.00628e-06 0.00127321 0.971233 0.0274932
1.6293e+10 -8.9757e-08 0.00124755 0.971741 0.0270113
1.64437e+10 4.8233e-05 0.00122354 0.972197 0.0265314
1.65959e+10 2.3337e-05 0.00119932 0.972714 0.0260636
1.67494e+10 5.09476e-05 0.00117466 0.973165 0.0256094
1.69044e+10 1.73425e-05 0.00115177 0.973675 0.0251555
1.70608e+10 3.51932e-05 0.00112876 0.974123 0.024713
1.72187e+10 8.713e-06 0.0011047 0.9746 0.0242869
1.7378e+10 1.38049e-05 0.00108244 0.975043 0.0238604
1.75388e+10 1.70962e-05 0.00106214 0.975488 0.0234326
1.77011e+10 5.46657e-07 0.00103984 0.975933 0.0230262
1.78649e+10 1.24156e-05 0.00101973 0.976351 0.0226168
1.80302e+10 2.44449e-05 0.000997823 0.97675 0.0222273
1.8197e+10 2.53156e-05 0.000977707 0.97716 0.0218367
1.83654e+10 7.49183e-06 0.000959097 0.977587 0.0214463
1.85353e+10 5.51522e-06 0.000938695 0.97798 0.0210755
1.87068e+10 1.66725e-06 0.000920363 0.978377 0.0207014
1.88799e+10 4.7042e-05 0.000901212 0.978711 0.0203408
1.90546e+10 5.09388e-05 0.000883247 0.979084 0.0199818
1.92309e+10 1.59156e-05 0.000864514 0.979484 0.0196356
1.94089e+10 5.27322e-05 0.000847792 0.979814 0.0192858
1.95884e+10 5.33433e-05 0.000830308 0.980168 0.0189487
1.97697e+10 2.57211e-06 0.000812931 0.980566 0.0186187
1.99526e+10 3.5302e-05 0.000796036 0.980875 0.0182939
2.01372e+10 1.42172e-05 0.000779682 0.981233 0.0179735
2.03236e+10 3.93913e-05 0.000765112 0.981546 0.01765
2.05116e+10 1.2391e-05 0.000749238 0.981897 0.0173416
2.07014e+10 4.46467e-05 0.000733969 0.982184 0.017037
2.0893e+10 8.77081e-06 0.000717536 0.982527 0.0167464
2.10863e+10 2.80596e-05 0.000702599 0.982815 0.016454
2.12814e+10 5.20681e-07 0.000688568 0.983148 0.016163
2.14783e+10 5.85867e-05 0.000674531 0.983388 0.015879
2.1677e+10 5.57847e-05 0.000661038 0.983685 0.0155982
2.18776e+10 5.0789e-05 0.000646363 0.983972 0.0153311
2.208e+10 1.79124e-05 0.000634036 0.984292 0.0150563
2.22844e+10 2.22962e-06 0.00062042 0.984582 0.0147956
2.24905e+10 3.20197e-05 0.00060805 0.984826 0.0145336
2.26986e+10 2.76533e-05 0.000593877 0.98509 0.0142887
2.29087e+10 5.60612e-05 0.000581841 0.985325 0.0140368
2.31206e+10 3.31902e-05 0.000569264 0.985604 0.013794
2.33346e+10 2.05481e-05 0.000558652 0.985876 0.013545
2.35505e+10 1.17492e-06 0.000546033 0.986139 0.013314
2.37684e+10 5.72189e-07 0.000534835 0.986385 0.0130799
2.39883e+10 5.61381e-05 0.000524035 0.986571 0.0128489
2.42103e+10 2.51354e-06 0.000512656 0.986858 0.0126268
2.44343e+10 6.30161e-07 0.000501679 0.98709 0.0124075
2.46604e+10 3.855e-05 0.0004917 0.987282 0.0121874
2.48886e+10 1.63052e-05 0.000479965 0.987521 0.0119831
2.51189e+10 4.6854e-05 0.000469839 0.987709 0.011774
2.53513e+10 2.39853e-05 0.000459697 0.987946 0.0115699
2.55859e+10 2.1221e-05 0.000451118 0.988167 0.0113609
2.58226e+10 7.9715e-06 0.000440439 0.988382 0.0111697
2.60615e+10 1.31399e-05 0.000430926 0.98858 0.0109761
2.63027e+10 5.07634e-06 0.000422497 0.988792 0.0107801
2.65461e+10 5.69024e-05 0.000412848 0.988934 0.0105965
2.67917e+10 5.61455e-05 0.000404739 0.989132 0.0104076
2.70396e+10 6.27567e-05 0.000395872 0.989314 0.0102278
2.72898e+10 3.21325e-05 0.000386394 0.989525 0.0100561
2.75423e+10 4.73771e-05 0.00037919 0.989699 0.00987426
2.77971e+10 1.79015e-05 0.000370949 0.989908 0.00970309
2.80543e+10 3.72386e-05 0.000362997 0.990066 0.00953424
2.83139e+10 5.5018e-05 0.000354133 0.990216 0.00937521
2.85759e+10 2.84413e-05 0.000347331 0.990417 0.00920686
2.88403e+10 5.64225e-06 0.000339469 0.990606 0.00904916
2.91072e+10 2.24436e-05 0.000332294 0.990754 0.00889091
2.93765e+10 6.22264e-05 0.000324367 0.990872 0.00874128
2.96483e+10 1.36928e-05 0.000317773 0.991082 0.00858656
2.99226e+10 2.26023e-07 0.000310302 0.991248 0.00844117
3.01995e+10 3.64989e-06 0.000303713 0.991399 0.00829363
3.04789e+10 5.64298e-05 0.000297186 0.991497 0.00814924
3.0761e+10 2.12137e-06 0.000289999 0.991695 0.00801239
3.10456e+10 3.44286e-05 0.000283284 0.991806 0.00787597
3.13329e+10 3.17785e-05 0.000276952 0.991951 0.00774028
3.16228e+10 2.95072e-07 0.000271199 0.992125 0.00760398
3.19154e+10 6.19045e-05 0.000265345 0.992201 0.00747167
3.22107e+10 1.65821e-05 0.000259669 0.992383 0.00734112
3.25087e+10 5.73073e-06 0.000253685 0.992525 0.00721574
3.28095e+10 2.89975e-05 0.000248214 0.992633 0.00709002
3.31131e+10 5.7493e-05 0.000241912 0.992728 0.00697282
3.34195e+10 1.63278e-05 0.000237035 0.992898 0.00684892
3.37287e+10 7.76087e-07 0.000231161 0.993033 0.00673458
3.40408e+10 5.10228e-07 0.000225929 0.993155 0.00661879
3.43558e+10 1.95695e-05 0.000221286 0.993257 0.00650182
3.46737e+10 5.44492e-05 0.000215583 0.993335 0.00639475
3.49945e+10 2.94658e-05 0.000211316 0.993479 0.00628052
3.53183e+10 4.4795e-06 0.000206243 0.993615 0.00617439
3.56451e+10 9.32016e-06 0.00020159 0.993721 0.00606802
3.59749e+10 5.13534e-05 0.000197004 0.993788 0.00596379
3.63078e+10 2.02917e-05 0.000191705 0.993921 0.00586681
3.66438e+10 5.69549e-05 0.000187814 0.993992 0.00576273
3.69828e+10 3.56692e-05 0.000183676 0.994118 0.00566264
3.7325e+10 4.16166e-05 0.00017939 0.994213 0.00556597
3.76704e+10 5.99315e-05 0.000174781 0.994291 0.0054739
3.80189e+10 2.38399e-06 0.00017053 0.994446 0.00538149
3.83707e+10 5.65528e-05 0.000166632 0.994488 0.00528905
3.87258e+10 4.22506e-05 0.000163085 0.994598 0.00519623
3.90841e+10 3.8633e-05 0.000159257 0.994695 0.00510755
3.94457e+10 5.75034e-05 0.000155258 0.994765 0.00502225
3.98107e+10 2.12536e-05 0.00015109 0.994888 0.00494015
4.01791e+10 3.87898e-05 0.00014813 0.994961 0.00485161
4.05509e+10 2.17324e-07 0.000144258 0.995084 0.00477149
4.09261e+10 6.59677e-06 0.000140581 0.995161 0.00469205
4.13048e+10 2.09977e-06 0.000137268 0.995249 0.00461192
4.16869e+10 1.28393e-05 0.000134336 0.995322 0.00453098
4.20727e+10 5.46383e-05 0.000130756 0.995358 0.00445666
4.2462e+10 6.6406e-06 0.0001278 0.995486 0.00437951
4.28549e+10 1.11965e-05 0.000124265 0.995556 0.00430848
4.32514e+10 2.53273e-05 0.000121185 0.995618 0.00423594
4.36516e+10 1.46602e-05 0.000118217 0.995703 0.0041643
4.40555e+10 1.66115e-06 0.000115619 0.995791 0.00409164
4.44631e+10 5.24137e-05 0.000112797 0.995812 0.00402243
4.48745e+10 3.36839e-07 0.000109838 0.995934 0.00395573
4.52898e+10 3.13001e-05 0.00010688 0.995971 0.00389081
4.57088e+10 4.55755e-05 0.000104327 0.996026 0.00382444
4.61318e+10 4.26138e-05 0.00010166 0.996095 0.00376048
4.65586e+10 1.57942e-05 9.9014e-05 0.996187 0.00369789
4.69894e+10 1.11608e-05 9.69189e-05 0.996259 0.00363266
4.74242e+10 4.24005e-05 9.40853e-05 0.996289 0.00357462
4.7863e+10 3.02564e-05 9.2076e-05 0.996366 0.00351168
4.83059e+10 3.28946e-06 8.95762e-05 0.996453 0.00345393
4.87528e+10 7.24017e-07 8.72042e-05 0.996515 0.00339666
4.9204e+10 6.86756e-06 8.50706e-05 0.996569 0.00333896
4.96592e+10 4.03669e-05 8.29141e-05 0.996594 0.00328286
5.01187e+10 2.8226e-05 8.03501e-05 0.99666 0.00323124
5.05825e+10 2.60593e-05 7.86666e-05 0.996721 0.00317403
5.10505e+10 3.92492e-06 7.62558e-05 0.996796 0.00312386
5.15229e+10 2.863e-05 7.41632e-05 0.996825 0.00307253
5.19996e+10 3.50592e-05 7.22237e-05 0.996871 0.00302122
5.24807e+10 2.28207e-05 7.02658e-05 0.996936 0.00297127
5.29663e+10 6.85255e-07 6.85308e-05 0.99701 0.00292072
5.34564e+10 3.77589e-05 6.69017e-05 0.997025 0.0028706
5.39511e+10 1.496e-05 6.47254e-05 0.997094 0.00282603
5.44503e+10 4.92035e-05 6.32288e-05 0.99711 0.00277715
5.49541e+10 1.60662e-05 6.15801e-05 0.997192 0.00273054
5.54626e+10 2.99048e-06 5.97906e-05 0.997251 0.00268625
5.59758e+10 4.32087e-06 5.81602e-05 0.997296 0.00264177
5.64937e+10 2.29077e-05 5.66414e-05 0.997323 0.00259746
5.70164e+10 4.93801e-05 5.48937e-05 0.99734 0.00255617
5.7544e+10 4.33905e-06 5.32469e-05 0.997427 0.00251497
5.80764e+10 5.02975e-05 5.19403e-05 0.997426 0.00247205
5.86138e+10 2.79559e-06 5.04356e-05 0.997515 0.00243167
5.91562e+10 1.37679e-05 4.87637e-05 0.997544 0.00239386
5.97035e+10 3.16616e-05 4.7353e-05 0.997566 0.00235478
6.0256e+10 2.95527e-05 4.59859e-05 0.997608 0.00231625
6.08135e+10 9.63691e-06 4.46794e-05 0.997668 0.0022781
6.13762e+10 6.12337e-06 4.36079e-05 0.997711 0.00223882
6.19441e+10 5.30608e-05 4.22778e-05 0.997702 0.00220284
6.25173e+10 1.48278e-06 4.09291e-05 0.99779 0.00216778
6.30957e+10 5.58335e-05 3.97326e-05 0.997772 0.00213241
6.36796e+10 2.91944e-05 3.87505e-05 0.997836 0.00209581
6.42688e+10 2.61792e-06 3.7467e-05 0.997897 0.00206283
6.48634e+10 2.32175e-08 3.62539e-05 0.997934 0.0020301
6.54636e+10 8.23425e-07 3.5191e-05 0.997967 0.00199682
6.60693e+10 1.83284e-05 3.42321e-05 0.997984 0.00196339
6.66807e+10 5.55742e-05 3.30893e-05 0.997979 0.00193254
6.72977e+10 1.47739e-05 3.18685e-05 0.99805 0.00190312
6.79204e+10 4.02318e-05 3.11612e-05 0.998059 0.00186965
6.85488e+10 7.2642e-06 2.99163e-05 0.998121 0.00184204
6.91831e+10 5.92321e-05 2.90082e-05 0.9981 0.00181207
6.98232e+10 5.26374e-05 2.82693e-05 0.998138 0.00178107
7.04693e+10 3.2441e-05 2.73853e-05 0.998188 0.00175219
7.11214e+10 3.05995e-05 2.64915e-05 0.998219 0.00172415
7.17794e+10 4.79175e-05 2.56055e-05 0.99823 0.00169679
7.24436e+10 6.12167e-05 2.46054e-05 0.998243 0.00167128
7.31139e+10 1.58806e-05 2.36741e-05 0.998315 0.00164568
7.37904e+10 2.69503e-05 2.31491e-05 0.998333 0.00161664
7.44732e+10 3.69789e-05 2.20922e-05 0.998347 0.00159381
7.51623e+10 4.43574e-05 2.16097e-05 0.998368 0.00156559
7.58578e+10 6.29706e-07 2.07135e-05 0.998436 0.00154229
7.65597e+10 3.00856e-05 1.98608e-05 0.998431 0.00151933
7.72681e+10 5.68096e-05 1.91984e-05 0.998429 0.00149494
7.7983e+10 6.27879e-05 1.85401e-05 0.998448 0.00147107
7.87046e+10 5.45522e-05 1.78364e-05 0.998479 0.00144829
7.94328e+10 2.47191e-05 1.71586e-05 0.998532 0.00142578
8.01678e+10 1.23319e-06 1.66756e-05 0.99858 0.00140165
8.09096e+10 5.36336e-05 1.61496e-05 0.998552 0.00137871
8.16582e+10 2.69474e-05 1.53264e-05 0.998598 0.00135964
8.24138e+10 3.97073e-05 1.49882e-05 0.99861 0.00133554
8.31764e+10 9.53479e-06 1.42155e-05 0.998659 0.00131703
8.3946e+10 6.4141e-05 1.37217e-05 0.998626 0.00129593
8.47227e+10 4.86599e-05 1.3331e-05 0.998664 0.00127395
8.55067e+10 1.78318e-05 1.27959e-05 0.998715 0.00125421
8.62979e+10 6.7623e-06 1.22484e-05 0.998746 0.0012352
8.70964e+10 8.25754e-06 1.17599e-05 0.998764 0.001216
8.79023e+10 2.47242e-05 1.13196e-05 0.998767 0.00119671
8.87156e+10 5.92888e-05 1.08321e-05 0.998751 0.00117856
8.95365e+10 5.69102e-05 1.02241e-05 0.99877 0.00116244
9.03649e+10 1.28621e-06 9.83077e-06 0.998845 0.00114387
9.12011e+10 5.74881e-05 9.49989e-06 0.998808 0.00112515
9.2045e+10 7.84065e-06 8.95706e-06 0.998874 0.00110958
9.28966e+10 6.20109e-05 8.64809e-06 0.998838 0.00109147
9.37562e+10 9.59919e-06 8.29292e-06 0.998908 0.00107422
9.46237e+10 1.21875e-05 7.79154e-06 0.99892 0.00105964
9.54993e+10 4.81616e-05 7.43151e-06 0.998901 0.00104357
9.63829e+10 6.3112e-05 7.13173e-06 0.998903 0.00102699
9.72747e+10 6.52199e-05 6.8141e-06 0.998917 0.00101108
9.81748e+10 6.55621e-05 6.46898e-06 0.998932 0.000996012
9.90832e+10 5.71356e-05 6.10217e-06 0.998955 0.000981703
1e+11 2.49161e-05 5.76363e-06 0.999002 0.000967339
1.00925e+11 1.24725e-06 5.5468e-06 0.999042 0.000951445
1.01859e+11 5.00606e-05 5.30978e-06 0.999008 0.00093642
1.02802e+11 3.51538e-05 4.90191e-06 0.999035 0.000924527
1.03753e+11 1.87701e-05 4.75204e-06 0.999068 0.000908652
1.04713e+11 3.62415e-05 4.38043e-06 0.999062 0.000897103
1.05682e+11 3.84378e-05 4.23959e-06 0.999075 0.000881825
1.0666e+11 9.63282e-07 3.93027e-06 0.999125 0.000869876
1.07647e+11 3.45767e-05 3.66566e-06 0.999104 0.000857706
1.08643e+11 5.34878e-05 3.49281e-06 0.999099 0.00084414
1.09648e+11 4.50915e-05 3.31218e-06 0.999121 0.000830998
1.10662e+11 3.5162e-05 3.11311e-06 0.999143 0.000818575
1.11686e+11 3.43425e-05 2.91384e-06 0.999156 0.000806551
1.1272e+11 4.34796e-05 2.71703e-06 0.999159 0.000794879
1.13763e+11 5.52983e-05 2.50891e-06 0.999158 0.000783849
1.14815e+11 4.57389e-05 2.28882e-06 0.999179 0.000773437
1.15878e+11 7.44588e-06 2.11964e-06 0.999228 0.000762177
1.1695e+11 1.78385e-05 2.02181e-06 0.99923 0.000749704
1.18032e+11 5.43484e-05 1.82708e-06 0.999204 0.00074002
1.19124e+11 1.2033e-06 1.67774e-06 0.999268 0.000729311
1.20226e+11 5.25324e-05 1.55926e-06 0.999227 0.00071849
1.21339e+11 1.08656e-06 1.4121e-06 0.999289 0.000708457
1.22462e+11 4.39998e-05 1.27476e-06 0.999256 0.00069887
1.23595e+11 2.86306e-05 1.1953e-06 0.999282 0.000687723
1.24738e+11 1.16625e-06 1.05554e-06 0.999319 0.000678713
1.25893e+11 1.79869e-05 9.32338e-07 0.999311 0.000669778
1.27057e+11 3.69722e-05 8.42491e-07 0.999302 0.000660134
1.28233e+11 4.23732e-05 7.61077e-07 0.999306 0.000650483
1.2942e+11 4.21949e-05 6.78991e-07 0.999316 0.000641182
1.30617e+11 4.23948e-05 5.96929e-07 0.999325 0.000632257
1.31826e+11 4.16185e-05 5.15739e-07 0.999334 0.000623699
1.33045e+11 3.22526e-05 4.37606e-07 0.999352 0.000615403
1.34276e+11 1.08413e-05 3.719e-07 0.999382 0.000606893
1.35519e+11 3.02024e-06 3.27675e-07 0.999399 0.000597739
1.36773e+11 3.63981e-05 2.83142e-07 0.999374 0.0005892
1.38038e+11 3.69849e-05 2.16142e-07 0.99938 0.000582309
1.39316e+11 2.15885e-06 1.79918e-07 0.999424 0.000573662
1.40605e+11 4.96415e-05 1.47096e-07 0.999384 0.000565875
1.41906e+11 3.02666e-06 1.03966e-07 0.999438 0.000558665
1.43219e+11 5.05916e-05 8.52876e-08 0.999399 0.000550754
1.44544e+11 2.61045e-06 5.68477e-08 0.999454 0.000543325
1.45881e+11 3.69061e-05 3.74762e-08 0.999426 0.000536884
1.47231e+11 4.05204e-05 2.99339e-08 0.999431 0.000528588
1.48594e+11 4.10566e-06 1.5538e-08 0.999474 0.00052182
1.49968e+11 9.9557e-06 1.08162e-08 0.999474 0.00051576
1.51356e+11 3.38923e-05 1.44933e-08 0.999457 0.000509026
1.52757e+11 4.50346e-05 2.01429e-08 0.999453 0.000501976
1.5417e+11 4.50649e-05 2.79618e-08 0.99946 0.000495117
1.55597e+11 4.31531e-05 3.99492e-08 0.999468 0.00048856
1.57036e+11 4.32032e-05 5.72224e-08 0.999474 0.000482277
1.58489e+11 4.33014e-05 8.03391e-08 0.99948 0.000476265
1.59956e+11 3.65742e-05 1.08797e-07 0.999493 0.000470469
1.61436e+11 1.76242e-05 1.38598e-07 0.999518 0.000464585
1.6293e+11 1.53083e-06 1.63792e-07 0.99954 0.000458178
1.64437e+11 2.08849e-05 1.92389e-07 0.999527 0.000451738
1.65959e+11 4.685e-05 2.45987e-07 0.999506 0.000446633
1.67494e+11 1.19052e-05 2.9633e-07 0.999546 0.00044147
1.69044e+11 2.13005e-05 3.22141e-07 0.999544 0.000434856
1.70608e+11 4.46531e-05 4.00749e-07 0.999524 0.0004305
1.72187e+11 5.57526e-06 4.33549e-07 0.99957 0.000424407
1.7378e+11 5.37842e-05 5.14743e-07 0.999526 0.000419822
1.75388e+11 9.04466e-06 5.51533e-07 0.999576 0.000413931
1.77011e+11 4.25941e-05 6.56352e-07 0.999547 0.000410028
1.78649e+11 4.31508e-05 6.82045e-07 0.999552 0.000403704
1.80302e+11 2.70217e-06 7.83063e-07 0.999597 0.000399767
1.8197e+11 5.21287e-05 8.82522e-07 0.999552 0.000395444
1.83654e+11 6.03756e-05 9.20257e-07 0.999549 0.000389606
1.85353e+11 1.78334e-05 9.92881e-07 0.999596 0.000384847
1.87068e+11 1.57636e-06 1.11344e-06 0.999616 0.000381152
1.88799e+11 1.94e-05 1.23377e-06 0.999602 0.000377308
1.90546e+11 4.2786e-05 1.33536e-06 0.999583 0.000373015
1.92309e+11 5.69713e-05 1.42813e-06 0.999573 0.000368567
1.94089e+11 6.21781e-05 1.52432e-06 0.999572 0.000364228
1.95884e+11 6.14699e-05 1.62982e-06 0.999577 0.000360098
1.97697e+11 5.47883e-05 1.74485e-06 0.999587 0.000356164
1.99526e+11 3.93974e-05 1.86309e-06 0.999606 0.000352307
2.01372e+11 1.63337e-05 1.96945e-06 0.999633 0.000348273
2.03236e+11 1.05035e-06 2.04995e-06 0.999653 0.000343838
2.05116e+11 1.88845e-05 2.1261e-06 0.99964 0.000339345
2.07014e+11 5.89709e-05 2.26428e-06 0.999603 0.00033582
2.0893e+11 5.16117e-05 2.45797e-06 0.999613 0.000333179
2.10863e+11 4.05018e-06 2.56105e-06 0.999664 0.000329273
2.12814e+11 3.79523e-05 2.62899e-06 0.999635 0.000324823
2.14783e+11 5.50617e-05 2.85269e-06 0.99962 0.000322539
2.1677e+11 3.68218e-06 2.94133e-06 0.999675 0.000318554
2.18776e+11 6.53805e-05 3.08019e-06 0.999616 0.000315121
2.208e+11 8.23847e-06 3.26594e-06 0.999676 0.000312423
2.22844e+11 6.39425e-05 3.35658e-06 0.999624 0.00030847
2.24905e+11 7.16797e-06 3.56283e-06 0.999683 0.000306029
2.26986e+11 7.27656e-05 3.69181e-06 0.999621 0.000302585
2.29087e+11 8.42832e-06 3.82103e-06 0.999688 0.000299313
2.31206e+11 5.35745e-05 4.08394e-06 0.999645 0.000297396
2.33346e+11 6.25442e-05 4.12097e-06 0.99964 0.000293138
2.35505e+11 5.16757e-06 4.34153e-06 0.9997 0.000290889
2.37684e+11 5.02137e-05 4.60983e-06 0.999656 0.000289015
2.39883e+11 8.60095e-05 4.68908e-06 0.999624 0.000285302
2.42103e+11 4.28483e-05 4.79709e-06 0.99967 0.000281995
2.44343e+11 6.12449e-06 5.05443e-06 0.999709 0.000280111
2.46604e+11 2.25408e-05 5.34149e-06 0.999694 0.000278439
2.48886e+11 6.20109e-05 5.55953e-06 0.999656 0.000276121
2.51189e+11 8.99929e-05 5.71875e-06 0.999631 0.000273317
2.53513e+11 9.90928e-05 5.86653e-06 0.999625 0.000270466
2.55859e+11 9.74966e-05 6.03187e-06 0.999629 0.000267807
2.58226e+11 9.42635e-05 6.22143e-06 0.999634 0.000265376
2.60615e+11 9.42622e-05 6.43361e-06 0.999636 0.000263147
2.63027e+11 9.82188e-05 6.66879e-06 0.999634 0.000261111
2.65461e+11 0.000102883 6.93128e-06 0.999631 0.000259293
2.67917e+11 0.000100505 7.22186e-06 0.999635 0.000257692
2.70396e+11 8.11362e-05 7.52114e-06 0.999655 0.000256164
2.72898e+11 4.33742e-05 7.77745e-06 0.999695 0.000254337
2.75423e+11 1.0398e-05 7.9394e-06 0.99973 0.000251855
2.77971e+11 2.27331e-05 8.05341e-06 0.99972 0.000249051
2.80543e+11 7.8556e-05 8.29657e-06 0.999666 0.00024714
2.83139e+11 9.37452e-05 8.72738e-06 0.999651 0.000246511
2.85759e+11 3.03076e-05 9.04399e-06 0.999715 0.000245158
2.88403e+11 2.11664e-05 9.11629e-06 0.999728 0.000242215
2.91072e+11 9.00925e-05 9.43495e-06 0.99966 0.000240828
2.93765e+11 4.54038e-05 9.89351e-06 0.999704 0.000240366
2.96483e+11 2.30804e-05 9.96699e-06 0.999729 0.000237537
2.99226e+11 8.76128e-05 1.03726e-05 0.999665 0.000236688
3.01995e+11 1.41684e-05 1.07096e-05 0.99974 0.000235499
3.04789e+11 7.18761e-05 1.08831e-05 0.999684 0.000233305
3.0761e+11 3.02949e-05 1.13903e-05 0.999725 0.000233078
3.10456e+11 5.87834e-05 1.15063e-05 0.999699 0.000230619
3.13329e+11 3.11853e-05 1.2047e-05 0.999726 0.000230547
3.16228e+11 6.39518e-05 1.21953e-05 0.999696 0.000228312
3.19154e+11 1.74602e-05 1.26949e-05 0.999742 0.000228004
3.22107e+11 7.48968e-05 1.2981e-05 0.999686 0.000226521
3.25087e+11 1.63888e-05 1.32994e-05 0.999745 0.000225271
3.28095e+11 5.07625e-05 1.38423e-05 0.99971 0.000225117
3.31131e+11 6.16287e-05 1.40284e-05 0.999701 0.000223189
3.34195e+11 1.14911e-05 1.44983e-05 0.999751 0.000222698
3.37287e+11 5.05622e-05 1.50386e-05 0.999712 0.000222495
3.40408e+11 7.1039e-05 1.52794e-05 0.999693 0.000220873
3.43558e+11 2.31301e-05 1.56656e-05 0.999741 0.000219978
3.46737e+11 1.59487e-05 1.62932e-05 0.999748 0.000220171
3.49945e+11 6.13292e-05 1.67915e-05 0.999702 0.000219737
3.53183e+11 7.96473e-05 1.70988e-05 0.999685 0.00021846
3.56451e+11 4.90759e-05 1.74674e-05 0.999716 0.000217486
3.59749e+11 1.38004e-05 1.80296e-05 0.999751 0.000217355
3.63078e+11 9.3609e-06 1.86968e-05 0.999754 0.000217644
3.66438e+11 3.30327e-05 1.93354e-05 0.99973 0.000217779
3.69828e+11 6.40123e-05 1.98953e-05 0.999699 0.000217569
3.7325e+11 8.68099e-05 2.04029e-05 0.999676 0.00021714
3.76704e+11 9.76435e-05 2.09064e-05 0.999665 0.000216696
3.80189e+11 9.99864e-05 2.14398e-05 0.999662 0.000216372
3.83707e+11 9.89921e-05 2.20176e-05 0.999663 0.000216219
3.87258e+11 9.86213e-05 2.26421e-05 0.999663 0.000216236
3.90841e+11 0.000100999 2.33133e-05 0.999659 0.000216419
3.94457e+11 0.000106532 2.40343e-05 0.999653 0.000216771
3.98107e+11 0.000113811 2.48129e-05 0.999644 0.000217316
4.01791e+11 0.00011917 2.56572e-05 0.999637 0.000218077
4.05509e+11 0.000116623 2.65648e-05 0.999638 0.000219038
4.09261e+11 9.98781e-05 2.75068e-05 0.999653 0.000220093
4.13048e+11 6.80384e-05 2.84182e-05 0.999683 0.000221014
4.16869e+11 3.33883e-05 2.92247e-05 0.999716 0.000221548
4.20727e+11 2.22901e-05 2.99237e-05 0.999726 0.000221694
4.2462e+11 5.6227e-05 3.06714e-05 0.999691 0.000221984
4.28549e+11 0.000117134 3.17228e-05 0.999628 0.000223255
4.32514e+11 0.0001416 3.31289e-05 0.9996 0.000225654
4.36516e+11 9.18316e-05 3.45001e-05 0.999646 0.000227904
4.40555e+11 3.83284e-05 3.54284e-05 0.999698 0.000228702
4.44631e+11 8.06268e-05 3.62875e-05 0.999654 0.000229238
4.48745e+11 0.000153068 3.78257e-05 0.999577 0.000231841
4.52898e+11 0.000111309 3.96179e-05 0.999614 0.000235191
4.57088e+11 5.46474e-05 4.07109e-05 0.999668 0.000236379
4.61318e+11 0.000132435 4.19704e-05 0.999588 0.000237993
4.65586e+11 0.000150572 4.41414e-05 0.999563 0.00024225
4.69894e+11 7.26833e-05 4.56861e-05 0.999637 0.000244648
4.74242e+11 0.000143734 4.71391e-05 0.999562 0.00024669
4.7863e+11 0.000152189 4.96563e-05 0.999546 0.000251695
4.83059e+11 9.51613e-05 5.13331e-05 0.999599 0.000254301
4.87528e+11 0.000182107 5.35316e-05 0.999506 0.000258229
4.9204e+11 0.000126506 5.62104e-05 0.999554 0.000263431
4.96592e+11 0.00016219 5.82215e-05 0.999513 0.000266725
5.01187e+11 0.000173963 6.14417e-05 0.999491 0.000273141
5.05825e+11 0.000157488 6.38861e-05 0.999501 0.000277444
5.10505e+11 0.000203566 6.73728e-05 0.999445 0.000284303
5.15229e+11 0.000176313 7.04786e-05 0.999463 0.000290118
5.19996e+11 0.000223884 7.43544e-05 0.999404 0.000297704
5.24807e+11 0.000209454 7.8166e-05 0.999407 0.000305041
5.29663e+11 0.000245719 8.26527e-05 0.999358 0.000313847
5.34564e+11 0.000252473 8.73119e-05 0.999337 0.000322947
5.39511e+11 0.000278593 9.25688e-05 0.999296 0.000333274
5.44503e+11 0.000299245 9.84168e-05 0.999258 0.000344817
5.49541e+11 0.000339953 0.000104632 0.999198 0.000357002
5.54626e+11 0.000343607 0.000111969 0.999173 0.000371518
5.59758e+11 0.000433641 0.000119932 0.999059 0.000387194
5.64937e+11 0.000429727 0.000128531 0.999038 0.000403998
5.70164e+11 0.000502436 0.000139674 0.998932 0.000426061
5.7544e+11 0.000635698 0.000150397 0.998767 0.000446827
5.80764e+11 0.000602939 0.000163966 0.99876 0.000473292
5.86138e+11 0.000799024 0.00018122 0.998513 0.000506943
5.91562e+11 0.00102201 0.000197693 0.998242 0.000538389
5.97035e+11 0.00101896 0.000219769 0.998181 0.000580714
6.0256e+11 0.00135951 0.000249925 0.997752 0.000638282
6.08135e+11 0.0019658 0.000280515 0.997058 0.000695531
6.13762e+11 0.00229422 0.000317546 0.996624 0.00076435
6.19441e+11 0.00286295 0.000374642 0.995892 0.000869928
6.25173e+11 0.00443391 0.00044753 0.994116 0.00100218
6.30957e+11 0.0066859 0.000525905 0.991647 0.00114115
6.36796e+11 0.00914868 0.000621523 0.988922 0.00130828
6.42688e+11 0.0125408 0.000760959 0.985149 0.00154886
6.48634e+11 0.0182316 0.000954273 0.97894 0.00187448
6.54636e+11 0.0268247 0.00118328 0.969746 0.00224637
6.60693e+11 0.0377266 0.00141746 0.958248 0.00260766
6.66807e+11 0.0497391 0.00163171 0.945715 0.00291463
6.72977e+11 0.0615877 0.00180752 0.933468 0.00313707
6.79204e+11 0.0718691 0.00192332 0.922966 0.00324169
6.85488e+11 0.0788235 0.00194951 0.916041 0.00318573
6.91831e+11 0.0805225 0.00185611 0.914689 0.00293205
6.98232e+11 0.0756305 0.00162974 0.920263 0.00247676
7.04693e+11 0.0643837 0.00128985 0.932455 0.00187113
7.11214e+11 0.0491685 0.000893427 0.948717 0.00122142
7.17794e+11 0.0341644 0.000522325 0.964653 0.000660417
7.24436e+11 0.0239149 0.000255995 0.975529 0.000299839
7.31139e+11 0.0212983 0.000141366 0.978374 0.000185944
7.37904e+11 0.0259107 0.000174163 0.973634 0.000281369
7.44732e+11 0.03395 0.000298672 0.965271 0.000479893
7.51623e+11 0.0400275 0.000425222 0.958903 0.000644682
7.58578e+11 0.0401258 0.000466662 0.958743 0.000664099
7.65597e+11 0.0339515 0.000390135 0.965141 0.000517644
7.72681e+11 0.0251045 0.000246398 0.974348 0.000301391
7.7983e+11 0.0188178 0.0001288 0.980901 0.000152579
7.87046e+11 0.0185372 9.55793e-05 0.981232 0.000135194
7.94328e+11 0.0234518 0.000144003 0.976184 0.000220316
8.01678e+11 0.0288998 0.000226378 0.970544 0.000330091
8.09096e+11 0.0298224 0.000264871 0.96955 0.000362299
8.16582e+11 0.0248926 0.000216971 0.974616 0.000274095
8.24138e+11 0.018002 0.000131479 0.981717 0.000149519
8.31764e+11 0.0151159 8.15232e-05 0.984709 9.3143e-05
8.3946e+11 0.0182316 9.42311e-05 0.981543 0.000131577
8.47227e+11 0.0229822 0.000140079 0.976672 0.000205891
8.55067e+11 0.0238345 0.000162788 0.975778 0.000224671
8.62979e+11 0.0204214 0.000150557 0.979245 0.000183325
8.70964e+11 0.016439 0.000116738 0.983316 0.000128029
8.79023e+11 0.0143452 7.63841e-05 0.985491 8.70215e-05
8.87156e+11 0.014973 6.39782e-05 0.984877 8.6283e-05
8.95365e+11 0.0183593 9.64918e-05 0.981411 0.000132767
9.03649e+11 0.0207295 0.000129555 0.978971 0.000170358
9.12011e+11 0.0180384 0.000116829 0.981704 0.000140839
9.2045e+11 0.0137056 8.29698e-05 0.986125 8.69327e-05
9.28966e+11 0.0126399 6.16441e-05 0.987231 6.77176e-05
9.37562e+11 0.0139049 5.61722e-05 0.985965 7.41359e-05
9.46237e+11 0.0162863 7.93235e-05 0.983529 0.000104885
9.54993e+11 0.017689 0.000100802 0.982084 0.000125976
9.63829e+11 0.0149097 8.73636e-05 0.984904 9.93402e-05
9.72747e+11 0.0117709 6.25855e-05 0.988104 6.28603e-05
9.81748e+11 0.0114836 4.83585e-05 0.988414 5.41858e-05
9.90832e+11 0.0128608 5.02984e-05 0.987025 6.38762e-05
1e+12 0.0152895 7.27119e-05 0.984546 9.21908e-05
1.00925e+12 0.0148615 7.76909e-05 0.984968 9.23936e-05
1.01859e+12 0.0121069 6.46135e-05 0.987761 6.69802e-05
1.02802e+12 0.0104417 4.85164e-05 0.989461 4.9104e-05
1.03753e+12 0.0105016 3.86498e-05 0.989417 4.30346e-05
1.04713e+12 0.0127211 5.05206e-05 0.987165 6.32803e-05
1.05682e+12 0.013467 6.04594e-05 0.986399 7.32966e-05
1.0666e+12 0.0123875 6.16781e-05 0.987484 6.68311e-05
1.07647e+12 0.0103384 4.9896e-05 0.989562 5.01319e-05
1.08643e+12 0.00925358 3.63208e-05 0.990674 3.60384e-05
1.09648e+12 0.0102541 3.52965e-05 0.98967 4.06488e-05
1.10662e+12 0.0117364 4.62549e-05 0.988162 5.55093e-05
1.11686e+12 0.0120694 5.29045e-05 0.987818 6.00797e-05
1.1272e+12 0.0103508 4.74533e-05 0.989553 4.83125e-05
1.13763e+12 0.0087805 3.78608e-05 0.991145 3.6161e-05
1.14815e+12 0.0087131 3.01182e-05 0.991226 3.06773e-05
1.15878e+12 0.00988139 3.30233e-05 0.990048 3.78233e-05
1.1695e+12 0.0108338 4.19044e-05 0.989076 4.82418e-05
1.18032e+12 0.0104013 4.43468e-05 0.989507 4.70676e-05
1.19124e+12 0.00883171 3.67333e-05 0.991096 3.52102e-05
1.20226e+12 0.00779358 2.96828e-05 0.992149 2.75885e-05
1.21339e+12 0.00831894 2.67809e-05 0.991626 2.82342e-05
1.22462e+12 0.00937612 3.08306e-05 0.990559 3.43144e-05
1.23595e+12 0.00976176 3.61314e-05 0.990163 3.93135e-05
1.24738e+12 0.00906274 3.73753e-05 0.990862 3.78816e-05
1.25893e+12 0.00751096 2.88771e-05 0.992434 2.61739e-05
1.27057e+12 0.00737378 2.4413e-05 0.992579 2.27047e-05
1.28233e+12 0.00772929 2.33861e-05 0.992223 2.41352e-05
1.2942e+12 0.00884376 2.91081e-05 0.991095 3.21583e-05
1.30617e+12 0.00872386 3.18427e-05 0.991212 3.27144e-05
1.31826e+12 0.00777336 2.84504e-05 0.992171 2.6912e-05
1.33045e+12 0.00695079 2.54661e-05 0.993001 2.28003e-05
1.34276e+12 0.00653959 1.99861e-05 0.993422 1.8544e-05
1.35519e+12 0.00759353 2.23545e-05 0.992361 2.33005e-05
1.36773e+12 0.00790705 2.47227e-05 0.992043 2.53455e-05
1.38038e+12 0.00782822 2.63152e-05 0.992119 2.63345e-05
1.39316e+12 0.00708101 2.62553e-05 0.992868 2.43482e-05
1.40605e+12 0.00596281 1.95869e-05 0.994001 1.66933e-05
1.41906e+12 0.00649738 1.84501e-05 0.993467 1.73624e-05
1.43219e+12 0.00676287 1.90592e-05 0.9932 1.84614e-05
1.44544e+12 0.00723994 2.12184e-05 0.992717 2.16338e-05
1.45881e+12 0.0072793 2.4444e-05 0.992672 2.40697e-05
1.47231e+12 0.00604816 2.10159e-05 0.993913 1.81748e-05
1.48594e+12 0.00576812 1.68386e-05 0.994201 1.45307e-05
1.49968e+12 0.00593988 1.67329e-05 0.994028 1.48945e-05
1.51356e+12 0.00605165 1.59873e-05 0.993917 1.50572e-05
1.52757e+12 0.00678175 1.90725e-05 0.99318 1.93674e-05
1.5417e+12 0.00656111 2.12623e-05 0.993398 2.01226e-05
1.55597e+12 0.00547575 1.74068e-05 0.994492 1.4567e-05
1.57036e+12 0.00546883 1.52185e-05 0.994503 1.30428e-05
1.58489e+12 0.00539989 1.4899e-05 0.994572 1.27246e-05
1.59956e+12 0.00543873 1.36845e-05 0.994535 1.23753e-05
1.61436e+12 0.00618534 1.62305e-05 0.993782 1.6138e-05
1.6293e+12 0.00609246 1.85046e-05 0.993872 1.732e-05
1.64437e+12 0.00508474 1.56144e-05 0.994887 1.28623e-05
1.65959e+12 0.00497941 1.31999e-05 0.994996 1.09794e-05
1.67494e+12 0.00510272 1.34884e-05 0.994872 1.14404e-05
1.69044e+12 0.00487965 1.22188e-05 0.995098 1.0292e-05
1.70608e+12 0.00536811 1.28219e-05 0.994607 1.20647e-05
1.72187e+12 0.00576665 1.55996e-05 0.994203 1.48602e-05
1.7378e+12 0.00503695 1.5265e-05 0.994935 1.29692e-05
1.75388e+12 0.00432997 1.18095e-05 0.995649 9.14906e-06
1.77011e+12 0.00466828 1.11811e-05 0.995311 9.4123e-06
1.78649e+12 0.0047596 1.1769e-05 0.995219 9.94087e-06
1.80302e+12 0.00458794 1.09297e-05 0.995392 9.13606e-06
1.8197e+12 0.00492647 1.14104e-05 0.995052 1.03283e-05
1.83654e+12 0.00515944 1.33824e-05 0.994815 1.22016e-05
1.85353e+12 0.0044578 1.2957e-05 0.995519 1.0569e-05
1.87068e+12 0.00378415 9.88171e-06 0.996199 7.30216e-06
1.88799e+12 0.00418422 9.09414e-06 0.995799 7.5695e-06
1.90546e+12 0.00461417 1.04764e-05 0.995366 9.20459e-06
1.92309e+12 0.00440501 1.05772e-05 0.995576 8.81287e-06
1.94089e+12 0.00422515 9.77106e-06 0.995757 7.99188e-06
1.95884e+12 0.00442469 1.01752e-05 0.995556 8.71618e-06
1.97697e+12 0.00431307 1.09737e-05 0.995667 9.11893e-06
1.99526e+12 0.00363474 9.59372e-06 0.996349 7.1184e-06
2.01372e+12 0.00345299 7.60349e-06 0.996534 5.63365e-06
2.03236e+12 0.00406059 8.04967e-06 0.995924 7.04364e-06
2.05116e+12 0.0044496 9.8096e-06 0.995532 8.82371e-06
2.07014e+12 0.00408345 1.00725e-05 0.995898 8.3078e-06
2.0893e+12 0.00355229 8.58136e-06 0.996433 6.42195e-06
2.10863e+12 0.00357321 7.65279e-06 0.996413 5.86113e-06
2.12814e+12 0.00379941 8.14032e-06 0.996186 6.55702e-06
2.14783e+12 0.00360041 8.17544e-06 0.996385 6.29308e-06
2.1677e+12 0.00331309 7.168e-06 0.996674 5.26074e-06
2.18776e+12 0.00348803 6.74452e-06 0.9965 5.35752e-06
2.208e+12 0.00391041 7.72747e-06 0.996075 6.72617e-06
2.22844e+12 0.00392026 8.84823e-06 0.996063 7.50964e-06
2.24905e+12 0.00333495 8.35674e-06 0.99665 6.33694e-06
2.26986e+12 0.00283042 6.58922e-06 0.997159 4.47545e-06
2.29087e+12 0.00299976 5.65962e-06 0.99699 4.1472e-06
2.31206e+12 0.00349259 6.34185e-06 0.996496 5.30349e-06
2.33346e+12 0.00363849 7.31004e-06 0.996348 6.12226e-06
2.35505e+12 0.00332584 7.26719e-06 0.996661 5.63818e-06
2.37684e+12 0.002983 6.36821e-06 0.997006 4.58073e-06
2.39883e+12 0.00299684 5.76963e-06 0.996993 4.23062e-06
2.42103e+12 0.00321793 6.06766e-06 0.996771 4.74676e-06
2.44343e+12 0.00319484 6.48304e-06 0.996794 5.01182e-06
2.46604e+12 0.0028721 6.10366e-06 0.997117 4.3776e-06
2.48886e+12 0.00265271 5.23425e-06 0.997338 3.57754e-06
2.51189e+12 0.00281127 4.86631e-06 0.99718 3.59687e-06
2.53513e+12 0.00317186 5.41468e-06 0.996818 4.45913e-06
2.55859e+12 0.00331534 6.29515e-06 0.996673 5.24647e-06
2.58226e+12 0.00301238 6.5005e-06 0.996976 5.03049e-06
2.60615e+12 0.00250293 5.66436e-06 0.997488 3.88801e-06
2.63027e+12 0.00226562 4.51927e-06 0.997727 2.88077e-06
2.65461e+12 0.00248601 4.07893e-06 0.997507 2.87721e-06
2.67917e+12 0.00289063 4.56926e-06 0.997101 3.68708e-06
2.70396e+12 0.00307938 5.35585e-06 0.996911 4.42776e-06
2.72898e+12 0.00289231 5.65617e-06 0.997098 4.41408e-06
2.75423e+12 0.00250283 5.19595e-06 0.997488 3.67752e-06
2.77971e+12 0.00224357 4.38038e-06 0.997749 2.86208e-06
2.80543e+12 0.00229972 3.88809e-06 0.997694 2.61091e-06
2.83139e+12 0.00254299 4.01422e-06 0.99745 2.96795e-06
2.85759e+12 0.00269132 4.44217e-06 0.997301 3.41943e-06
2.88403e+12 0.00259933 4.64939e-06 0.997393 3.47281e-06
2.91072e+12 0.00235954 4.41129e-06 0.997633 3.08344e-06
2.93765e+12 0.00217699 3.92023e-06 0.997816 2.59216e-06
2.96483e+12 0.00219069 3.56284e-06 0.997803 2.39237e-06
2.99226e+12 0.00236876 3.60091e-06 0.997625 2.61802e-06
3.01995e+12 0.00253226 3.95662e-06 0.997461 3.03539e-06
3.04789e+12 0.00250539 4.26997e-06 0.997487 3.23613e-06
3.0761e+12 0.00227309 4.21192e-06 0.99772 2.99438e-06
3.10456e+12 0.0019925 3.76485e-06 0.998001 2.4533e-06
3.13329e+12 0.00185552 3.21298e-06 0.998139 1.98163e-06
3.16228e+12 0.00194377 2.90129e-06 0.998051 1.8795e-06
3.19154e+12 0.00218487 2.99872e-06 0.99781 2.1869e-06
3.22107e+12 0.0024084 3.40837e-06 0.997586 2.6813e-06
3.25087e+12 0.00245259 3.83641e-06 0.997541 3.02307e-06
3.28095e+12 0.0022672 3.9757e-06 0.997726 2.96811e-06
3.31131e+12 0.00194944 3.70431e-06 0.998044 2.52558e-06
3.34195e+12 0.00167933 3.16063e-06 0.998316 1.94551e-06
3.37287e+12 0.00160024 2.63893e-06 0.998396 1.54461e-06
3.40408e+12 0.00173524 2.3963e-06 0.998261 1.50997e-06
3.43558e+12 0.00198841 2.5143e-06 0.998007 1.81271e-06
3.46737e+12 0.00220964 2.88084e-06 0.997785 2.25296e-06
3.49945e+12 0.00227426 3.26795e-06 0.99772 2.57781e-06
3.53183e+12 0.00214234 3.45159e-06 0.997852 2.60796e-06
3.56451e+12 0.00187568 3.3224e-06 0.998119 2.32233e-06
3.59749e+12 0.00160285 2.93594e-06 0.998392 1.86071e-06
3.63078e+12 0.0014486 2.47315e-06 0.998547 1.44057e-06
3.66438e+12 0.00146947 2.13591e-06 0.998527 1.23866e-06
3.69828e+12 0.00163333 2.04521e-06 0.998363 1.30976e-06
3.7325e+12 0.00184635 2.19714e-06 0.99815 1.58003e-06
3.76704e+12 0.00200289 2.48413e-06 0.997993 1.89921e-06
3.80189e+12 0.00203047 2.75379e-06 0.997965 2.11281e-06
3.83707e+12 0.00191554 2.87455e-06 0.998079 2.12379e-06
3.87258e+12 0.00170502 2.78652e-06 0.99829 1.92642e-06
3.90841e+12 0.00148383 2.52137e-06 0.998512 1.60237e-06
3.94457e+12 0.00133655 2.18264e-06 0.99866 1.27998e-06
3.98107e+12 0.00131094 1.89527e-06 0.998686 1.07539e-06
4.01791e+12 0.00140123 1.75089e-06 0.998596 1.04552e-06
4.05509e+12 0.00155709 1.77567e-06 0.99844 1.17372e-06
4.09261e+12 0.00170913 1.93064e-06 0.998288 1.38772e-06
4.13048e+12 0.00179637 2.1358e-06 0.9982 1.59393e-06
4.16869e+12 0.00178548 2.30251e-06 0.998211 1.71135e-06
4.20727e+12 0.00167879 2.36289e-06 0.998317 1.69597e-06
4.2462e+12 0.00151114 2.28991e-06 0.998485 1.55176e-06
4.28549e+12 0.00133671 2.10375e-06 0.99866 1.32626e-06
4.32514e+12 0.00120943 1.86198e-06 0.998788 1.09151e-06
4.36516e+12 0.00116392 1.63672e-06 0.998834 9.17144e-07
4.40555e+12 0.00120495 1.48824e-06 0.998793 8.46505e-07
4.44631e+12 0.00130903 1.44624e-06 0.998689 8.8553e-07
4.48745e+12 0.00143558 1.50484e-06 0.998562 1.00642e-06
4.52898e+12 0.00154153 1.62998e-06 0.998456 1.1612e-06
4.57088e+12 0.00159345 1.77301e-06 0.998403 1.2979e-06
4.61318e+12 0.00157504 1.88511e-06 0.998422 1.3743e-06
4.65586e+12 0.00148965 1.92936e-06 0.998507 1.36722e-06
4.69894e+12 0.00135842 1.88907e-06 0.998638 1.27703e-06
4.74242e+12 0.00121414 1.77118e-06 0.998783 1.12628e-06
4.7863e+12 0.00109196 1.6032e-06 0.998905 9.52633e-07
4.83059e+12 0.00101944 1.42444e-06 0.998978 7.97468e-07
4.87528e+12 0.0010093 1.27406e-06 0.998989 6.94086e-07
4.9204e+12 0.00105726 1.18053e-06 0.998941 6.59596e-07
4.96592e+12 0.00114523 1.15562e-06 0.998853 6.92704e-07
5.01187e+12 0.00124751 1.19415e-06 0.998751 7.7685e-07
5.05825e+12 0.00133761 1.2778e-06 0.99866 8.86304e-07
5.10505e+12 0.00139376 1.38074e-06 0.998604 9.927e-07
5.15229e+12 0.00140248 1.47543e-06 0.998595 1.07065e-06
5.19996e+12 0.00136046 1.53779e-06 0.998637 1.10206e-06
5.24807e+12 0.00127478 1.55145e-06 0.998723 1.07908e-06
5.29663e+12 0.00116136 1.51075e-06 0.998836 1.00528e-06
5.34564e+12 0.00104148 1.42153e-06 0.998956 8.94609e-07
5.39511e+12 0.000937059 1.29945e-06 0.999061 7.6788e-07
5.44503e+12 0.000865776 1.1659e-06 0.999132 6.47863e-07
5.49541e+12 0.000837579 1.04295e-06 0.999161 5.54187e-07
5.54626e+12 0.000853376 9.4863e-07 0.999145 4.99667e-07
5.59758e+12 0.000905973 8.94039e-07 0.999093 4.88765e-07
5.64937e+12 0.00098249 8.82363e-07 0.999016 5.18083e-07
5.70164e+12 0.00106727 9.09605e-07 0.998931 5.78162e-07
5.7544e+12 0.00114456 9.66217e-07 0.998854 6.55756e-07
5.80764e+12 0.00120064 1.03905e-06 0.998798 7.36065e-07
5.86138e+12 0.00122552 1.11339e-06 0.998773 8.04793e-07
5.91562e+12 0.00121419 1.17499e-06 0.998784 8.50018e-07
5.97035e+12 0.00116725 1.2121e-06 0.998831 8.63834e-07
6.0256e+12 0.00109086 1.21722e-06 0.998907 8.43477e-07
6.08135e+12 0.000995684 1.18817e-06 0.999002 7.9164e-07
6.13762e+12 0.000894961 1.12828e-06 0.999103 7.15794e-07
6.19441e+12 0.000802162 1.04543e-06 0.999196 6.26618e-07
6.25173e+12 0.000728744 9.50337e-07 0.99927 5.35955e-07
6.30957e+12 0.000682526 8.54576e-07 0.999316 4.548e-07
6.36796e+12 0.000666961 7.6869e-07 0.999332 3.91779e-07
6.42688e+12 0.000681238 7.00902e-07 0.999318 3.52313e-07
6.48634e+12 0.000720991 6.56435e-07 0.999278 3.3844e-07
6.54636e+12 0.000779265 6.37368e-07 0.99922 3.49101e-07
6.60693e+12 0.000847525 6.42845e-07 0.999151 3.8066e-07
6.66807e+12 0.000916616 6.69462e-07 0.999082 4.27524e-07
6.72977e+12 0.000977648 7.11771e-07 0.999021 4.82804e-07
6.79204e+12 0.00102287 7.62898e-07 0.998976 5.39031e-07
6.85488e+12 0.00104649 8.15297e-07 0.998952 5.88951e-07
6.91831e+12 0.00104531 8.61604e-07 0.998953 6.26328e-07
6.98232e+12 0.00101909 8.9551e-07 0.998979 6.46654e-07
7.04693e+12 0.000970521 9.12492e-07 0.999028 6.47636e-07
7.11214e+12 0.000904734 9.10279e-07 0.999094 6.2935e-07
7.17794e+12 0.000828502 8.8895e-07 0.99917 5.94034e-07
7.24436e+12 0.000749262 8.50683e-07 0.999249 5.45593e-07
7.31139e+12 0.000674155 7.99241e-07 0.999325 4.88928e-07
7.37904e+12 0.000609271 7.39318e-07 0.99939 4.29244e-07
7.44732e+12 0.000559159 6.75908e-07 0.99944 3.71452e-07
7.51623e+12 0.00052663 6.13769e-07 0.999472 3.19755e-07
7.58578e+12 0.000512776 5.57054e-07 0.999486 2.77393e-07
7.65597e+12 0.000517126 5.09077e-07 0.999482 2.46554e-07
7.72681e+12 0.000537871 4.72207e-07 0.999461 2.28362e-07
7.7983e+12 0.000572106 4.47814e-07 0.999427 2.22932e-07
7.87046e+12 0.000616083 4.36273e-07 0.999383 2.29449e-07
7.94328e+12 0.000665495 4.36997e-07 0.999334 2.46274e-07
8.01678e+12 0.000715791 4.48519e-07 0.999283 2.71092e-07
8.09096e+12 0.000762533 4.68629e-07 0.999237 3.01113e-07
8.16582e+12 0.000801756 4.94589e-07 0.999197 3.33309e-07
8.24138e+12 0.000830297 5.23383e-07 0.999169 3.6469e-07
8.31764e+12 0.000846041 5.52008e-07 0.999153 3.92561e-07
8.3946e+12 0.00084804 5.77738e-07 0.999151 4.14743e-07
8.47227e+12 0.0008365 5.98349e-07 0.999162 4.29717e-07
8.55067e+12 0.000812639 6.12253e-07 0.999186 4.36683e-07
8.62979e+12 0.000778452 6.18552e-07 0.99922 4.35525e-07
8.70964e+12 0.000736428 6.17001e-07 0.999263 4.26716e-07
8.79023e+12 0.000689278 6.07913e-07 0.99931 4.11173e-07
8.87156e+12 0.0006397 5.92033e-07 0.999359 3.90104e-07
8.95365e+12 0.000590199 5.70395e-07 0.999409 3.64869e-07
9.03649e+12 0.000542988 5.44206e-07 0.999456 3.36864e-07
9.12011e+12 0.000499928 5.14745e-07 0.999499 3.07446e-07
9.2045e+12 0.000462518 4.83299e-07 0.999537 2.7788e-07
9.28966e+12 0.000431893 4.51111e-07 0.999567 2.49308e-07
9.37562e+12 0.000408829 4.1935e-07 0.999591 2.22735e-07
9.46237e+12 0.000393745 3.89086e-07 0.999606 1.99007e-07
9.54993e+12 0.000386705 3.61255e-07 0.999613 1.788e-07
9.63829e+12 0.000387416 3.36638e-07 0.999612 1.62598e-07
9.72747e+12 0.000395252 3.15827e-07 0.999604 1.5068e-07
9.81748e+12 0.000409286 2.99206e-07 0.99959 1.43114e-07
9.90832e+12 0.00042835 2.86938e-07 0.999571 1.39762e-07
1e+13 0.000451111 2.78973e-07 0.999548 1.403e-07
1.00925e+13 0.000476163 2.75062e-07 0.999523 1.44251e-07
1.01859e+13 0.000502111 2.74796e-07 0.999497 1.5103e-07
1.02802e+13 0.000527656 2.77646e-07 0.999472 1.59988e-07
1.03753e+13 0.000551656 2.83016e-07 0.999448 1.70463e-07
1.04713e+13 0.000573163 2.9028e-07 0.999426 1.81818e-07
1.05682e+13 0.000591443 2.98829e-07 0.999408 1.9347e-07
1.0666e+13 0.000605966 3.08096e-07 0.999394 2.04911e-07
1.07647e+13 0.000616387 3.17572e-07 0.999383 2.15712e-07
1.08643e+13 0.000622516 3.26812e-07 0.999377 2.25523e-07
1.09648e+13 0.000624284 3.35438e-07 0.999375 2.34064e-07
1.10662e+13 0.000621723 3.43126e-07 0.999378 2.41114e-07
1.11686e+13 0.000614942 3.49604e-07 0.999384 2.46503e-07
1.1272e+13 0.000604119 3.54642e-07 0.999395 2.50101e-07
1.13763e+13 0.000589498 3.58048e-07 0.99941 2.51818e-07
1.14815e+13 0.000571393 3.59671e-07 0.999428 2.51602e-07
1.15878e+13 0.000550191 3.59398e-07 0.999449 2.4944e-07
1.1695e+13 0.000526354 3.57164e-07 0.999473 2.45365e-07
1.18032e+13 0.000500414 3.52954e-07 0.999499 2.39458e-07
1.19124e+13 0.000472963 3.46809e-07 0.999526 2.31848e-07
1.20226e+13 0.00044464 3.38825e-07 0.999555 2.22711e-07
1.21339e+13 0.000416105 3.29153e-07 0.999583 2.12268e-07
1.22462e+13 0.000388017 3.17994e-07 0.999611 2.00771e-07
1.23595e+13 0.000361004 3.05588e-07 0.999639 1.88498e-07
1.24738e+13 0.000335644 2.92205e-07 0.999664 1.75739e-07
1.25893e+13 0.000312437 2.78133e-07 0.999687 1.62785e-07
1.27057e+13 0.000291797 2.63663e-07 0.999708 1.49912e-07
1.28233e+13 0.000274039 2.49078e-07 0.999726 1.37377e-07
1.2942e+13 0.000259376 2.34645e-07 0.99974 1.25408e-07
1.30617e+13 0.000247926 2.20605e-07 0.999752 1.14198e-07
1.31826e+13 0.000239715 2.07169e-07 0.99976 1.03905e-07
1.33045e+13 0.00023469 1.94515e-07 0.999765 9.46486e-08
1.34276e+13 0.000232733 1.82785e-07 0.999767 8.65143e-08
1.35519e+13 0.000233669 1.7209e-07 0.999766 7.95555e-08
1.36773e+13 0.00023728 1.62511e-07 0.999762 7.37968e-08
1.38038e+13 0.000243318 1.54099e-07 0.999756 6.92381e-08
1.39316e+13 0.000251508 1.46882e-07 0.999748 6.5858e-08
1.40605e+13 0.000261558 1.40864e-07 0.999738 6.3617e-08
1.41906e+13 0.000273164 1.36032e-07 0.999727 6.24602e-08
1.43219e+13 0.000286012 1.32354e-07 0.999714 6.23194e-08
1.44544e+13 0.000299783 1.29782e-07 0.9997 6.31149e-08
1.45881e+13 0.000314156 1.28254e-07 0.999686 6.47567e-08
1.47231e+13 0.000328812 1.27696e-07 0.999671 6.71464e-08
1.48594e+13 0.000343436 1.28021e-07 0.999656 7.01781e-08
1.49968e+13 0.000357726 1.29131e-07 0.999642 7.37404e-08
1.51356e+13 0.000371393 1.30923e-07 0.999628 7.77183e-08
1.52757e+13 0.000384169 1.33282e-07 0.999616 8.19948e-08
1.5417e+13 0.000395814 1.36093e-07 0.999604 8.64539e-08
1.55597e+13 0.000406117 1.39238e-07 0.999594 9.09824e-08
1.57036e+13 0.000414904 1.426e-07 0.999585 9.54726e-08
1.58489e+13 0.000422038 1.46064e-07 0.999578 9.98249e-08
1.59956e+13 0.000427423 1.49525e-07 0.999572 1.03949e-07
1.61436e+13 0.000431003 1.52882e-07 0.999569 1.07766e-07
1.6293e+13 0.000432762 1.56048e-07 0.999567 1.1121e-07
1.64437e+13 0.000432721 1.58946e-07 0.999567 1.14229e-07
1.65959e+13 0.000430936 1.61513e-07 0.999569 1.16782e-07
1.67494e+13 0.00042749 1.63697e-07 0.999572 1.18845e-07
1.69044e+13 0.000422492 1.65461e-07 0.999577 1.20402e-07
1.70608e+13 0.00041607 1.66781e-07 0.999584 1.21454e-07
1.72187e+13 0.000408364 1.67643e-07 0.999591 1.22006e-07
1.7378e+13 0.000399524 1.68045e-07 0.9996 1.22077e-07
1.75388e+13 0.000389701 1.67992e-07 0.99961 1.21688e-07
1.77011e+13 0.000379048 1.675e-07 0.999621 1.2087e-07
1.78649e+13 0.000367711 1.66587e-07 0.999632 1.19655e-07
1.80302e+13 0.00035583 1.65278e-07 0.999644 1.18076e-07
1.8197e+13 0.000343536 1.636e-07 0.999656 1.1617e-07
1.83654e+13 0.000330948 1.61584e-07 0.999669 1.13973e-07
1.85353e+13 0.000318177 1.59258e-07 0.999682 1.1152e-07
1.87068e+13 0.00030532 1.56654e-07 0.999694 1.08844e-07
1.88799e+13 0.000292465 1.53801e-07 0.999707 1.05977e-07
1.90546e+13 0.000279691 1.50728e-07 0.99972 1.02949e-07
1.92309e+13 0.000267067 1.47461e-07 0.999733 9.97867e-08
1.94089e+13 0.000254654 1.44027e-07 0.999745 9.65162e-08
1.95884e+13 0.000242506 1.40451e-07 0.999757 9.31607e-08
1.97697e+13 0.000230672 1.36754e-07 0.999769 8.9742e-08
1.99526e+13 0.000219196 1.32959e-07 0.999781 8.62798e-08
2.01372e+13 0.000208118 1.29086e-07 0.999792 8.27928e-08
2.03236e+13 0.000197472 1.25153e-07 0.999802 7.92981e-08
2.05116e+13 0.000187291 1.2118e-07 0.999813 7.58118e-08
2.07014e+13 0.000177603 1.17183e-07 0.999822 7.2349e-08
2.0893e+13 0.000168435 1.1318e-07 0.999831 6.89239e-08
2.10863e+13 0.000159808 1.09186e-07 0.99984 6.55496e-08
2.12814e+13 0.00015174 1.05216e-07 0.999848 6.22387e-08
2.14783e+13 0.000144248 1.01285e-07 0.999856 5.90026e-08
2.1677e+13 0.000137342 9.74054e-08 0.999863 5.58521e-08
2.18776e+13 0.00013103 9.35911e-08 0.999869 5.27967e-08
2.208e+13 0.000125316 8.98536e-08 0.999875 4.98451e-08
2.22844e+13 0.0001202 8.62036e-08 0.99988 4.70051e-08
2.24905e+13 0.000115676 8.2651e-08 0.999884 4.42831e-08
2.26986e+13 0.000111739 7.92045e-08 0.999888 4.16847e-08
2.29087e+13 0.000108375 7.58717e-08 0.999892 3.92143e-08
2.31206e+13 0.00010557 7.2659e-08 0.999894 3.68749e-08
2.33346e+13 0.000103306 6.95716e-08 0.999897 3.4669e-08
2.35505e+13 0.000101563 6.66137e-08 0.999898 3.25975e-08
2.37684e+13 0.000100318 6.37883e-08 0.9999 3.06607e-08
2.39883e+13 9.95454e-05 6.10974e-08 0.9999 2.88578e-08
2.42103e+13 9.92205e-05 5.85418e-08 0.999901 2.71872e-08
2.44343e+13 9.93155e-05 5.61217e-08 0.999901 2.56466e-08
2.46604e+13 9.98027e-05 5.38362e-08 0.9999 2.4233e-08
2.48886e+13 0.000100654 5.16837e-08 0.999899 2.29429e-08
2.51189e+13 0.000101841 4.96621e-08 0.999898 2.17724e-08
2.53513e+13 0.000103336 4.77686e-08 0.999897 2.07169e-08
2.55859e+13 0.000105112 4.59998e-08 0.999895 1.9772e-08
2.58226e+13 0.000107141 4.43522e-08 0.999893 1.89327e-08
2.60615e+13 0.000109399 4.28219e-08 0.999891 1.81939e-08
2.63027e+13 0.00011186 4.14045e-08 0.999888 1.75508e-08
2.65461e+13 0.0001145 4.00959e-08 0.999885 1.69981e-08
2.67917e+13 0.000117297 3.88915e-08 0.999883 1.65307e-08
2.70396e+13 0.000120229 3.77868e-08 0.99988 1.61437e-08
2.72898e+13 0.000123275 3.67773e-08 0.999877 1.5832e-08
2.75423e+13 0.000126415 3.58583e-08 0.999874 1.55908e-08
2.77971e+13 0.000129631 3.50253e-08 0.99987 1.54154e-08
2.80543e+13 0.000132905 3.4274e-08 0.999867 1.53011e-08
2.83139e+13 0.00013622 3.35997e-08 0.999864 1.52435e-08
2.85759e+13 0.00013956 3.29984e-08 0.99986 1.52383e-08
2.88403e+13 0.000142909 3.24655e-08 0.999857 1.52812e-08
2.91072e+13 0.000146253 3.19971e-08 0.999854 1.5368e-08
2.93765e+13 0.000149578 3.15889e-08 0.99985 1.5495e-08
2.96483e+13 0.00015287 3.1237e-08 0.999847 1.56581e-08
2.99226e+13 0.000156117 3.09373e-08 0.999844 1.58537e-08
3.01995e+13 0.000159306 3.06861e-08 0.999841 1.60782e-08
3.04789e+13 0.000162427 3.04796e-08 0.999838 1.6328e-08
3.0761e+13 0.000165468 3.03141e-08 0.999834 1.65999e-08
3.10456e+13 0.000168419 3.01859e-08 0.999832 1.68905e-08
3.13329e+13 0.00017127 3.00916e-08 0.999829 1.71966e-08
3.16228e+13 0.000174013 3.00277e-08 0.999826 1.75153e-08
3.19154e+13 0.000176639 2.99908e-08 0.999823 1.78437e-08
3.22107e+13 0.000179141 2.99779e-08 0.999821 1.81789e-08
3.25087e+13 0.000181512 2.99856e-08 0.999818 1.85183e-08
3.28095e+13 0.000183745 3.00111e-08 0.999816 1.88594e-08
3.31131e+13 0.000185836 3.00514e-08 0.999814 1.91999e-08
3.34195e+13 0.000187779 3.01038e-08 0.999812 1.95373e-08
3.37287e+13 0.000189571 3.01656e-08 0.99981 1.98698e-08
3.40408e+13 0.000191208 3.02343e-08 0.999809 2.01953e-08
3.43558e+13 0.000192689 3.03076e-08 0.999807 2.05121e-08
3.46737e+13 0.000194012 3.03832e-08 0.999806 2.08185e-08
3.49945e+13 0.000195176 3.04592e-08 0.999805 2.1113e-08
3.53183e+13 0.00019618 3.05335e-08 0.999804 2.13944e-08
3.56451e+13 0.000197026 3.06045e-08 0.999803 2.16613e-08
3.59749e+13 0.000197714 3.06705e-08 0.999802 2.19129e-08
3.63078e+13 0.000198247 3.07301e-08 0.999802 2.21482e-08
3.66438e+13 0.000198626 3.0782e-08 0.999801 2.23666e-08
3.69828e+13 0.000198855 3.0825e-08 0.999801 2.25673e-08
3.7325e+13 0.000198937 3.08582e-08 0.999801 2.27501e-08
3.76704e+13 0.000198876 3.08807e-08 0.999801 2.29144e-08
3.80189e+13 0.000198676 3.08918e-08 0.999801 2.30602e-08
3.83707e+13 0.000198342 3.08908e-08 0.999802 2.31873e-08
3.87258e+13 0.000197879 3.08774e-08 0.999802 2.32957e-08
3.90841e+13 0.000197291 3.08511e-08 0.999803 2.33856e-08
3.94457e+13 0.000196584 3.08117e-08 0.999803 2.34571e-08
3.98107e+13 0.000195764 3.0759e-08 0.999804 2.35104e-08
4.01791e+13 0.000194837 3.06931e-08 0.999805 2.35461e-08
4.05509e+13 0.000193807 3.0614e-08 0.999806 2.35644e-08
4.09261e+13 0.00019268 3.05217e-08 0.999807 2.35658e-08
4.13048e+13 0.000191463 3.04165e-08 0.999808 2.35509e-08
4.16869e+13 0.000190161 3.02987e-08 0.99981 2.35202e-08
4.20727e+13 0.00018878 3.01684e-08 0.999811 2.34742e-08
4.2462e+13 0.000187324 3.00261e-08 0.999813 2.34136e-08
4.28549e+13 0.0001858 2.98722e-08 0.999814 2.33391e-08
4.32514e+13 0.000184213 2.9707e-08 0.999816 2.32512e-08
4.36516e+13 0.000182567 2.95311e-08 0.999817 2.31507e-08
4.40555e+13 0.000180868 2.93449e-08 0.999819 2.30382e-08
4.44631e+13 0.00017912 2.91489e-08 0.999821 2.29144e-08
4.48745e+13 0.000177328 2.89436e-08 0.999823 2.27798e-08
4.52898e+13 0.000175497 2.87295e-08 0.999824 2.26353e-08
4.57088e+13 0.000173629 2.85072e-08 0.999826 2.24814e-08
4.61318e+13 0.00017173 2.82771e-08 0.999828 2.23187e-08
4.65586e+13 0.000169803 2.80398e-08 0.99983 2.21479e-08
4.69894e+13 0.000167852 2.77957e-08 0.999832 2.19695e-08
4.74242e+13 0.000165879 2.75454e-08 0.999834 2.17841e-08
4.7863e+13 0.000163888 2.72893e-08 0.999836 2.15923e-08
4.83059e+13 0.000161882 2.7028e-08 0.999838 2.13946e-08
4.87528e+13 0.000159864 2.67618e-08 0.99984 2.11914e-08
4.9204e+13 0.000157836 2.64912e-08 0.999842 2.09834e-08
4.96592e+13 0.0001558 2.62167e-08 0.999844 2.07709e-08
5.01187e+13 0.000153758 2.59386e-08 0.999846 2.05545e-08
5.05825e+13 0.000151714 2.56573e-08 0.999848 2.03344e-08
5.10505e+13 0.000149668 2.53732e-08 0.99985 2.01111e-08
5.15229e+13 0.000147622 2.50867e-08 0.999852 1.98851e-08
5.19996e+13 0.000145578 2.47981e-08 0.999854 1.96565e-08
5.24807e+13 0.000143538 2.45078e-08 0.999856 1.94258e-08
5.29663e+13 0.000141502 2.4216e-08 0.999858 1.91933e-08
5.34564e+13 0.000139473 2.39229e-08 0.99986 1.89593e-08
5.39511e+13 0.000137451 2.3629e-08 0.999863 1.87239e-08
5.44503e+13 0.000135437 2.33344e-08 0.999865 1.84877e-08
5.49541e+13 0.000133432 2.30394e-08 0.999867 1.82506e-08
5.54626e+13 0.000131438 2.27442e-08 0.999869 1.8013e-08
5.59758e+13 0.000129454 2.24491e-08 0.999871 1.77751e-08
5.64937e+13 0.000127483 2.21542e-08 0.999872 1.75371e-08
5.70164e+13 0.000125524 2.18597e-08 0.999874 1.72991e-08
5.7544e+13 0.000123578 2.15658e-08 0.999876 1.70613e-08
5.80764e+13 0.000121646 2.12726e-08 0.999878 1.6824e-08
5.86138e+13 0.000119728 2.09804e-08 0.99988 1.65872e-08
5.91562e+13 0.000117825 2.06892e-08 0.999882 1.63511e-08
5.97035e+13 0.000115938 2.03992e-08 0.999884 1.61158e-08
6.0256e+13 0.000114066 2.01105e-08 0.999886 1.58815e-08
6.08135e+13 0.000112211 1.98233e-08 0.999888 1.56482e-08
6.13762e+13 0.000110372 1.95376e-08 0.99989 1.54161e-08
6.19441e+13 0.00010855 1.92536e-08 0.999891 1.51852e-08
6.25173e+13 0.000106745 1.89714e-08 0.999893 1.49557e-08
6.30957e+13 0.000104958 1.8691e-08 0.999895 1.47276e-08
6.36796e+13 0.000103188 1.84125e-08 0.999897 1.45011e-08
6.42688e+13 0.000101437 1.8136e-08 0.999899 1.42761e-08
6.48634e+13 9.97045e-05 1.78617e-08 0.9999 1.40529e-08
6.54636e+13 9.79902e-05 1.75894e-08 0.999902 1.38313e-08
6.60693e+13 9.62948e-05 1.73194e-08 0.999904 1.36116e-08
6.66807e+13 9.46183e-05 1.70517e-08 0.999905 1.33937e-08
6.72977e+13 9.2961e-05 1.67863e-08 0.999907 1.31777e-08
6.79204e+13 9.1323e-05 1.65233e-08 0.999909 1.29637e-08
6.85488e+13 8.97045e-05 1.62627e-08 0.99991 1.27517e-08
6.91831e+13 8.81056e-05 1.60046e-08 0.999912 1.25417e-08
6.98232e+13 8.65265e-05 1.5749e-08 0.999913 1.23338e-08
7.04693e+13 8.49672e-05 1.5496e-08 0.999915 1.21281e-08
7.11214e+13 8.34278e-05 1.52456e-08 0.999917 1.19245e-08
7.17794e+13 8.19084e-05 1.49978e-08 0.999918 1.17231e-08
7.24436e+13 8.04092e-05 1.47527e-08 0.99992 1.15239e-08
7.31139e+13 7.893e-05 1.45103e-08 0.999921 1.13269e-08
7.37904e+13 7.74711e-05 1.42705e-08 0.999923 1.11323e-08
7.44732e+13 7.60323e-05 1.40336e-08 0.999924 1.09399e-08
7.51623e+13 7.46138e-05 1.37993e-08 0.999925 1.07498e-08
7.58578e+13 7.32155e-05 1.35678e-08 0.999927 1.0562e-08
7.65597e+13 7.18374e-05 1.33391e-08 0.999928 1.03766e-08
7.72681e+13 7.04796e-05 1.31132e-08 0.999929 1.01936e-08
7.7983e+13 6.91419e-05 1.28902e-08 0.999931 1.00129e-08
7.87046e+13 6.78244e-05 1.26699e-08 0.999932 9.83455e-09
7.94328e+13 6.6527e-05 1.24524e-08 0.999933 9.65859e-09
8.01678e+13 6.52496e-05 1.22378e-08 0.999935 9.48502e-09
8.09096e+13 6.39921e-05 1.2026e-08 0.999936 9.31383e-09
8.16582e+13 6.27546e-05 1.1817e-08 0.999937 9.14503e-09
8.24138e+13 6.15368e-05 1.16109e-08 0.999938 8.97862e-09
8.31764e+13 6.03388e-05 1.14076e-08 0.99994 8.81459e-09
8.3946e+13 5.91603e-05 1.12071e-08 0.999941 8.65294e-09
8.47227e+13 5.80012e-05 1.10094e-08 0.999942 8.49367e-09
8.55067e+13 5.68615e-05 1.08145e-08 0.999943 8.33676e-09
8.62979e+13 5.5741e-05 1.06225e-08 0.999944 8.18222e-09
8.70964e+13 5.46396e-05 1.04332e-08 0.999945 8.03003e-09
8.79023e+13 5.3557e-05 1.02467e-08 0.999946 7.8802e-09
8.87156e+13 5.24932e-05 1.0063e-08 0.999947 7.73266e-09
8.95365e+13 5.1448e-05 9.88197e-09 0.999949 7.58748e-09
9.03649e+13 5.04212e-05 9.70373e-09 0.99995 7.44458e-09
9.12011e+13 4.94126e-05 9.5282e-09 0.999951 7.30399e-09
9.2045e+13 4.84221e-05 9.35539e-09 0.999952 7.16565e-09
9.28966e+13 4.74494e-05 9.18525e-09 0.999953 7.02959e-09
9.37562e+13 4.64944e-05 9.01778e-09 0.999953 6.89578e-09
9.46237e+13 4.55569e-05 8.85295e-09 0.999954 6.76418e-09
9.54993e+13 4.46366e-05 8.69076e-09 0.999955 6.63477e-09
9.63829e+13 4.37334e-05 8.53117e-09 0.999956 6.50758e-09
9.72747e+13 4.2847e-05 8.37415e-09 0.999957 6.38253e-09
9.81748e+13 4.19773e-05 8.21969e-09 0.999958 6.25962e-09
9.90832e+13 4.11239e-05 8.06777e-09 0.999959 6.13883e-09
1e+14 4.02868e-05 7.91834e-09 0.99996 6.02014e-09
