1e+10 -1.11022e-16 0.00394044 0.929153 0.0669062
1.00925e+10 -1.38778e-16 0.00387052 0.930416 0.0657139
1.01859e+10 -1.38778e-17 0.0038018 0.931656 0.0645424
1.02802e+10 -1.38778e-16 0.00373427 0.932874 0.0633912
1.03753e+10 -2.63678e-16 0.0036679 0.934072 0.0622601
1.04713e+10 -4.16334e-17 0.00360268 0.935249 0.0611487
1.05682e+10 -6.93889e-17 0.00353859 0.936405 0.0600567
1.0666e+10 -1.66533e-16 0.00347561 0.937541 0.0589838
1.07647e+10 -5.55112e-17 0.00341372 0.938657 0.0579296
1.08643e+10 -1.80411e-16 0.00335291 0.939753 0.0568938
1.09648e+10 -1.94289e-16 0.00329315 0.940831 0.0558762
1.10662e+10 1.38778e-17 0.00323443 0.941889 0.0548764
1.11686e+10 -1.11022e-16 0.00317673 0.942929 0.0538942
1.1272e+10 -1.66533e-16 0.00312004 0.943951 0.0529291
1.13763e+10 -1.66533e-16 0.00306434 0.944955 0.051981
1.14815e+10 -1.52656e-16 0.0030096 0.945941 0.0510496
1.15878e+10 -2.08167e-16 0.00295583 0.94691 0.0501346
1.1695e+10 -2.22045e-16 0.00290299 0.947861 0.0492356
1.18032e+10 -1.66533e-16 0.00285108 0.948796 0.0483525
1.19124e+10 -2.22045e-16 0.00280008 0.949715 0.0474849
1.20226e+10 -1.52656e-16 0.00274997 0.950617 0.0466327
1.21339e+10 -2.22045e-16 0.00270074 0.951504 0.0457954
1.22462e+10 -1.38778e-16 0.00265238 0.952375 0.044973
1.23595e+10 -4.16334e-17 0.00260486 0.95323 0.0441651
1.24738e+10 -1.80411e-16 0.00255818 0.95407 0.0433714
1.25893e+10 -1.52656e-16 0.00251232 0.954896 0.0425918
1.27057e+10 -1.94289e-16 0.00246727 0.955707 0.041826
1.28233e+10 -1.52656e-16 0.00242301 0.956503 0.0410738
1.2942e+10 -1.38778e-16 0.00237953 0.957286 0.0403349
1.30617e+10 -6.93889e-17 0.00233682 0.958054 0.0396091
1.31826e+10 -8.32667e-17 0.00229486 0.958809 0.0388961
1.33045e+10 -1.80411e-16 0.00225364 0.959551 0.0381959
1.34276e+10 -1.66533e-16 0.00221315 0.960279 0.037508
1.35519e+10 -2.77556e-17 0.00217338 0.960994 0.0368324
1.36773e+10 6.93889e-17 0.00213431 0.961697 0.0361688
1.38038e+10 -1.52656e-16 0.00209593 0.962387 0.0355169
1.39316e+10 -6.93889e-17 0.00205823 0.963065 0.0348767
1.40605e+10 -4.16334e-17 0.0020212 0.963731 0.0342479
1.41906e+10 0 0.00198482 0.964385 0.0336303
1.43219e+10 -5.55112e-17 0.00194909 0.965027 0.0330236
1.44544e+10 1.38778e-17 0.001914 0.965658 0.0324278
1.45881e+10 -1.11022e-16 0.00187953 0.966278 0.0318426
1.47231e+10 0 0.00184567 0.966886 0.0312679
1.48594e+10 -1.249e-16 0.00181241 0.967484 0.0307034
1.49968e+10 -4.16334e-17 0.00177975 0.968071 0.030149
1.51356e+10 -2.35922e-16 0.00174766 0.968648 0.0296045
1.52757e+10 -5.55112e-17 0.00171615 0.969214 0.0290697
1.5417e+10 -1.52656e-16 0.0016852 0.96977 0.0285445
1.55597e+10 -2.35922e-16 0.0016548 0.970317 0.0280287
1.57036e+10 -2.22045e-16 0.00162494 0.970853 0.0275221
1.58489e+10 -2.35922e-16 0.00159561 0.97138 0.0270245
1.59956e+10 -2.77556e-17 0.00156681 0.971897 0.0265359
1.61436e+10 -2.63678e-16 0.00153852 0.972405 0.0260561
1.6293e+10 -6.93889e-17 0.00151074 0.972904 0.0255848
1.64437e+10 -1.52656e-16 0.00148345 0.973395 0.025122
1.65959e+10 0 0.00145666 0.973876 0.0246674
1.67494e+10 -2.35922e-16 0.00143034 0.974349 0.0242211
1.69044e+10 -6.93889e-17 0.00140449 0.974813 0.0237827
1.70608e+10 -6.93889e-17 0.0013791 0.975269 0.0233522
1.72187e+10 -1.249e-16 0.00135417 0.975716 0.0229294
1.7378e+10 -8.32667e-17 0.00132968 0.976156 0.0225142
1.75388e+10 -1.94289e-16 0.00130564 0.976588 0.0221065
1.77011e+10 -2.08167e-16 0.00128202 0.977012 0.0217061
1.78649e+10 -9.71445e-17 0.00125883 0.977428 0.0213129
1.80302e+10 -1.52656e-16 0.00123605 0.977837 0.0209268
1.8197e+10 -1.249e-16 0.00121368 0.978239 0.0205476
1.83654e+10 -1.11022e-16 0.00119171 0.978633 0.0201752
1.85353e+10 -1.249e-16 0.00117014 0.97902 0.0198096
1.87068e+10 -8.32667e-17 0.00114896 0.979401 0.0194505
1.88799e+10 -1.66533e-16 0.00112815 0.979774 0.0190979
1.90546e+10 -9.71445e-17 0.00110772 0.980141 0.0187516
1.92309e+10 -1.38778e-17 0.00108766 0.980501 0.0184116
1.94089e+10 -2.22045e-16 0.00106795 0.980854 0.0180777
1.95884e+10 -2.22045e-16 0.0010486 0.981202 0.0177498
1.97697e+10 -1.80411e-16 0.0010296 0.981543 0.0174278
1.99526e+10 -1.80411e-16 0.00101094 0.981877 0.0171116
2.01372e+10 2.77556e-17 0.000992618 0.982206 0.0168012
2.03236e+10 -2.08167e-16 0.000974625 0.982529 0.0164963
2.05116e+10 -1.52656e-16 0.000956955 0.982846 0.0161969
2.07014e+10 -1.52656e-16 0.000939603 0.983157 0.0159029
2.0893e+10 -2.22045e-16 0.000922564 0.983463 0.0156143
2.10863e+10 -1.38778e-16 0.000905832 0.983763 0.0153308
2.12814e+10 -6.93889e-17 0.000889402 0.984058 0.0150525
2.14783e+10 -1.52656e-16 0.000873267 0.984348 0.0147792
2.1677e+10 -1.11022e-16 0.000857424 0.984632 0.0145108
2.18776e+10 -1.38778e-16 0.000841866 0.984911 0.0142473
2.208e+10 -4.16334e-17 0.000826589 0.985185 0.0139885
2.22844e+10 -8.32667e-17 0.000811588 0.985454 0.0137344
2.24905e+10 -2.77556e-17 0.000796857 0.985718 0.013485
2.26986e+10 -1.66533e-16 0.000782392 0.985978 0.01324
2.29087e+10 -1.38778e-16 0.000768189 0.986232 0.0129994
2.31206e+10 -2.22045e-16 0.000754242 0.986483 0.0127632
2.33346e+10 -1.66533e-16 0.000740546 0.986728 0.0125313
2.35505e+10 -1.249e-16 0.000727098 0.986969 0.0123036
2.37684e+10 2.77556e-17 0.000713894 0.987206 0.0120799
2.39883e+10 -1.66533e-16 0.000700927 0.987439 0.0118604
2.42103e+10 -1.38778e-16 0.000688195 0.987667 0.0116448
2.44343e+10 -8.32667e-17 0.000675694 0.987891 0.0114331
2.46604e+10 -1.94289e-16 0.000663418 0.988111 0.0112253
2.48886e+10 -2.77556e-16 0.000651364 0.988327 0.0110212
2.51189e+10 -2.498e-16 0.000639529 0.98854 0.0108208
2.53513e+10 -2.08167e-16 0.000627907 0.988748 0.010624
2.55859e+10 -5.55112e-17 0.000616496 0.988953 0.0104308
2.58226e+10 -1.66533e-16 0.000605291 0.989154 0.0102411
2.60615e+10 -1.249e-16 0.000594289 0.989351 0.0100548
2.63027e+10 -3.05311e-16 0.000583486 0.989545 0.00987196
2.65461e+10 -1.11022e-16 0.000572879 0.989735 0.00969239
2.67917e+10 -1.11022e-16 0.000562464 0.989921 0.00951608
2.70396e+10 -9.71445e-17 0.000552237 0.990105 0.00934296
2.72898e+10 -8.32667e-17 0.000542196 0.990285 0.00917298
2.75423e+10 -3.05311e-16 0.000532336 0.990462 0.00900609
2.77971e+10 -1.11022e-16 0.000522655 0.990635 0.00884222
2.80543e+10 -8.32667e-17 0.00051315 0.990806 0.00868132
2.83139e+10 -1.38778e-17 0.000503817 0.990973 0.00852334
2.85759e+10 -2.91434e-16 0.000494653 0.991137 0.00836823
2.88403e+10 -1.11022e-16 0.000485655 0.991298 0.00821594
2.91072e+10 -2.22045e-16 0.00047682 0.991457 0.0080664
2.93765e+10 -1.11022e-16 0.000468146 0.991612 0.00791958
2.96483e+10 -5.55112e-17 0.000459628 0.991765 0.00777543
2.99226e+10 -9.71445e-17 0.000451265 0.991915 0.00763389
3.01995e+10 -5.55112e-17 0.000443054 0.992062 0.00749493
3.04789e+10 -5.55112e-17 0.000434992 0.992207 0.00735848
3.0761e+10 -4.16334e-17 0.000427076 0.992348 0.00722452
3.10456e+10 -2.63678e-16 0.000419304 0.992488 0.00709298
3.13329e+10 0 0.000411673 0.992624 0.00696384
3.16228e+10 -1.80411e-16 0.00040418 0.992759 0.00683704
3.19154e+10 -6.93889e-17 0.000396823 0.992891 0.00671254
3.22107e+10 -1.11022e-16 0.0003896 0.99302 0.00659031
3.25087e+10 -8.32667e-17 0.000382508 0.993147 0.00647029
3.28095e+10 -1.66533e-16 0.000375545 0.993272 0.00635246
3.31131e+10 -1.52656e-16 0.000368708 0.993395 0.00623677
3.34195e+10 -6.93889e-17 0.000361995 0.993515 0.00612318
3.37287e+10 -1.38778e-16 0.000355404 0.993633 0.00601165
3.40408e+10 -2.498e-16 0.000348933 0.993749 0.00590216
3.43558e+10 -5.55112e-17 0.00034258 0.993863 0.00579465
3.46737e+10 -1.80411e-16 0.000336342 0.993975 0.0056891
3.49945e+10 -1.249e-16 0.000330217 0.994084 0.00558546
3.53183e+10 -9.71445e-17 0.000324203 0.994192 0.00548371
3.56451e+10 -1.52656e-16 0.000318299 0.994298 0.00538381
3.59749e+10 -1.11022e-16 0.000312502 0.994402 0.00528573
3.63078e+10 -1.249e-16 0.00030681 0.994504 0.00518943
3.66438e+10 -1.52656e-16 0.000301222 0.994604 0.00509488
3.69828e+10 -8.32667e-17 0.000295736 0.994702 0.00500205
3.7325e+10 -1.11022e-16 0.000290349 0.994799 0.00491091
3.76704e+10 -8.32667e-17 0.00028506 0.994894 0.00482143
3.80189e+10 -5.55112e-17 0.000279867 0.994987 0.00473357
3.83707e+10 -1.80411e-16 0.000274769 0.995078 0.00464732
3.87258e+10 -1.80411e-16 0.000269763 0.995168 0.00456263
3.90841e+10 -1.38778e-16 0.000264848 0.995256 0.00447948
3.94457e+10 -8.32667e-17 0.000260023 0.995342 0.00439785
3.98107e+10 -1.38778e-16 0.000255285 0.995427 0.0043177
4.01791e+10 -1.66533e-16 0.000250634 0.99551 0.00423901
4.05509e+10 -1.249e-16 0.000246067 0.995592 0.00416175
4.09261e+10 -8.32667e-17 0.000241584 0.995673 0.0040859
4.13048e+10 -1.66533e-16 0.000237181 0.995751 0.00401143
4.16869e+10 -2.22045e-16 0.000232859 0.995829 0.00393831
4.20727e+10 -1.11022e-16 0.000228616 0.995905 0.00386653
4.2462e+10 -1.11022e-16 0.00022445 0.995979 0.00379605
4.28549e+10 -1.11022e-16 0.000220359 0.996053 0.00372686
4.32514e+10 -1.52656e-16 0.000216343 0.996125 0.00365892
4.36516e+10 -1.11022e-16 0.000212401 0.996195 0.00359222
4.40555e+10 -1.249e-16 0.000208529 0.996265 0.00352674
4.44631e+10 -1.66533e-16 0.000204729 0.996333 0.00346245
4.48745e+10 -1.11022e-16 0.000200997 0.9964 0.00339932
4.52898e+10 -1.38778e-16 0.000197334 0.996465 0.00333735
4.57088e+10 -9.71445e-17 0.000193737 0.99653 0.00327651
4.61318e+10 -4.16334e-17 0.000190205 0.996593 0.00321677
4.65586e+10 -2.91434e-16 0.000186738 0.996655 0.00315813
4.69894e+10 -1.52656e-16 0.000183334 0.996716 0.00310055
4.74242e+10 -9.71445e-17 0.000179992 0.996776 0.00304401
4.7863e+10 -1.94289e-16 0.000176711 0.996835 0.00298851
4.83059e+10 -2.498e-16 0.000173489 0.996892 0.00293402
4.87528e+10 -8.32667e-17 0.000170327 0.996949 0.00288053
4.9204e+10 -8.32667e-17 0.000167222 0.997005 0.002828
4.96592e+10 -1.66533e-16 0.000164173 0.997059 0.00277644
5.01187e+10 -8.32667e-17 0.00016118 0.997113 0.00272581
5.05825e+10 -1.249e-16 0.000158241 0.997166 0.0026761
5.10505e+10 -9.71445e-17 0.000155356 0.997217 0.0026273
5.15229e+10 -8.32667e-17 0.000152523 0.997268 0.00257939
5.19996e+10 -2.08167e-16 0.000149742 0.997318 0.00253236
5.24807e+10 -8.32667e-17 0.000147012 0.997367 0.00248618
5.29663e+10 1.38778e-17 0.000144332 0.997415 0.00244084
5.34564e+10 -1.94289e-16 0.0001417 0.997462 0.00239632
5.39511e+10 -1.249e-16 0.000139116 0.997508 0.00235262
5.44503e+10 -2.498e-16 0.000136579 0.997554 0.00230972
5.49541e+10 -5.55112e-17 0.000134089 0.997598 0.00226759
5.54626e+10 -9.71445e-17 0.000131644 0.997642 0.00222624
5.59758e+10 -1.11022e-16 0.000129243 0.997685 0.00218563
5.64937e+10 -1.66533e-16 0.000126886 0.997727 0.00214577
5.70164e+10 -5.55112e-17 0.000124572 0.997769 0.00210664
5.7544e+10 1.38778e-17 0.0001223 0.997809 0.00206821
5.80764e+10 -1.249e-16 0.00012007 0.997849 0.00203049
5.86138e+10 -2.08167e-16 0.00011788 0.997889 0.00199346
5.91562e+10 -1.80411e-16 0.00011573 0.997927 0.0019571
5.97035e+10 -1.38778e-17 0.00011362 0.997965 0.0019214
6.0256e+10 -1.249e-16 0.000111548 0.998002 0.00188635
6.08135e+10 -1.66533e-16 0.000109513 0.998039 0.00185195
6.13762e+10 -6.93889e-17 0.000107516 0.998074 0.00181817
6.19441e+10 -1.38778e-16 0.000105555 0.998109 0.001785
6.25173e+10 -1.66533e-16 0.00010363 0.998144 0.00175244
6.30957e+10 -2.22045e-16 0.00010174 0.998178 0.00172047
6.36796e+10 -1.52656e-16 9.98839e-05 0.998211 0.00168909
6.42688e+10 -6.93889e-17 9.8062e-05 0.998244 0.00165828
6.48634e+10 -1.249e-16 9.62734e-05 0.998276 0.00162803
6.54636e+10 -2.22045e-16 9.45174e-05 0.998307 0.00159833
6.60693e+10 -1.66533e-16 9.27933e-05 0.998338 0.00156917
6.66807e+10 -1.94289e-16 9.11007e-05 0.998368 0.00154055
6.72977e+10 -8.32667e-17 8.9439e-05 0.998398 0.00151245
6.79204e+10 -1.80411e-16 8.78076e-05 0.998427 0.00148486
6.85488e+10 -1.80411e-16 8.62058e-05 0.998456 0.00145777
6.91831e+10 -1.94289e-16 8.46333e-05 0.998484 0.00143117
6.98232e+10 -1.249e-16 8.30895e-05 0.998512 0.00140506
7.04693e+10 -8.32667e-17 8.15738e-05 0.998539 0.00137943
7.11214e+10 -1.249e-16 8.00857e-05 0.998566 0.00135427
7.17794e+10 -6.93889e-17 7.86248e-05 0.998592 0.00132956
7.24436e+10 -1.52656e-16 7.71905e-05 0.998618 0.0013053
7.31139e+10 -1.80411e-16 7.57824e-05 0.998643 0.00128149
7.37904e+10 -2.08167e-16 7.43999e-05 0.998667 0.00125811
7.44732e+10 -2.22045e-16 7.30426e-05 0.998692 0.00123516
7.51623e+10 -1.52656e-16 7.17101e-05 0.998716 0.00121262
7.58578e+10 -2.498e-16 7.04019e-05 0.998739 0.0011905
7.65597e+10 -9.71445e-17 6.91175e-05 0.998762 0.00116878
7.72681e+10 -1.94289e-16 6.78566e-05 0.998785 0.00114745
7.7983e+10 -1.94289e-16 6.66186e-05 0.998807 0.00112652
7.87046e+10 -2.91434e-16 6.54033e-05 0.998829 0.00110597
7.94328e+10 -2.91434e-16 6.42101e-05 0.99885 0.00108579
8.01678e+10 -1.66533e-16 6.30386e-05 0.998871 0.00106598
8.09096e+10 -1.38778e-16 6.18885e-05 0.998892 0.00104653
8.16582e+10 -1.66533e-16 6.07594e-05 0.998912 0.00102743
8.24138e+10 -9.71445e-17 5.96509e-05 0.998932 0.00100869
8.31764e+10 -1.66533e-16 5.85626e-05 0.998951 0.000990283
8.3946e+10 -8.32667e-17 5.74941e-05 0.99897 0.000972215
8.47227e+10 -1.38778e-17 5.64451e-05 0.998989 0.000954476
8.55067e+10 0 5.54153e-05 0.999008 0.00093706
8.62979e+10 -9.71445e-17 5.44042e-05 0.999026 0.000919963
8.70964e+10 -2.22045e-16 5.34116e-05 0.999043 0.000903177
8.79023e+10 -4.16334e-17 5.24371e-05 0.999061 0.000886697
8.87156e+10 -6.93889e-17 5.14803e-05 0.999078 0.000870518
8.95365e+10 -1.249e-16 5.0541e-05 0.999095 0.000854634
9.03649e+10 -1.11022e-16 4.96189e-05 0.999111 0.00083904
9.12011e+10 -1.38778e-16 4.87135e-05 0.999128 0.00082373
9.2045e+10 -2.77556e-17 4.78247e-05 0.999143 0.000808699
9.28966e+10 1.11022e-16 4.69521e-05 0.999159 0.000793943
9.37562e+10 1.66533e-16 4.60954e-05 0.999174 0.000779456
9.46237e+10 1.38778e-17 4.52543e-05 0.99919 0.000765233
9.54993e+10 -1.94289e-16 4.44286e-05 0.999204 0.00075127
9.63829e+10 -2.498e-16 4.36179e-05 0.999219 0.000737561
9.72747e+10 -1.80411e-16 4.28221e-05 0.999233 0.000724102
9.81748e+10 -6.93889e-17 4.20407e-05 0.999247 0.000710889
9.90832e+10 -1.80411e-16 4.12736e-05 0.999261 0.000697917
1e+11 -2.08167e-16 4.05205e-05 0.999274 0.000685182
1.00925e+11 -1.80411e-16 3.97811e-05 0.999288 0.000672679
1.01859e+11 -1.249e-16 3.90552e-05 0.999301 0.000660404
1.02802e+11 -1.38778e-16 3.83426e-05 0.999313 0.000648353
1.03753e+11 -1.80411e-16 3.76429e-05 0.999326 0.000636522
1.04713e+11 -1.52656e-16 3.6956e-05 0.999338 0.000624906
1.05682e+11 -1.94289e-16 3.62817e-05 0.99935 0.000613503
1.0666e+11 -1.52656e-16 3.56196e-05 0.999362 0.000602308
1.07647e+11 -1.80411e-16 3.49696e-05 0.999374 0.000591317
1.08643e+11 -1.52656e-16 3.43315e-05 0.999385 0.000580526
1.09648e+11 -1.80411e-16 3.37051e-05 0.999396 0.000569932
1.10662e+11 -5.55112e-17 3.309e-05 0.999407 0.000559532
1.11686e+11 -1.52656e-16 3.24862e-05 0.999418 0.000549321
1.1272e+11 -1.94289e-16 3.18934e-05 0.999429 0.000539297
1.13763e+11 -2.08167e-16 3.13114e-05 0.999439 0.000529456
1.14815e+11 -2.77556e-16 3.074e-05 0.999449 0.000519794
1.15878e+11 -2.91434e-16 3.01791e-05 0.99946 0.000510308
1.1695e+11 -1.52656e-16 2.96283e-05 0.999469 0.000500996
1.18032e+11 -1.38778e-16 2.90877e-05 0.999479 0.000491853
1.19124e+11 -9.71445e-17 2.85569e-05 0.999489 0.000482877
1.20226e+11 -8.32667e-17 2.80357e-05 0.999498 0.000474065
1.21339e+11 -1.66533e-16 2.75241e-05 0.999507 0.000465414
1.22462e+11 -8.32667e-17 2.70219e-05 0.999516 0.00045692
1.23595e+11 -1.11022e-16 2.65287e-05 0.999525 0.000448582
1.24738e+11 -8.32667e-17 2.60446e-05 0.999534 0.000440396
1.25893e+11 2.77556e-17 2.55693e-05 0.999542 0.000432359
1.27057e+11 -2.498e-16 2.51027e-05 0.99955 0.000424469
1.28233e+11 -2.08167e-16 2.46446e-05 0.999559 0.000416722
1.2942e+11 -2.22045e-16 2.41949e-05 0.999567 0.000409117
1.30617e+11 -2.08167e-16 2.37534e-05 0.999575 0.000401651
1.31826e+11 -2.22045e-16 2.33199e-05 0.999582 0.000394321
1.33045e+11 -2.08167e-16 2.28943e-05 0.99959 0.000387125
1.34276e+11 -2.22045e-16 2.24765e-05 0.999597 0.00038006
1.35519e+11 -1.11022e-16 2.20663e-05 0.999605 0.000373124
1.36773e+11 -6.93889e-17 2.16636e-05 0.999612 0.000366315
1.38038e+11 -8.32667e-17 2.12683e-05 0.999619 0.00035963
1.39316e+11 -1.249e-16 2.08802e-05 0.999626 0.000353066
1.40605e+11 -1.38778e-16 2.04991e-05 0.999633 0.000346623
1.41906e+11 -9.71445e-17 2.0125e-05 0.99964 0.000340297
1.43219e+11 -1.94289e-16 1.97577e-05 0.999646 0.000334087
1.44544e+11 -9.71445e-17 1.93972e-05 0.999653 0.00032799
1.45881e+11 -2.77556e-17 1.90432e-05 0.999659 0.000322004
1.47231e+11 -1.80411e-16 1.86956e-05 0.999665 0.000316127
1.48594e+11 -5.55112e-17 1.83544e-05 0.999671 0.000310358
1.49968e+11 -4.16334e-17 1.80195e-05 0.999677 0.000304694
1.51356e+11 -1.11022e-16 1.76906e-05 0.999683 0.000299133
1.52757e+11 -1.249e-16 1.73678e-05 0.999689 0.000293674
1.5417e+11 -5.55112e-17 1.70508e-05 0.999695 0.000288314
1.55597e+11 -9.71445e-17 1.67396e-05 0.9997 0.000283053
1.57036e+11 -1.94289e-16 1.64341e-05 0.999706 0.000277887
1.58489e+11 -1.11022e-16 1.61342e-05 0.999711 0.000272815
1.59956e+11 -5.55112e-17 1.58398e-05 0.999716 0.000267836
1.61436e+11 -2.77556e-17 1.55507e-05 0.999722 0.000262948
1.6293e+11 -2.77556e-17 1.52669e-05 0.999727 0.000258149
1.64437e+11 -8.32667e-17 1.49883e-05 0.999732 0.000253438
1.65959e+11 -1.80411e-16 1.47147e-05 0.999736 0.000248813
1.67494e+11 -1.66533e-16 1.44462e-05 0.999741 0.000244272
1.69044e+11 -5.55112e-17 1.41825e-05 0.999746 0.000239813
1.70608e+11 -2.77556e-17 1.39237e-05 0.999751 0.000235437
1.72187e+11 -1.66533e-16 1.36696e-05 0.999755 0.00023114
1.7378e+11 -1.94289e-16 1.34201e-05 0.99976 0.000226921
1.75388e+11 -1.249e-16 1.31752e-05 0.999764 0.00022278
1.77011e+11 -1.80411e-16 1.29347e-05 0.999768 0.000218714
1.78649e+11 -1.80411e-16 1.26987e-05 0.999773 0.000214722
1.80302e+11 -1.80411e-16 1.24669e-05 0.999777 0.000210804
1.8197e+11 -8.32667e-17 1.22394e-05 0.999781 0.000206956
1.83654e+11 -4.16334e-17 1.2016e-05 0.999785 0.000203179
1.85353e+11 -1.52656e-16 1.17967e-05 0.999789 0.000199471
1.87068e+11 -6.93889e-17 1.15814e-05 0.999793 0.00019583
1.88799e+11 -1.11022e-16 1.137e-05 0.999796 0.000192256
1.90546e+11 -1.80411e-16 1.11625e-05 0.9998 0.000188748
1.92309e+11 -1.94289e-16 1.09588e-05 0.999804 0.000185303
1.94089e+11 -1.80411e-16 1.07588e-05 0.999807 0.000181921
1.95884e+11 -1.249e-16 1.05625e-05 0.999811 0.000178601
1.97697e+11 -1.52656e-16 1.03697e-05 0.999814 0.000175341
1.99526e+11 -1.94289e-16 1.01804e-05 0.999818 0.000172141
2.01372e+11 -1.11022e-16 9.99462e-06 0.999821 0.000168999
2.03236e+11 -8.32667e-17 9.81221e-06 0.999824 0.000165915
2.05116e+11 -1.249e-16 9.63313e-06 0.999827 0.000162887
2.07014e+11 -1.52656e-16 9.45732e-06 0.999831 0.000159914
2.0893e+11 -1.94289e-16 9.28471e-06 0.999834 0.000156995
2.10863e+11 -1.94289e-16 9.11526e-06 0.999837 0.00015413
2.12814e+11 -1.38778e-16 8.9489e-06 0.99984 0.000151317
2.14783e+11 -1.80411e-16 8.78557e-06 0.999843 0.000148555
2.1677e+11 -9.71445e-17 8.62523e-06 0.999846 0.000145844
2.18776e+11 -1.38778e-16 8.46781e-06 0.999848 0.000143182
2.208e+11 -1.80411e-16 8.31326e-06 0.999851 0.000140569
2.22844e+11 -8.32667e-17 8.16154e-06 0.999854 0.000138003
2.24905e+11 -9.71445e-17 8.01258e-06 0.999857 0.000135484
2.26986e+11 -2.08167e-16 7.86634e-06 0.999859 0.000133012
2.29087e+11 -1.52656e-16 7.72277e-06 0.999862 0.000130584
2.31206e+11 -1.52656e-16 7.58182e-06 0.999864 0.000128201
2.33346e+11 -1.52656e-16 7.44345e-06 0.999867 0.000125861
2.35505e+11 -6.93889e-17 7.3076e-06 0.999869 0.000123564
2.37684e+11 -1.11022e-16 7.17422e-06 0.999872 0.000121309
2.39883e+11 -1.66533e-16 7.04329e-06 0.999874 0.000119095
2.42103e+11 -1.80411e-16 6.91474e-06 0.999876 0.000116921
2.44343e+11 -9.71445e-17 6.78854e-06 0.999878 0.000114787
2.46604e+11 -1.38778e-16 6.66464e-06 0.999881 0.000112692
2.48886e+11 -1.11022e-16 6.543e-06 0.999883 0.000110635
2.51189e+11 -9.71445e-17 6.42358e-06 0.999885 0.000108616
2.53513e+11 -1.11022e-16 6.30634e-06 0.999887 0.000106634
2.55859e+11 -1.94289e-16 6.19124e-06 0.999889 0.000104687
2.58226e+11 -2.08167e-16 6.07825e-06 0.999891 0.000102777
2.60615e+11 -1.66533e-16 5.96731e-06 0.999893 0.000100901
2.63027e+11 -1.38778e-16 5.8584e-06 0.999895 9.90592e-05
2.65461e+11 -6.93889e-17 5.75147e-06 0.999897 9.72513e-05
2.67917e+11 -1.11022e-16 5.6465e-06 0.999899 9.54763e-05
2.70396e+11 -1.38778e-16 5.54345e-06 0.999901 9.37337e-05
2.72898e+11 -1.11022e-16 5.44227e-06 0.999903 9.20229e-05
2.75423e+11 -8.32667e-17 5.34294e-06 0.999904 9.03434e-05
2.77971e+11 -1.66533e-16 5.24543e-06 0.999906 8.86945e-05
2.80543e+11 -4.16334e-17 5.14969e-06 0.999908 8.70757e-05
2.83139e+11 0 5.0557e-06 0.999909 8.54864e-05
2.85759e+11 -9.71445e-17 4.96343e-06 0.999911 8.39261e-05
2.88403e+11 -2.77556e-17 4.87284e-06 0.999913 8.23944e-05
2.91072e+11 -1.249e-16 4.7839e-06 0.999914 8.08905e-05
2.93765e+11 -1.94289e-16 4.69659e-06 0.999916 7.94142e-05
2.96483e+11 -1.52656e-16 4.61087e-06 0.999917 7.79647e-05
2.99226e+11 -1.38778e-16 4.52671e-06 0.999919 7.65418e-05
3.01995e+11 -1.11022e-16 4.44409e-06 0.99992 7.51447e-05
3.04789e+11 -5.55112e-17 4.36298e-06 0.999922 7.37732e-05
3.0761e+11 -1.249e-16 4.28335e-06 0.999923 7.24268e-05
3.10456e+11 -1.52656e-16 4.20517e-06 0.999925 7.11049e-05
3.13329e+11 -1.38778e-16 4.12842e-06 0.999926 6.98071e-05
3.16228e+11 -2.22045e-16 4.05307e-06 0.999927 6.8533e-05
3.19154e+11 -1.80411e-16 3.9791e-06 0.999929 6.72821e-05
3.22107e+11 -1.11022e-16 3.90647e-06 0.99993 6.60541e-05
3.25087e+11 -2.77556e-17 3.83517e-06 0.999931 6.48485e-05
3.28095e+11 -1.38778e-17 3.76518e-06 0.999933 6.36649e-05
3.31131e+11 -8.32667e-17 3.69645e-06 0.999934 6.2503e-05
3.34195e+11 -1.249e-16 3.62899e-06 0.999935 6.13622e-05
3.37287e+11 -1.94289e-16 3.56275e-06 0.999936 6.02422e-05
3.40408e+11 -1.249e-16 3.49773e-06 0.999937 5.91427e-05
3.43558e+11 -4.16334e-17 3.43389e-06 0.999939 5.80632e-05
3.46737e+11 -9.71445e-17 3.37121e-06 0.99994 5.70035e-05
3.49945e+11 -4.16334e-17 3.30968e-06 0.999941 5.59631e-05
3.53183e+11 -5.55112e-17 3.24928e-06 0.999942 5.49417e-05
3.56451e+11 -6.93889e-17 3.18997e-06 0.999943 5.39389e-05
3.59749e+11 -1.11022e-16 3.13175e-06 0.999944 5.29544e-05
3.63078e+11 -1.52656e-16 3.07459e-06 0.999945 5.19879e-05
3.66438e+11 -1.249e-16 3.01847e-06 0.999946 5.1039e-05
3.69828e+11 1.38778e-17 2.96338e-06 0.999947 5.01075e-05
3.7325e+11 -2.77556e-17 2.90929e-06 0.999948 4.91929e-05
3.76704e+11 -1.11022e-16 2.8562e-06 0.999949 4.82951e-05
3.80189e+11 -1.38778e-16 2.80406e-06 0.99995 4.74136e-05
3.83707e+11 -6.93889e-17 2.75289e-06 0.999951 4.65482e-05
3.87258e+11 -1.52656e-16 2.70264e-06 0.999952 4.56986e-05
3.90841e+11 -8.32667e-17 2.65331e-06 0.999952 4.48645e-05
3.94457e+11 -1.38778e-16 2.60489e-06 0.999953 4.40457e-05
3.98107e+11 -1.80411e-16 2.55734e-06 0.999954 4.32418e-05
4.01791e+11 -9.71445e-17 2.51067e-06 0.999955 4.24525e-05
4.05509e+11 -6.93889e-17 2.46484e-06 0.999956 4.16777e-05
4.09261e+11 -8.32667e-17 2.41985e-06 0.999957 4.0917e-05
4.13048e+11 -9.71445e-17 2.37569e-06 0.999957 4.01702e-05
4.16869e+11 -1.11022e-16 2.33233e-06 0.999958 3.9437e-05
4.20727e+11 -1.38778e-16 2.28976e-06 0.999959 3.87172e-05
4.2462e+11 -9.71445e-17 2.24797e-06 0.99996 3.80106e-05
4.28549e+11 -5.55112e-17 2.20694e-06 0.99996 3.73168e-05
4.32514e+11 -4.16334e-17 2.16666e-06 0.999961 3.66357e-05
4.36516e+11 -5.55112e-17 2.12711e-06 0.999962 3.5967e-05
4.40555e+11 -8.32667e-17 2.08829e-06 0.999963 3.53106e-05
4.44631e+11 -8.32667e-17 2.05017e-06 0.999963 3.46661e-05
4.48745e+11 -1.38778e-16 2.01275e-06 0.999964 3.40334e-05
4.52898e+11 -1.66533e-16 1.97602e-06 0.999965 3.34122e-05
4.57088e+11 -1.249e-16 1.93995e-06 0.999965 3.28024e-05
4.61318e+11 -2.77556e-17 1.90454e-06 0.999966 3.22037e-05
4.65586e+11 0 1.86978e-06 0.999967 3.16159e-05
4.69894e+11 -1.249e-16 1.83565e-06 0.999967 3.10388e-05
4.74242e+11 -1.11022e-16 1.80215e-06 0.999968 3.04723e-05
4.7863e+11 -6.93889e-17 1.76926e-06 0.999968 2.99161e-05
4.83059e+11 -1.249e-16 1.73697e-06 0.999969 2.93701e-05
4.87528e+11 -1.66533e-16 1.70526e-06 0.999969 2.88341e-05
4.9204e+11 -8.32667e-17 1.67414e-06 0.99997 2.83078e-05
4.96592e+11 -1.38778e-16 1.64358e-06 0.999971 2.77911e-05
5.01187e+11 -1.52656e-16 1.61358e-06 0.999971 2.72839e-05
5.05825e+11 -1.94289e-16 1.58413e-06 0.999972 2.67859e-05
5.10505e+11 -1.11022e-16 1.55522e-06 0.999972 2.6297e-05
5.15229e+11 -9.71445e-17 1.52683e-06 0.999973 2.5817e-05
5.19996e+11 -1.38778e-16 1.49897e-06 0.999973 2.53458e-05
5.24807e+11 -6.93889e-17 1.47161e-06 0.999974 2.48832e-05
5.29663e+11 -1.249e-16 1.44475e-06 0.999974 2.4429e-05
5.34564e+11 -2.08167e-16 1.41838e-06 0.999975 2.39832e-05
5.39511e+11 -2.08167e-16 1.39249e-06 0.999975 2.35454e-05
5.44503e+11 -2.35922e-16 1.36708e-06 0.999976 2.31157e-05
5.49541e+11 -1.66533e-16 1.34212e-06 0.999976 2.26938e-05
5.54626e+11 -1.94289e-16 1.31763e-06 0.999976 2.22796e-05
5.59758e+11 -1.11022e-16 1.29358e-06 0.999977 2.18729e-05
5.64937e+11 -4.16334e-17 1.26997e-06 0.999977 2.14737e-05
5.70164e+11 -6.93889e-17 1.24679e-06 0.999978 2.10818e-05
5.7544e+11 -6.93889e-17 1.22403e-06 0.999978 2.0697e-05
5.80764e+11 -4.16334e-17 1.20169e-06 0.999978 2.03192e-05
5.86138e+11 -1.38778e-16 1.17976e-06 0.999979 1.99484e-05
5.91562e+11 -2.22045e-16 1.15823e-06 0.999979 1.95843e-05
5.97035e+11 -1.11022e-16 1.13709e-06 0.99998 1.92268e-05
6.0256e+11 -1.38778e-16 1.11633e-06 0.99998 1.88759e-05
6.08135e+11 -1.249e-16 1.09596e-06 0.99998 1.85314e-05
6.13762e+11 -4.16334e-17 1.07595e-06 0.999981 1.81931e-05
6.19441e+11 -1.52656e-16 1.05631e-06 0.999981 1.78611e-05
6.25173e+11 -1.66533e-16 1.03703e-06 0.999981 1.75351e-05
6.30957e+11 -1.66533e-16 1.01811e-06 0.999982 1.7215e-05
6.36796e+11 -2.08167e-16 9.99525e-07 0.999982 1.69008e-05
6.42688e+11 -1.80411e-16 9.81281e-07 0.999982 1.65923e-05
6.48634e+11 -1.52656e-16 9.63371e-07 0.999983 1.62895e-05
6.54636e+11 -2.22045e-16 9.45788e-07 0.999983 1.59922e-05
6.60693e+11 -2.22045e-16 9.28525e-07 0.999983 1.57003e-05
6.66807e+11 -1.52656e-16 9.11578e-07 0.999984 1.54137e-05
6.72977e+11 -9.71445e-17 8.9494e-07 0.999984 1.51324e-05
6.79204e+11 -1.52656e-16 8.78605e-07 0.999984 1.48562e-05
6.85488e+11 -1.66533e-16 8.62569e-07 0.999985 1.4585e-05
6.91831e+11 -9.71445e-17 8.46826e-07 0.999985 1.43188e-05
6.98232e+11 -1.66533e-16 8.31369e-07 0.999985 1.40575e-05
7.04693e+11 -1.38778e-16 8.16195e-07 0.999985 1.38009e-05
7.11214e+11 -1.66533e-16 8.01298e-07 0.999986 1.3549e-05
7.17794e+11 -1.80411e-16 7.86673e-07 0.999986 1.33017e-05
7.24436e+11 -1.66533e-16 7.72314e-07 0.999986 1.30589e-05
7.31139e+11 -1.38778e-16 7.58218e-07 0.999986 1.28206e-05
7.37904e+11 -1.11022e-16 7.44379e-07 0.999987 1.25866e-05
7.44732e+11 -1.38778e-16 7.30793e-07 0.999987 1.23569e-05
7.51623e+11 -8.32667e-17 7.17454e-07 0.999987 1.21313e-05
7.58578e+11 -9.71445e-17 7.04359e-07 0.999987 1.19099e-05
7.65597e+11 -1.66533e-16 6.91504e-07 0.999988 1.16925e-05
7.72681e+11 -8.32667e-17 6.78882e-07 0.999988 1.14791e-05
7.7983e+11 -8.32667e-17 6.66491e-07 0.999988 1.12696e-05
7.87046e+11 -1.80411e-16 6.54327e-07 0.999988 1.10639e-05
7.94328e+11 -1.11022e-16 6.42384e-07 0.999988 1.0862e-05
8.01678e+11 -5.55112e-17 6.30659e-07 0.999989 1.06637e-05
8.09096e+11 -1.11022e-16 6.19148e-07 0.999989 1.04691e-05
8.16582e+11 -1.38778e-16 6.07848e-07 0.999989 1.0278e-05
8.24138e+11 -1.52656e-16 5.96753e-07 0.999989 1.00904e-05
8.31764e+11 -1.66533e-16 5.85861e-07 0.99999 9.90623e-06
8.3946e+11 -1.66533e-16 5.75168e-07 0.99999 9.72542e-06
8.47227e+11 -5.55112e-17 5.6467e-07 0.99999 9.54792e-06
8.55067e+11 -5.55112e-17 5.54364e-07 0.99999 9.37365e-06
8.62979e+11 -1.249e-16 5.44245e-07 0.99999 9.20256e-06
8.70964e+11 -1.52656e-16 5.34312e-07 0.99999 9.03459e-06
8.79023e+11 -1.11022e-16 5.2456e-07 0.999991 8.8697e-06
8.87156e+11 -4.16334e-17 5.14985e-07 0.999991 8.70781e-06
8.95365e+11 -6.93889e-17 5.05586e-07 0.999991 8.54887e-06
9.03649e+11 -1.52656e-16 4.96358e-07 0.999991 8.39284e-06
9.12011e+11 -1.249e-16 4.87298e-07 0.999991 8.23965e-06
9.2045e+11 -1.11022e-16 4.78404e-07 0.999991 8.08926e-06
9.28966e+11 -1.249e-16 4.69672e-07 0.999992 7.94162e-06
9.37562e+11 -1.11022e-16 4.611e-07 0.999992 7.79666e-06
9.46237e+11 -6.93889e-17 4.52684e-07 0.999992 7.65436e-06
9.54993e+11 -5.55112e-17 4.44422e-07 0.999992 7.51465e-06
9.63829e+11 -9.71445e-17 4.3631e-07 0.999992 7.3775e-06
9.72747e+11 -1.249e-16 4.28346e-07 0.999992 7.24284e-06
9.81748e+11 -1.52656e-16 4.20528e-07 0.999992 7.11064e-06
9.90832e+11 -1.249e-16 4.12853e-07 0.999993 6.98086e-06
1e+12 -1.11022e-16 4.05317e-07 0.999993 6.85345e-06
1.00925e+12 -5.55112e-17 3.9792e-07 0.999993 6.72836e-06
1.01859e+12 -1.249e-16 3.90657e-07 0.999993 6.60555e-06
1.02802e+12 -1.38778e-16 3.83526e-07 0.999993 6.48499e-06
1.03753e+12 -1.94289e-16 3.76526e-07 0.999993 6.36662e-06
1.04713e+12 -1.38778e-16 3.69654e-07 0.999993 6.25042e-06
1.05682e+12 -6.93889e-17 3.62907e-07 0.999994 6.13634e-06
1.0666e+12 -9.71445e-17 3.56283e-07 0.999994 6.02434e-06
1.07647e+12 -8.32667e-17 3.4978e-07 0.999994 5.91438e-06
1.08643e+12 -8.32667e-17 3.43396e-07 0.999994 5.80643e-06
1.09648e+12 -1.94289e-16 3.37128e-07 0.999994 5.70045e-06
1.10662e+12 -1.249e-16 3.30975e-07 0.999994 5.59641e-06
1.11686e+12 -5.55112e-17 3.24934e-07 0.999994 5.49426e-06
1.1272e+12 -5.55112e-17 3.19004e-07 0.999994 5.39398e-06
1.13763e+12 -1.52656e-16 3.13181e-07 0.999994 5.29553e-06
1.14815e+12 -1.11022e-16 3.07465e-07 0.999994 5.19887e-06
1.15878e+12 -1.249e-16 3.01853e-07 0.999995 5.10398e-06
1.1695e+12 -8.32667e-17 2.96344e-07 0.999995 5.01083e-06
1.18032e+12 -6.93889e-17 2.90935e-07 0.999995 4.91937e-06
1.19124e+12 -1.52656e-16 2.85625e-07 0.999995 4.82958e-06
1.20226e+12 -1.94289e-16 2.80411e-07 0.999995 4.74143e-06
1.21339e+12 -1.249e-16 2.75293e-07 0.999995 4.65489e-06
1.22462e+12 -1.38778e-16 2.70269e-07 0.999995 4.56993e-06
1.23595e+12 -1.80411e-16 2.65336e-07 0.999995 4.48652e-06
1.24738e+12 -1.38778e-16 2.60493e-07 0.999995 4.40463e-06
1.25893e+12 -4.16334e-17 2.55738e-07 0.999995 4.32424e-06
1.27057e+12 0 2.51071e-07 0.999996 4.24531e-06
1.28233e+12 -6.93889e-17 2.46488e-07 0.999996 4.16782e-06
1.2942e+12 -8.32667e-17 2.41989e-07 0.999996 4.09175e-06
1.30617e+12 -8.32667e-17 2.37572e-07 0.999996 4.01707e-06
1.31826e+12 -9.71445e-17 2.33236e-07 0.999996 3.94375e-06
1.33045e+12 -8.32667e-17 2.28979e-07 0.999996 3.87177e-06
1.34276e+12 -1.11022e-16 2.248e-07 0.999996 3.8011e-06
1.35519e+12 -1.66533e-16 2.20697e-07 0.999996 3.73172e-06
1.36773e+12 -1.249e-16 2.16669e-07 0.999996 3.66361e-06
1.38038e+12 -1.11022e-16 2.12714e-07 0.999996 3.59674e-06
1.39316e+12 -1.80411e-16 2.08831e-07 0.999996 3.5311e-06
1.40605e+12 -2.22045e-16 2.0502e-07 0.999996 3.46665e-06
1.41906e+12 -1.66533e-16 2.01278e-07 0.999996 3.40337e-06
1.43219e+12 -1.249e-16 1.97604e-07 0.999996 3.34125e-06
1.44544e+12 -1.80411e-16 1.93997e-07 0.999997 3.28027e-06
1.45881e+12 -3.05311e-16 1.90457e-07 0.999997 3.2204e-06
1.47231e+12 -3.46945e-16 1.8698e-07 0.999997 3.16162e-06
1.48594e+12 -3.05311e-16 1.83568e-07 0.999997 3.10391e-06
1.49968e+12 -2.35922e-16 1.80217e-07 0.999997 3.04726e-06
1.51356e+12 -1.38778e-16 1.76928e-07 0.999997 2.99164e-06
1.52757e+12 -1.249e-16 1.73698e-07 0.999997 2.93704e-06
1.5417e+12 -1.66533e-16 1.70528e-07 0.999997 2.88343e-06
1.55597e+12 -2.08167e-16 1.67416e-07 0.999997 2.8308e-06
1.57036e+12 -9.71445e-17 1.6436e-07 0.999997 2.77913e-06
1.58489e+12 -1.249e-16 1.6136e-07 0.999997 2.72841e-06
1.59956e+12 -1.249e-16 1.58415e-07 0.999997 2.67861e-06
1.61436e+12 -4.16334e-17 1.55523e-07 0.999997 2.62972e-06
1.6293e+12 -1.52656e-16 1.52685e-07 0.999997 2.58172e-06
1.64437e+12 -1.66533e-16 1.49898e-07 0.999997 2.5346e-06
1.65959e+12 -6.93889e-17 1.47162e-07 0.999997 2.48834e-06
1.67494e+12 -1.249e-16 1.44476e-07 0.999997 2.44292e-06
1.69044e+12 -1.80411e-16 1.41839e-07 0.999997 2.39833e-06
1.70608e+12 -1.249e-16 1.3925e-07 0.999998 2.35456e-06
1.72187e+12 -2.08167e-16 1.36709e-07 0.999998 2.31158e-06
1.7378e+12 -2.498e-16 1.34213e-07 0.999998 2.26939e-06
1.75388e+12 -2.63678e-16 1.31764e-07 0.999998 2.22797e-06
1.77011e+12 -2.498e-16 1.29359e-07 0.999998 2.18731e-06
1.78649e+12 -2.35922e-16 1.26998e-07 0.999998 2.14738e-06
1.80302e+12 -2.22045e-16 1.2468e-07 0.999998 2.10819e-06
1.8197e+12 -2.91434e-16 1.22404e-07 0.999998 2.06971e-06
1.83654e+12 -1.94289e-16 1.2017e-07 0.999998 2.03193e-06
1.85353e+12 -2.08167e-16 1.17977e-07 0.999998 1.99485e-06
1.87068e+12 -2.08167e-16 1.15823e-07 0.999998 1.95844e-06
1.88799e+12 -2.08167e-16 1.13709e-07 0.999998 1.92269e-06
1.90546e+12 -1.94289e-16 1.11634e-07 0.999998 1.8876e-06
1.92309e+12 -1.38778e-16 1.09596e-07 0.999998 1.85315e-06
1.94089e+12 -1.66533e-16 1.07596e-07 0.999998 1.81932e-06
1.95884e+12 -1.80411e-16 1.05632e-07 0.999998 1.78612e-06
1.97697e+12 -1.66533e-16 1.03704e-07 0.999998 1.75352e-06
1.99526e+12 -1.52656e-16 1.01811e-07 0.999998 1.72151e-06
2.01372e+12 -6.93889e-17 9.99531e-08 0.999998 1.69009e-06
2.03236e+12 -8.32667e-17 9.81287e-08 0.999998 1.65924e-06
2.05116e+12 -1.52656e-16 9.63377e-08 0.999998 1.62896e-06
2.07014e+12 -1.94289e-16 9.45793e-08 0.999998 1.59923e-06
2.0893e+12 -1.11022e-16 9.28531e-08 0.999998 1.57004e-06
2.10863e+12 -1.11022e-16 9.11583e-08 0.999998 1.54138e-06
2.12814e+12 -9.71445e-17 8.94945e-08 0.999998 1.51325e-06
2.14783e+12 -1.11022e-16 8.7861e-08 0.999998 1.48563e-06
2.1677e+12 -1.52656e-16 8.62574e-08 0.999998 1.45851e-06
2.18776e+12 -2.08167e-16 8.4683e-08 0.999998 1.43189e-06
2.208e+12 -1.94289e-16 8.31374e-08 0.999999 1.40576e-06
2.22844e+12 -1.66533e-16 8.16199e-08 0.999999 1.3801e-06
2.24905e+12 -2.08167e-16 8.01302e-08 0.999999 1.35491e-06
2.26986e+12 -2.22045e-16 7.86677e-08 0.999999 1.33018e-06
2.29087e+12 -2.77556e-16 7.72318e-08 0.999999 1.3059e-06
2.31206e+12 -2.77556e-16 7.58222e-08 0.999999 1.28206e-06
2.33346e+12 -2.22045e-16 7.44383e-08 0.999999 1.25866e-06
2.35505e+12 -9.71445e-17 7.30796e-08 0.999999 1.23569e-06
2.37684e+12 -8.32667e-17 7.17458e-08 0.999999 1.21314e-06
2.39883e+12 -8.32667e-17 7.04363e-08 0.999999 1.19099e-06
2.42103e+12 -4.16334e-17 6.91506e-08 0.999999 1.16926e-06
2.44343e+12 -1.249e-16 6.78885e-08 0.999999 1.14792e-06
2.46604e+12 -1.249e-16 6.66494e-08 0.999999 1.12696e-06
2.48886e+12 -6.93889e-17 6.54329e-08 0.999999 1.10639e-06
2.51189e+12 0 6.42386e-08 0.999999 1.0862e-06
2.53513e+12 -5.55112e-17 6.30661e-08 0.999999 1.06637e-06
2.55859e+12 -1.38778e-16 6.19151e-08 0.999999 1.04691e-06
2.58226e+12 -1.52656e-16 6.0785e-08 0.999999 1.0278e-06
2.60615e+12 -1.249e-16 5.96755e-08 0.999999 1.00904e-06
2.63027e+12 -5.55112e-17 5.85863e-08 0.999999 9.90626e-07
2.65461e+12 -1.249e-16 5.7517e-08 0.999999 9.72545e-07
2.67917e+12 -1.80411e-16 5.64672e-08 0.999999 9.54795e-07
2.70396e+12 -1.11022e-16 5.54366e-08 0.999999 9.37368e-07
2.72898e+12 -1.52656e-16 5.44247e-08 0.999999 9.20259e-07
2.75423e+12 -1.94289e-16 5.34314e-08 0.999999 9.03462e-07
2.77971e+12 -9.71445e-17 5.24561e-08 0.999999 8.86972e-07
2.80543e+12 -1.11022e-16 5.14987e-08 0.999999 8.70783e-07
2.83139e+12 -8.32667e-17 5.05587e-08 0.999999 8.54889e-07
2.85759e+12 -1.11022e-16 4.96359e-08 0.999999 8.39286e-07
2.88403e+12 -2.08167e-16 4.873e-08 0.999999 8.23967e-07
2.91072e+12 -1.38778e-16 4.78406e-08 0.999999 8.08928e-07
2.93765e+12 -1.38778e-16 4.69674e-08 0.999999 7.94164e-07
2.96483e+12 -1.80411e-16 4.61101e-08 0.999999 7.79668e-07
2.99226e+12 -9.71445e-17 4.52685e-08 0.999999 7.65438e-07
3.01995e+12 -1.52656e-16 4.44423e-08 0.999999 7.51467e-07
3.04789e+12 -1.66533e-16 4.36311e-08 0.999999 7.37751e-07
3.0761e+12 -8.32667e-17 4.28348e-08 0.999999 7.24286e-07
3.10456e+12 -1.11022e-16 4.20529e-08 0.999999 7.11066e-07
3.13329e+12 -1.66533e-16 4.12854e-08 0.999999 6.98088e-07
3.16228e+12 -8.32667e-17 4.05318e-08 0.999999 6.85346e-07
3.19154e+12 -8.32667e-17 3.97921e-08 0.999999 6.72837e-07
3.22107e+12 -5.55112e-17 3.90658e-08 0.999999 6.60556e-07
3.25087e+12 -1.80411e-16 3.83527e-08 0.999999 6.485e-07
3.28095e+12 -2.498e-16 3.76527e-08 0.999999 6.36664e-07
3.31131e+12 -2.08167e-16 3.69655e-08 0.999999 6.25043e-07
3.34195e+12 -1.52656e-16 3.62908e-08 0.999999 6.13635e-07
3.37287e+12 -1.11022e-16 3.56284e-08 0.999999 6.02435e-07
3.40408e+12 -6.93889e-17 3.49781e-08 0.999999 5.91439e-07
3.43558e+12 -1.38778e-17 3.43397e-08 0.999999 5.80644e-07
3.46737e+12 -8.32667e-17 3.37129e-08 0.999999 5.70046e-07
3.49945e+12 -1.52656e-16 3.30976e-08 0.999999 5.59642e-07
3.53183e+12 -1.249e-16 3.24935e-08 0.999999 5.49427e-07
3.56451e+12 -8.32667e-17 3.19004e-08 0.999999 5.39399e-07
3.59749e+12 -1.249e-16 3.13182e-08 0.999999 5.29554e-07
3.63078e+12 -5.55112e-17 3.07465e-08 0.999999 5.19888e-07
3.66438e+12 -1.11022e-16 3.01854e-08 0.999999 5.10399e-07
3.69828e+12 -1.80411e-16 2.96344e-08 0.999999 5.01083e-07
3.7325e+12 -1.38778e-16 2.90935e-08 0.999999 4.91938e-07
3.76704e+12 -1.11022e-16 2.85625e-08 0.999999 4.82959e-07
3.80189e+12 1.38778e-17 2.80412e-08 0.999999 4.74144e-07
3.83707e+12 -1.249e-16 2.75294e-08 1 4.6549e-07
3.87258e+12 -1.11022e-16 2.70269e-08 1 4.56993e-07
3.90841e+12 -8.32667e-17 2.65336e-08 1 4.48652e-07
3.94457e+12 -1.94289e-16 2.60493e-08 1 4.40464e-07
3.98107e+12 -2.22045e-16 2.55739e-08 1 4.32424e-07
4.01791e+12 -2.35922e-16 2.51071e-08 1 4.24532e-07
4.05509e+12 -1.66533e-16 2.46488e-08 1 4.16783e-07
4.09261e+12 -8.32667e-17 2.41989e-08 1 4.09176e-07
4.13048e+12 -8.32667e-17 2.37573e-08 1 4.01708e-07
4.16869e+12 -1.52656e-16 2.33236e-08 1 3.94376e-07
4.20727e+12 -1.66533e-16 2.28979e-08 1 3.87177e-07
4.2462e+12 -1.80411e-16 2.248e-08 1 3.80111e-07
4.28549e+12 -1.249e-16 2.20697e-08 1 3.73173e-07
4.32514e+12 -1.66533e-16 2.16669e-08 1 3.66362e-07
4.36516e+12 -2.63678e-16 2.12714e-08 1 3.59675e-07
4.40555e+12 -1.38778e-16 2.08832e-08 1 3.5311e-07
4.44631e+12 -1.94289e-16 2.0502e-08 1 3.46665e-07
4.48745e+12 -1.66533e-16 2.01278e-08 1 3.40338e-07
4.52898e+12 -9.71445e-17 1.97604e-08 1 3.34126e-07
4.57088e+12 0 1.93998e-08 1 3.28027e-07
4.61318e+12 -8.32667e-17 1.90457e-08 1 3.2204e-07
4.65586e+12 -6.93889e-17 1.86981e-08 1 3.16162e-07
4.69894e+12 -5.55112e-17 1.83568e-08 1 3.10392e-07
4.74242e+12 0 1.80217e-08 1 3.04726e-07
4.7863e+12 -1.38778e-16 1.76928e-08 1 2.99164e-07
4.83059e+12 -4.16334e-17 1.73699e-08 1 2.93704e-07
4.87528e+12 -8.32667e-17 1.70528e-08 1 2.88343e-07
4.9204e+12 -1.11022e-16 1.67416e-08 1 2.83081e-07
4.96592e+12 -1.52656e-16 1.6436e-08 1 2.77914e-07
5.01187e+12 -1.249e-16 1.6136e-08 1 2.72841e-07
5.05825e+12 -4.16334e-17 1.58415e-08 1 2.67861e-07
5.10505e+12 -9.71445e-17 1.55524e-08 1 2.62972e-07
5.15229e+12 -6.93889e-17 1.52685e-08 1 2.58173e-07
5.19996e+12 -8.32667e-17 1.49898e-08 1 2.5346e-07
5.24807e+12 -1.11022e-16 1.47162e-08 1 2.48834e-07
5.29663e+12 -2.498e-16 1.44476e-08 1 2.44292e-07
5.34564e+12 -8.32667e-17 1.41839e-08 1 2.39834e-07
5.39511e+12 -1.52656e-16 1.3925e-08 1 2.35456e-07
5.44503e+12 -1.66533e-16 1.36709e-08 1 2.31159e-07
5.49541e+12 -6.93889e-17 1.34214e-08 1 2.26939e-07
5.54626e+12 -5.55112e-17 1.31764e-08 1 2.22797e-07
5.59758e+12 -2.35922e-16 1.29359e-08 1 2.18731e-07
5.64937e+12 -1.94289e-16 1.26998e-08 1 2.14739e-07
5.70164e+12 -2.08167e-16 1.2468e-08 1 2.10819e-07
5.7544e+12 -9.71445e-17 1.22404e-08 1 2.06971e-07
5.80764e+12 -2.77556e-17 1.2017e-08 1 2.03194e-07
5.86138e+12 -1.80411e-16 1.17977e-08 1 1.99485e-07
5.91562e+12 -1.94289e-16 1.15823e-08 1 1.95844e-07
5.97035e+12 -1.80411e-16 1.13709e-08 1 1.92269e-07
6.0256e+12 -1.66533e-16 1.11634e-08 1 1.8876e-07
6.08135e+12 -1.94289e-16 1.09596e-08 1 1.85315e-07
6.13762e+12 -6.93889e-17 1.07596e-08 1 1.81932e-07
6.19441e+12 -1.11022e-16 1.05632e-08 1 1.78612e-07
6.25173e+12 -6.93889e-17 1.03704e-08 1 1.75352e-07
6.30957e+12 -4.16334e-17 1.01811e-08 1 1.72151e-07
6.36796e+12 -6.93889e-17 9.99531e-09 1 1.69009e-07
6.42688e+12 -2.77556e-17 9.81288e-09 1 1.65924e-07
6.48634e+12 -9.71445e-17 9.63377e-09 1 1.62896e-07
6.54636e+12 -1.11022e-16 9.45794e-09 1 1.59923e-07
6.60693e+12 -9.71445e-17 9.28531e-09 1 1.57004e-07
6.66807e+12 -1.38778e-16 9.11583e-09 1 1.54138e-07
6.72977e+12 -1.249e-16 8.94945e-09 1 1.51325e-07
6.79204e+12 -8.32667e-17 8.78611e-09 1 1.48563e-07
6.85488e+12 -2.08167e-16 8.62574e-09 1 1.45851e-07
6.91831e+12 -2.63678e-16 8.4683e-09 1 1.43189e-07
6.98232e+12 -1.249e-16 8.31374e-09 1 1.40576e-07
7.04693e+12 -8.32667e-17 8.162e-09 1 1.3801e-07
7.11214e+12 -1.38778e-17 8.01302e-09 1 1.35491e-07
7.17794e+12 0 7.86677e-09 1 1.33018e-07
7.24436e+12 -9.71445e-17 7.72319e-09 1 1.3059e-07
7.31139e+12 -1.249e-16 7.58222e-09 1 1.28206e-07
7.37904e+12 -5.55112e-17 7.44383e-09 1 1.25866e-07
7.44732e+12 -6.93889e-17 7.30796e-09 1 1.23569e-07
7.51623e+12 -5.55112e-17 7.17458e-09 1 1.21314e-07
7.58578e+12 -1.38778e-17 7.04363e-09 1 1.191e-07
7.65597e+12 -1.249e-16 6.91507e-09 1 1.16926e-07
7.72681e+12 -1.11022e-16 6.78885e-09 1 1.14792e-07
7.7983e+12 -6.93889e-17 6.66494e-09 1 1.12696e-07
7.87046e+12 -8.32667e-17 6.54329e-09 1 1.10639e-07
7.94328e+12 -2.77556e-17 6.42387e-09 1 1.0862e-07
8.01678e+12 -2.77556e-17 6.30662e-09 1 1.06638e-07
8.09096e+12 -4.16334e-17 6.19151e-09 1 1.04691e-07
8.16582e+12 -6.93889e-17 6.0785e-09 1 1.0278e-07
8.24138e+12 -1.94289e-16 5.96755e-09 1 1.00904e-07
8.31764e+12 -9.71445e-17 5.85863e-09 1 9.90627e-08
8.3946e+12 -9.71445e-17 5.7517e-09 1 9.72546e-08
8.47227e+12 -1.249e-16 5.64672e-09 1 9.54795e-08
8.55067e+12 -6.93889e-17 5.54366e-09 1 9.37368e-08
8.62979e+12 -6.93889e-17 5.44247e-09 1 9.20259e-08
8.70964e+12 -9.71445e-17 5.34314e-09 1 9.03462e-08
8.79023e+12 -1.94289e-16 5.24562e-09 1 8.86972e-08
8.87156e+12 -1.38778e-16 5.14987e-09 1 8.70783e-08
8.95365e+12 -2.22045e-16 5.05588e-09 1 8.5489e-08
9.03649e+12 -1.38778e-16 4.9636e-09 1 8.39286e-08
9.12011e+12 -9.71445e-17 4.873e-09 1 8.23967e-08
9.2045e+12 -8.32667e-17 4.78406e-09 1 8.08928e-08
9.28966e+12 -1.52656e-16 4.69674e-09 1 7.94164e-08
9.37562e+12 -1.38778e-16 4.61101e-09 1 7.79669e-08
9.46237e+12 -2.08167e-16 4.52685e-09 1 7.65438e-08
9.54993e+12 -1.66533e-16 4.44423e-09 1 7.51467e-08
9.63829e+12 -1.52656e-16 4.36311e-09 1 7.37751e-08
9.72747e+12 -9.71445e-17 4.28348e-09 1 7.24286e-08
9.81748e+12 -4.16334e-17 4.2053e-09 1 7.11066e-08
9.90832e+12 -1.249e-16 4.12854e-09 1 6.98088e-08
1e+13 -2.91434e-16 4.05319e-09 1 6.85346e-08
1.00925e+13 -1.249e-16 3.97921e-09 1 6.72837e-08
1.01859e+13 -4.16334e-17 3.90658e-09 1 6.60557e-08
1.02802e+13 -5.55112e-17 3.83527e-09 1 6.485e-08
1.03753e+13 -9.71445e-17 3.76527e-09 1 6.36664e-08
1.04713e+13 -8.32667e-17 3.69655e-09 1 6.25043e-08
1.05682e+13 -1.52656e-16 3.62908e-09 1 6.13635e-08
1.0666e+13 -6.93889e-17 3.56284e-09 1 6.02435e-08
1.07647e+13 -1.38778e-16 3.49781e-09 1 5.91439e-08
1.08643e+13 -1.38778e-16 3.43397e-09 1 5.80644e-08
1.09648e+13 -1.11022e-16 3.37129e-09 1 5.70046e-08
1.10662e+13 -1.38778e-16 3.30976e-09 1 5.59642e-08
1.11686e+13 -1.80411e-16 3.24935e-09 1 5.49427e-08
1.1272e+13 -8.32667e-17 3.19004e-09 1 5.39399e-08
1.13763e+13 -2.498e-16 3.13182e-09 1 5.29554e-08
1.14815e+13 -2.08167e-16 3.07466e-09 1 5.19888e-08
1.15878e+13 -5.55112e-17 3.01854e-09 1 5.10399e-08
1.1695e+13 -1.249e-16 2.96344e-09 1 5.01083e-08
1.18032e+13 -2.77556e-16 2.90935e-09 1 4.91938e-08
1.19124e+13 -2.77556e-16 2.85625e-09 1 4.82959e-08
1.20226e+13 -9.71445e-17 2.80412e-09 1 4.74144e-08
1.21339e+13 -6.93889e-17 2.75294e-09 1 4.6549e-08
1.22462e+13 -1.38778e-16 2.70269e-09 1 4.56994e-08
1.23595e+13 -1.11022e-16 2.65336e-09 1 4.48652e-08
1.24738e+13 -1.249e-16 2.60493e-09 1 4.40464e-08
1.25893e+13 -5.55112e-17 2.55739e-09 1 4.32424e-08
1.27057e+13 1.249e-16 2.51071e-09 1 4.24532e-08
1.28233e+13 -1.38778e-16 2.46488e-09 1 4.16783e-08
1.2942e+13 -9.71445e-17 2.41989e-09 1 4.09176e-08
1.30617e+13 -1.11022e-16 2.37573e-09 1 4.01708e-08
1.31826e+13 -6.93889e-17 2.33236e-09 1 3.94376e-08
1.33045e+13 -6.93889e-17 2.28979e-09 1 3.87177e-08
1.34276e+13 -8.32667e-17 2.248e-09 1 3.80111e-08
1.35519e+13 -1.249e-16 2.20697e-09 1 3.73173e-08
1.36773e+13 -9.71445e-17 2.16669e-09 1 3.66362e-08
1.38038e+13 -1.11022e-16 2.12714e-09 1 3.59675e-08
1.39316e+13 -1.11022e-16 2.08832e-09 1 3.5311e-08
1.40605e+13 -4.16334e-17 2.0502e-09 1 3.46665e-08
1.41906e+13 -2.77556e-16 2.01278e-09 1 3.40338e-08
1.43219e+13 -1.66533e-16 1.97604e-09 1 3.34126e-08
1.44544e+13 -2.77556e-17 1.93998e-09 1 3.28027e-08
1.45881e+13 -1.38778e-16 1.90457e-09 1 3.2204e-08
1.47231e+13 -1.52656e-16 1.86981e-09 1 3.16162e-08
1.48594e+13 -2.08167e-16 1.83568e-09 1 3.10392e-08
1.49968e+13 -1.249e-16 1.80217e-09 1 3.04726e-08
1.51356e+13 -5.55112e-17 1.76928e-09 1 2.99164e-08
1.52757e+13 -1.249e-16 1.73699e-09 1 2.93704e-08
1.5417e+13 -1.52656e-16 1.70528e-09 1 2.88343e-08
1.55597e+13 -1.52656e-16 1.67416e-09 1 2.83081e-08
1.57036e+13 -1.94289e-16 1.6436e-09 1 2.77914e-08
1.58489e+13 -6.93889e-17 1.6136e-09 1 2.72841e-08
1.59956e+13 5.55112e-17 1.58415e-09 1 2.67861e-08
1.61436e+13 -1.38778e-17 1.55524e-09 1 2.62972e-08
1.6293e+13 -6.93889e-17 1.52685e-09 1 2.58173e-08
1.64437e+13 -8.32667e-17 1.49898e-09 1 2.5346e-08
1.65959e+13 -1.11022e-16 1.47162e-09 1 2.48834e-08
1.67494e+13 -1.11022e-16 1.44476e-09 1 2.44292e-08
1.69044e+13 -6.93889e-17 1.41839e-09 1 2.39834e-08
1.70608e+13 -1.11022e-16 1.3925e-09 1 2.35456e-08
1.72187e+13 -1.38778e-16 1.36709e-09 1 2.31159e-08
1.7378e+13 -2.63678e-16 1.34214e-09 1 2.26939e-08
1.75388e+13 -2.22045e-16 1.31764e-09 1 2.22797e-08
1.77011e+13 -6.93889e-17 1.29359e-09 1 2.18731e-08
1.78649e+13 -1.52656e-16 1.26998e-09 1 2.14739e-08
1.80302e+13 -1.66533e-16 1.2468e-09 1 2.10819e-08
1.8197e+13 0 1.22404e-09 1 2.06971e-08
1.83654e+13 -5.55112e-17 1.2017e-09 1 2.03194e-08
1.85353e+13 -1.52656e-16 1.17977e-09 1 1.99485e-08
1.87068e+13 -6.93889e-17 1.15823e-09 1 1.95844e-08
1.88799e+13 -1.11022e-16 1.13709e-09 1 1.92269e-08
1.90546e+13 -2.22045e-16 1.11634e-09 1 1.8876e-08
1.92309e+13 -2.22045e-16 1.09596e-09 1 1.85315e-08
1.94089e+13 -2.91434e-16 1.07596e-09 1 1.81932e-08
1.95884e+13 -9.71445e-17 1.05632e-09 1 1.78612e-08
1.97697e+13 -2.91434e-16 1.03704e-09 1 1.75352e-08
1.99526e+13 -6.93889e-17 1.01811e-09 1 1.72151e-08
2.01372e+13 -1.38778e-16 9.99531e-10 1 1.69009e-08
2.03236e+13 -2.35922e-16 9.81288e-10 1 1.65924e-08
2.05116e+13 -1.66533e-16 9.63377e-10 1 1.62896e-08
2.07014e+13 -5.55112e-17 9.45794e-10 1 1.59923e-08
2.0893e+13 0 9.28531e-10 1 1.57004e-08
2.10863e+13 -5.55112e-17 9.11584e-10 1 1.54138e-08
2.12814e+13 -6.93889e-17 8.94945e-10 1 1.51325e-08
2.14783e+13 -2.35922e-16 8.7861e-10 1 1.48563e-08
2.1677e+13 -1.94289e-16 8.62574e-10 1 1.45851e-08
2.18776e+13 -1.38778e-17 8.4683e-10 1 1.43189e-08
2.208e+13 -5.55112e-17 8.31374e-10 1 1.40576e-08
2.22844e+13 -4.16334e-17 8.162e-10 1 1.3801e-08
2.24905e+13 -9.71445e-17 8.01302e-10 1 1.35491e-08
2.26986e+13 -5.55112e-17 7.86677e-10 1 1.33018e-08
2.29087e+13 -9.71445e-17 7.72319e-10 1 1.3059e-08
2.31206e+13 -1.52656e-16 7.58222e-10 1 1.28207e-08
2.33346e+13 -2.91434e-16 7.44383e-10 1 1.25866e-08
2.35505e+13 -8.32667e-17 7.30796e-10 1 1.23569e-08
2.37684e+13 -1.94289e-16 7.17458e-10 1 1.21314e-08
2.39883e+13 -2.08167e-16 7.04363e-10 1 1.191e-08
2.42103e+13 -1.11022e-16 6.91507e-10 1 1.16926e-08
2.44343e+13 -2.22045e-16 6.78885e-10 1 1.14792e-08
2.46604e+13 -6.93889e-17 6.66494e-10 1 1.12696e-08
2.48886e+13 -1.38778e-16 6.54329e-10 1 1.10639e-08
2.51189e+13 -2.91434e-16 6.42386e-10 1 1.0862e-08
2.53513e+13 -2.22045e-16 6.30662e-10 1 1.06638e-08
2.55859e+13 -9.71445e-17 6.19151e-10 1 1.04691e-08
2.58226e+13 -1.52656e-16 6.0785e-10 1 1.0278e-08
2.60615e+13 -8.32667e-17 5.96756e-10 1 1.00904e-08
2.63027e+13 -1.249e-16 5.85863e-10 1 9.90627e-09
2.65461e+13 -9.71445e-17 5.7517e-10 1 9.72546e-09
2.67917e+13 -1.94289e-16 5.64672e-10 1 9.54795e-09
2.70396e+13 -2.08167e-16 5.54366e-10 1 9.37368e-09
2.72898e+13 -8.32667e-17 5.44248e-10 1 9.20259e-09
2.75423e+13 -1.52656e-16 5.34314e-10 1 9.03462e-09
2.77971e+13 -2.77556e-17 5.24562e-10 1 8.86972e-09
2.80543e+13 -8.32667e-17 5.14987e-10 1 8.70783e-09
2.83139e+13 -1.80411e-16 5.05588e-10 1 8.5489e-09
2.85759e+13 -1.66533e-16 4.9636e-10 1 8.39286e-09
2.88403e+13 -1.52656e-16 4.873e-10 1 8.23967e-09
2.91072e+13 -8.32667e-17 4.78406e-10 1 8.08928e-09
2.93765e+13 -9.71445e-17 4.69674e-10 1 7.94164e-09
2.96483e+13 -5.55112e-17 4.61102e-10 1 7.79669e-09
2.99226e+13 -4.16334e-17 4.52685e-10 1 7.65438e-09
3.01995e+13 -5.55112e-17 4.44423e-10 1 7.51467e-09
3.04789e+13 0 4.36312e-10 1 7.37751e-09
3.0761e+13 -9.71445e-17 4.28348e-10 1 7.24286e-09
3.10456e+13 -2.35922e-16 4.2053e-10 1 7.11066e-09
3.13329e+13 -1.249e-16 4.12854e-10 1 6.98088e-09
3.16228e+13 -8.32667e-17 4.05318e-10 1 6.85346e-09
3.19154e+13 -1.38778e-16 3.97921e-10 1 6.72837e-09
3.22107e+13 -1.11022e-16 3.90658e-10 1 6.60557e-09
3.25087e+13 -9.71445e-17 3.83527e-10 1 6.485e-09
3.28095e+13 -2.77556e-16 3.76527e-10 1 6.36664e-09
3.31131e+13 -8.32667e-17 3.69655e-10 1 6.25043e-09
3.34195e+13 -6.93889e-17 3.62908e-10 1 6.13635e-09
3.37287e+13 -2.22045e-16 3.56284e-10 1 6.02435e-09
3.40408e+13 -2.77556e-17 3.49781e-10 1 5.91439e-09
3.43558e+13 -4.16334e-17 3.43397e-10 1 5.80644e-09
3.46737e+13 -1.38778e-16 3.3713e-10 1 5.70046e-09
3.49945e+13 -1.38778e-16 3.30976e-10 1 5.59642e-09
3.53183e+13 -1.11022e-16 3.24935e-10 1 5.49427e-09
3.56451e+13 -6.93889e-17 3.19004e-10 1 5.39399e-09
3.59749e+13 -4.16334e-17 3.13182e-10 1 5.29554e-09
3.63078e+13 -1.38778e-16 3.07465e-10 1 5.19888e-09
3.66438e+13 -9.71445e-17 3.01854e-10 1 5.10399e-09
3.69828e+13 -2.08167e-16 2.96344e-10 1 5.01083e-09
3.7325e+13 -1.66533e-16 2.90935e-10 1 4.91938e-09
3.76704e+13 -1.66533e-16 2.85625e-10 1 4.82959e-09
3.80189e+13 -1.94289e-16 2.80412e-10 1 4.74144e-09
3.83707e+13 -1.80411e-16 2.75294e-10 1 4.6549e-09
3.87258e+13 -1.94289e-16 2.70269e-10 1 4.56994e-09
3.90841e+13 -5.55112e-17 2.65336e-10 1 4.48652e-09
3.94457e+13 -2.35922e-16 2.60493e-10 1 4.40464e-09
3.98107e+13 -1.94289e-16 2.55739e-10 1 4.32424e-09
4.01791e+13 -1.94289e-16 2.51071e-10 1 4.24532e-09
4.05509e+13 -2.77556e-17 2.46488e-10 1 4.16783e-09
4.09261e+13 2.77556e-17 2.4199e-10 1 4.09176e-09
4.13048e+13 -2.77556e-17 2.37573e-10 1 4.01708e-09
4.16869e+13 -2.35922e-16 2.33237e-10 1 3.94376e-09
4.20727e+13 -1.38778e-16 2.28979e-10 1 3.87177e-09
4.2462e+13 -5.55112e-17 2.248e-10 1 3.80111e-09
4.28549e+13 -6.93889e-17 2.20697e-10 1 3.73173e-09
4.32514e+13 -5.55112e-17 2.16669e-10 1 3.66362e-09
4.36516e+13 -2.91434e-16 2.12714e-10 1 3.59675e-09
4.40555e+13 -9.71445e-17 2.08832e-10 1 3.5311e-09
4.44631e+13 -2.35922e-16 2.0502e-10 1 3.46665e-09
4.48745e+13 -1.38778e-16 2.01278e-10 1 3.40338e-09
4.52898e+13 -1.249e-16 1.97605e-10 1 3.34126e-09
4.57088e+13 -1.80411e-16 1.93998e-10 1 3.28027e-09
4.61318e+13 -9.71445e-17 1.90457e-10 1 3.2204e-09
4.65586e+13 -1.38778e-17 1.86981e-10 1 3.16162e-09
4.69894e+13 -1.52656e-16 1.83568e-10 1 3.10392e-09
4.74242e+13 -1.94289e-16 1.80217e-10 1 3.04726e-09
4.7863e+13 -8.32667e-17 1.76928e-10 1 2.99165e-09
4.83059e+13 -1.66533e-16 1.73698e-10 1 2.93704e-09
4.87528e+13 -2.08167e-16 1.70528e-10 1 2.88343e-09
4.9204e+13 -2.08167e-16 1.67416e-10 1 2.83081e-09
4.96592e+13 -2.498e-16 1.6436e-10 1 2.77914e-09
5.01187e+13 -1.11022e-16 1.6136e-10 1 2.72841e-09
5.05825e+13 -1.11022e-16 1.58415e-10 1 2.67861e-09
5.10505e+13 -1.11022e-16 1.55524e-10 1 2.62972e-09
5.15229e+13 -1.249e-16 1.52685e-10 1 2.58173e-09
5.19996e+13 -2.22045e-16 1.49898e-10 1 2.5346e-09
5.24807e+13 -1.249e-16 1.47162e-10 1 2.48834e-09
5.29663e+13 -1.11022e-16 1.44476e-10 1 2.44292e-09
5.34564e+13 -1.94289e-16 1.41839e-10 1 2.39834e-09
5.39511e+13 -1.94289e-16 1.3925e-10 1 2.35456e-09
5.44503e+13 -1.52656e-16 1.36709e-10 1 2.31159e-09
5.49541e+13 -1.66533e-16 1.34214e-10 1 2.26939e-09
5.54626e+13 -9.71445e-17 1.31764e-10 1 2.22797e-09
5.59758e+13 -1.52656e-16 1.29359e-10 1 2.18731e-09
5.64937e+13 -6.93889e-17 1.26998e-10 1 2.14739e-09
5.70164e+13 -1.80411e-16 1.2468e-10 1 2.10819e-09
5.7544e+13 -1.66533e-16 1.22404e-10 1 2.06971e-09
5.80764e+13 -1.38778e-16 1.2017e-10 1 2.03194e-09
5.86138e+13 -3.05311e-16 1.17977e-10 1 1.99485e-09
5.91562e+13 -2.22045e-16 1.15823e-10 1 1.95844e-09
5.97035e+13 -2.63678e-16 1.13709e-10 1 1.92269e-09
6.0256e+13 -1.249e-16 1.11634e-10 1 1.8876e-09
6.08135e+13 -1.52656e-16 1.09597e-10 1 1.85315e-09
6.13762e+13 -9.71445e-17 1.07596e-10 1 1.81932e-09
6.19441e+13 -1.94289e-16 1.05632e-10 1 1.78612e-09
6.25173e+13 -2.498e-16 1.03704e-10 1 1.75352e-09
6.30957e+13 -9.71445e-17 1.01811e-10 1 1.72151e-09
6.36796e+13 -1.38778e-16 9.99529e-11 1 1.69009e-09
6.42688e+13 -2.35922e-16 9.81291e-11 1 1.65924e-09
6.48634e+13 -2.35922e-16 9.63381e-11 1 1.62896e-09
6.54636e+13 -2.63678e-16 9.45791e-11 1 1.59923e-09
6.60693e+13 -3.05311e-16 9.28529e-11 1 1.57004e-09
6.66807e+13 -1.249e-16 9.11582e-11 1 1.54138e-09
6.72977e+13 -4.16334e-17 8.94944e-11 1 1.51325e-09
6.79204e+13 -2.08167e-16 8.78614e-11 1 1.48563e-09
6.85488e+13 -8.32667e-17 8.62577e-11 1 1.45851e-09
6.91831e+13 -1.94289e-16 8.46833e-11 1 1.43189e-09
6.98232e+13 -5.55112e-17 8.31373e-11 1 1.40576e-09
7.04693e+13 -2.77556e-17 8.16201e-11 1 1.3801e-09
7.11214e+13 -2.77556e-17 8.01301e-11 1 1.35491e-09
7.17794e+13 -1.52656e-16 7.86677e-11 1 1.33018e-09
7.24436e+13 -1.52656e-16 7.72321e-11 1 1.3059e-09
7.31139e+13 -1.11022e-16 7.58222e-11 1 1.28206e-09
7.37904e+13 6.93889e-17 7.44384e-11 1 1.25866e-09
7.44732e+13 -1.38778e-17 7.30794e-11 1 1.23569e-09
7.51623e+13 5.55112e-17 7.17457e-11 1 1.21314e-09
7.58578e+13 -9.71445e-17 7.04363e-11 1 1.19099e-09
7.65597e+13 -1.11022e-16 6.91509e-11 1 1.16926e-09
7.72681e+13 -8.32667e-17 6.78884e-11 1 1.14792e-09
7.7983e+13 -2.498e-16 6.66495e-11 1 1.12696e-09
7.87046e+13 -2.63678e-16 6.54329e-11 1 1.10639e-09
7.94328e+13 -1.94289e-16 6.42386e-11 1 1.0862e-09
8.01678e+13 -1.249e-16 6.30659e-11 1 1.06638e-09
8.09096e+13 -9.71445e-17 6.19147e-11 1 1.04691e-09
8.16582e+13 -1.38778e-16 6.07845e-11 1 1.0278e-09
8.24138e+13 -1.66533e-16 5.96754e-11 1 1.00904e-09
8.31764e+13 -2.77556e-17 5.85865e-11 1 9.90626e-10
8.3946e+13 -1.52656e-16 5.75174e-11 1 9.72546e-10
8.47227e+13 -9.71445e-17 5.64674e-11 1 9.54795e-10
8.55067e+13 -2.77556e-17 5.54366e-11 1 9.37367e-10
8.62979e+13 -2.77556e-16 5.44247e-11 1 9.20259e-10
8.70964e+13 -1.38778e-17 5.34314e-11 1 9.03462e-10
8.79023e+13 -8.32667e-17 5.24561e-11 1 8.86973e-10
8.87156e+13 -9.71445e-17 5.14987e-11 1 8.70783e-10
8.95365e+13 -2.77556e-17 5.05589e-11 1 8.54889e-10
9.03649e+13 -1.94289e-16 4.9636e-11 1 8.39286e-10
9.12011e+13 -9.71445e-17 4.873e-11 1 8.23968e-10
9.2045e+13 -2.77556e-17 4.78405e-11 1 8.08928e-10
9.28966e+13 -1.11022e-16 4.69673e-11 1 7.94164e-10
9.37562e+13 -1.66533e-16 4.611e-11 1 7.79669e-10
9.46237e+13 -2.22045e-16 4.52684e-11 1 7.65439e-10
9.54993e+13 -1.11022e-16 4.44422e-11 1 7.51467e-10
9.63829e+13 2.77556e-17 4.36309e-11 1 7.37752e-10
9.72747e+13 -8.32667e-17 4.28346e-11 1 7.24286e-10
9.81748e+13 -1.52656e-16 4.2053e-11 1 7.11066e-10
9.90832e+13 -2.08167e-16 4.12853e-11 1 6.98088e-10
1e+14 -8.32667e-17 4.05319e-11 1 6.85346e-10
