1e+10 8.60302e-07 0.00393161 0.929116 0.0669511
1.00925e+10 4.71864e-07 0.00386168 0.930379 0.0657589
1.01859e+10 -1.8944e-08 0.00379305 0.93162 0.0645869
1.02802e+10 4.39393e-07 0.00372558 0.932839 0.0634354
1.03753e+10 9.32006e-07 0.00365936 0.934036 0.0623036
1.04713e+10 1.15218e-06 0.00359416 0.935213 0.061192
1.05682e+10 1.10647e-06 0.00353016 0.936369 0.0600996
1.0666e+10 1.12395e-08 0.00346725 0.937506 0.0590263
1.07647e+10 8.48022e-07 0.00340544 0.938622 0.0579717
1.08643e+10 7.14225e-07 0.0033447 0.939719 0.0569356
1.09648e+10 -5.06714e-08 0.00328497 0.940797 0.0559178
1.10662e+10 3.41306e-07 0.00322636 0.941856 0.0549175
1.11686e+10 2.08626e-07 0.00316873 0.942896 0.0539349
1.1272e+10 4.91108e-07 0.00311206 0.943918 0.0529697
1.13763e+10 -1.98577e-08 0.00305644 0.944922 0.0520212
1.14815e+10 4.78317e-07 0.00300176 0.945908 0.0510895
1.15878e+10 4.81026e-07 0.00294812 0.946878 0.0501738
1.1695e+10 7.10187e-07 0.00289535 0.947829 0.0492745
1.18032e+10 -1.00833e-08 0.00284345 0.948765 0.0483914
1.19124e+10 5.58392e-07 0.00279256 0.949684 0.0475232
1.20226e+10 1.12166e-07 0.0027425 0.950587 0.0466707
1.21339e+10 1.11432e-06 0.0026933 0.951472 0.0458333
1.22462e+10 9.11958e-07 0.00264498 0.952343 0.0450106
1.23595e+10 9.55683e-07 0.00259758 0.953199 0.0442021
1.24738e+10 1.03995e-06 0.00255092 0.95404 0.0434084
1.25893e+10 8.90161e-07 0.00250515 0.954866 0.0426283
1.27057e+10 2.99872e-07 0.00246012 0.955677 0.0418624
1.28233e+10 4.0966e-07 0.00241592 0.956474 0.0411099
1.2942e+10 6.28922e-07 0.00237255 0.957256 0.0403704
1.30617e+10 8.31189e-07 0.0023299 0.958025 0.0396443
1.31826e+10 -1.15225e-08 0.00228798 0.958781 0.0389312
1.33045e+10 2.71912e-07 0.00224684 0.959522 0.0382305
1.34276e+10 8.41371e-08 0.00220637 0.960251 0.0375425
1.35519e+10 1.68978e-07 0.0021667 0.960967 0.0368664
1.36773e+10 7.6997e-08 0.00212765 0.96167 0.0362027
1.38038e+10 4.15675e-07 0.00208937 0.96236 0.0355503
1.39316e+10 -2.66839e-08 0.0020517 0.963038 0.03491
1.40605e+10 9.62668e-07 0.00201475 0.963704 0.0342807
1.41906e+10 3.81375e-07 0.00197844 0.964358 0.0336628
1.43219e+10 1.42748e-06 0.00194274 0.965 0.033056
1.44544e+10 1.07125e-06 0.00190772 0.965631 0.0324598
1.45881e+10 8.26656e-07 0.00187325 0.966251 0.0318746
1.47231e+10 1.28227e-06 0.00183947 0.96686 0.0312995
1.48594e+10 2.3301e-07 0.00180625 0.967459 0.0307348
1.49968e+10 1.0577e-06 0.00177364 0.968045 0.0301801
1.51356e+10 3.78919e-08 0.00174161 0.968623 0.0296353
1.52757e+10 8.93023e-07 0.00171014 0.969189 0.0291003
1.5417e+10 5.77617e-08 0.00167925 0.969746 0.0285748
1.55597e+10 1.1357e-06 0.0016489 0.970291 0.0280587
1.57036e+10 5.79523e-07 0.00161908 0.970828 0.0275519
1.58489e+10 1.01979e-06 0.00158985 0.971355 0.0270539
1.59956e+10 1.11618e-06 0.00156109 0.971873 0.0265651
1.61436e+10 2.07164e-08 0.00153283 0.972382 0.0260851
1.6293e+10 1.21589e-07 0.00150509 0.972881 0.0256136
1.64437e+10 7.94515e-07 0.00147789 0.973371 0.0251503
1.65959e+10 2.02094e-07 0.00145114 0.973853 0.0246956
1.67494e+10 9.30276e-07 0.00142486 0.974325 0.024249
1.69044e+10 9.52889e-08 0.00139906 0.97479 0.0238104
1.70608e+10 4.6152e-07 0.00137373 0.975246 0.0233796
1.72187e+10 3.85674e-07 0.00134881 0.975694 0.0229568
1.7378e+10 5.33278e-07 0.00132437 0.976134 0.0225413
1.75388e+10 1.16297e-07 0.0013004 0.976566 0.0221333
1.77011e+10 9.9372e-08 0.00127681 0.97699 0.0217327
1.78649e+10 6.8397e-08 0.00125368 0.977407 0.0213392
1.80302e+10 6.88798e-07 0.00123093 0.977815 0.0209529
1.8197e+10 7.76533e-07 0.0012086 0.978217 0.0205735
1.83654e+10 1.04888e-08 0.00118669 0.978612 0.0202009
1.85353e+10 3.40425e-07 0.00116515 0.978999 0.0198351
1.87068e+10 -5.14094e-09 0.00114402 0.97938 0.0194757
1.88799e+10 1.00888e-06 0.00112326 0.979753 0.0191228
1.90546e+10 1.00168e-06 0.00110288 0.98012 0.0187763
1.92309e+10 5.65647e-07 0.00108284 0.98048 0.0184362
1.94089e+10 9.07613e-07 0.0010632 0.980834 0.0181019
1.95884e+10 1.02536e-06 0.00104389 0.981181 0.0177738
1.97697e+10 2.07825e-07 0.00102491 0.981523 0.0174518
1.99526e+10 9.47617e-07 0.0010063 0.981857 0.0171354
2.01372e+10 5.01669e-07 0.000988007 0.982187 0.0168247
2.03236e+10 5.20301e-07 0.000970087 0.98251 0.0165195
2.05116e+10 6.28357e-08 0.000952447 0.982828 0.0162199
2.07014e+10 6.55355e-07 0.000935146 0.983138 0.0159257
2.0893e+10 3.78276e-07 0.000918112 0.983444 0.015637
2.10863e+10 7.46811e-07 0.000901422 0.983744 0.0153533
2.12814e+10 1.27031e-07 0.000885031 0.98404 0.0150748
2.14783e+10 1.12859e-06 0.000868954 0.984329 0.0148012
2.1677e+10 9.51233e-07 0.000853158 0.984613 0.0145326
2.18776e+10 1.17417e-06 0.000837617 0.984892 0.014269
2.208e+10 1.31463e-07 0.000822391 0.985168 0.01401
2.22844e+10 -1.87528e-09 0.000807414 0.985437 0.0137558
2.24905e+10 3.86336e-07 0.00079274 0.985701 0.013506
2.26986e+10 8.03492e-07 0.000778281 0.98596 0.013261
2.29087e+10 1.20061e-06 0.000764127 0.986215 0.0130202
2.31206e+10 9.28973e-07 0.000750202 0.986465 0.0127839
2.33346e+10 1.81988e-07 0.000736567 0.986712 0.0125516
2.35505e+10 1.33539e-07 0.000723133 0.986953 0.0123238
2.37684e+10 1.11006e-08 0.00070997 0.98719 0.0121
2.39883e+10 9.42116e-07 0.000697057 0.987422 0.0118802
2.42103e+10 6.60961e-09 0.000684342 0.987651 0.0116645
2.44343e+10 2.8989e-08 0.00067187 0.987875 0.0114526
2.46604e+10 4.95721e-07 0.000659649 0.988095 0.0112445
2.48886e+10 5.73711e-07 0.000647598 0.988311 0.0110404
2.51189e+10 1.11344e-06 0.000635803 0.988523 0.0108398
2.53513e+10 7.80529e-07 0.000624206 0.988732 0.0106429
2.55859e+10 2.27683e-07 0.000612854 0.988937 0.0104494
2.58226e+10 3.38e-07 0.000601657 0.989138 0.0102597
2.60615e+10 5.10626e-07 0.000590685 0.989336 0.0100733
2.63027e+10 1.57136e-08 0.000579931 0.98953 0.00989013
2.65461e+10 1.29143e-06 0.00056935 0.989719 0.00971043
2.67917e+10 9.34228e-07 0.000558983 0.989906 0.00953387
2.70396e+10 1.15442e-06 0.000548785 0.990089 0.00936061
2.72898e+10 8.60147e-07 0.000538749 0.99027 0.0091906
2.75423e+10 7.25824e-07 0.000528947 0.990447 0.00902341
2.77971e+10 1.77392e-07 0.000519291 0.990621 0.00885942
2.80543e+10 5.15948e-07 0.00050982 0.990791 0.00869834
2.83139e+10 1.27627e-06 0.000500498 0.990958 0.00854031
2.85759e+10 3.76744e-07 0.00049138 0.991123 0.00838496
2.88403e+10 2.56281e-08 0.000482401 0.991285 0.00823257
2.91072e+10 2.61792e-07 0.000473603 0.991443 0.00808285
2.93765e+10 1.342e-06 0.000464948 0.991598 0.00793593
2.96483e+10 1.29667e-07 0.000456465 0.991752 0.00779161
2.99226e+10 3.97892e-08 0.000448118 0.991902 0.00764999
3.01995e+10 1.12535e-08 0.00043994 0.992049 0.00751085
3.04789e+10 1.04167e-06 0.000431917 0.992193 0.00737421
3.0761e+10 1.24438e-07 0.000424008 0.992336 0.00724021
3.10456e+10 9.02553e-07 0.000416259 0.992474 0.00710855
3.13329e+10 8.42144e-07 0.000408654 0.992611 0.00697927
3.16228e+10 4.41822e-08 0.000401195 0.992746 0.00685231
3.19154e+10 1.12482e-06 0.000393875 0.992877 0.00672762
3.22107e+10 1.8134e-07 0.00038668 0.993008 0.00660524
3.25087e+10 3.22834e-08 0.000379609 0.993135 0.00648512
3.28095e+10 4.25955e-07 0.000372679 0.99326 0.00636712
3.31131e+10 1.25021e-06 0.000365853 0.993382 0.00625137
3.34195e+10 2.0277e-07 0.000359177 0.993503 0.0061376
3.37287e+10 7.43206e-08 0.000352596 0.993621 0.00602602
3.40408e+10 6.08143e-08 0.000346151 0.993737 0.00591639
3.43558e+10 2.41604e-07 0.000339835 0.993851 0.00580869
3.46737e+10 1.22373e-06 0.000333609 0.993962 0.00570308
3.49945e+10 4.38829e-07 0.000327522 0.994073 0.00559925
3.53183e+10 2.3137e-08 0.000321524 0.994181 0.00549742
3.56451e+10 9.20475e-08 0.000315647 0.994287 0.00539738
3.59749e+10 9.57303e-07 0.000309878 0.99439 0.00529915
3.63078e+10 5.37372e-07 0.000304189 0.994492 0.00520284
3.66438e+10 1.03453e-06 0.00029864 0.994592 0.00510809
3.69828e+10 5.46221e-07 0.000293179 0.994691 0.00501513
3.7325e+10 6.84869e-07 0.000287816 0.994788 0.00492387
3.76704e+10 1.2703e-06 0.00028254 0.994882 0.00483432
3.80189e+10 1.3125e-07 0.000277361 0.994976 0.0047464
3.83707e+10 1.19558e-06 0.000272292 0.995067 0.00465999
3.87258e+10 7.19456e-07 0.000267316 0.995157 0.00457515
3.90841e+10 6.61808e-07 0.000262424 0.995245 0.00449189
3.94457e+10 1.11288e-06 0.000257615 0.995331 0.00441017
3.98107e+10 5.83938e-07 0.000252884 0.995417 0.00432999
4.01791e+10 6.66324e-07 0.000248272 0.9955 0.0042511
4.05509e+10 1.27602e-08 0.000243715 0.995582 0.0041738
4.09261e+10 2.22234e-07 0.000239247 0.995663 0.00409786
4.13048e+10 1.12378e-07 0.000234867 0.995742 0.00402328
4.16869e+10 1.49652e-07 0.000230575 0.995819 0.00395001
4.20727e+10 1.12691e-06 0.000226346 0.995894 0.00387815
4.2462e+10 6.31293e-08 0.000222203 0.99597 0.00380755
4.28549e+10 3.37719e-07 0.000218122 0.996043 0.00373831
4.32514e+10 6.6018e-07 0.000214125 0.996115 0.00367028
4.36516e+10 4.21574e-07 0.000210202 0.996186 0.00360348
4.40555e+10 6.80389e-09 0.000206358 0.996256 0.00353786
4.44631e+10 1.01226e-06 0.000202579 0.996323 0.00347345
4.48745e+10 2.47476e-08 0.00019886 0.996391 0.00341027
4.52898e+10 7.30997e-07 0.000195211 0.996456 0.00334822
4.57088e+10 9.68997e-07 0.000191637 0.99652 0.00328726
4.61318e+10 9.3066e-07 0.000188122 0.996584 0.00322744
4.65586e+10 4.21374e-07 0.00018467 0.996646 0.00316872
4.69894e+10 1.46827e-07 0.000181295 0.996708 0.00311099
4.74242e+10 9.66218e-07 0.000177961 0.996767 0.00305442
4.7863e+10 4.78118e-07 0.000174708 0.996826 0.00299877
4.83059e+10 3.04347e-08 0.000171499 0.996884 0.00294422
4.87528e+10 1.2467e-08 0.000168351 0.996941 0.00289064
4.9204e+10 7.22544e-08 0.000165267 0.996997 0.00283801
4.96592e+10 7.35156e-07 0.000162238 0.997051 0.00278635
5.01187e+10 6.71476e-07 0.00015925 0.997104 0.00273569
5.05825e+10 4.11402e-07 0.000156339 0.997157 0.00268585
5.10505e+10 1.49248e-07 0.00015346 0.997209 0.00263702
5.15229e+10 6.77574e-07 0.000150643 0.99726 0.00258903
5.19996e+10 8.0559e-07 0.00014788 0.997309 0.0025419
5.24807e+10 5.548e-07 0.000145164 0.997359 0.00249565
5.29663e+10 4.43118e-08 0.000142502 0.997407 0.00245021
5.34564e+10 6.78447e-07 0.000139894 0.997454 0.00240558
5.39511e+10 3.77874e-07 0.000137315 0.9975 0.00236185
5.44503e+10 9.22393e-07 0.000134802 0.997545 0.00231882
5.49541e+10 2.42503e-07 0.000132328 0.997591 0.00227662
5.54626e+10 2.65004e-08 0.000129895 0.997635 0.0022352
5.59758e+10 4.19977e-08 0.00012751 0.997678 0.00219452
5.64937e+10 3.67044e-07 0.000125171 0.99772 0.00215456
5.70164e+10 1.00931e-06 0.000122868 0.997761 0.00211537
5.7544e+10 1.50376e-07 0.000120606 0.997802 0.0020769
5.80764e+10 9.68603e-07 0.000118397 0.997842 0.00203907
5.86138e+10 2.17893e-08 0.000116219 0.997882 0.00200197
5.91562e+10 3.77673e-07 0.000114077 0.99792 0.00196558
5.97035e+10 7.6109e-07 0.00011198 0.997957 0.00192981
6.0256e+10 7.25001e-07 0.000109922 0.997995 0.00189469
6.08135e+10 2.89508e-07 0.000107902 0.998032 0.00186021
6.13762e+10 6.81777e-08 0.000105926 0.998068 0.00182632
6.19441e+10 1.05249e-06 0.000103978 0.998102 0.00179309
6.25173e+10 7.30124e-08 0.000102061 0.998137 0.00176048
6.30957e+10 1.13823e-06 0.000100187 0.99817 0.00172844
6.36796e+10 5.03206e-07 9.83506e-05 0.998204 0.00169696
6.42688e+10 1.95669e-08 9.65372e-05 0.998237 0.0016661
6.48634e+10 1.43123e-08 9.47587e-05 0.998269 0.0016358
6.54636e+10 1.40993e-09 9.30172e-05 0.998301 0.00160603
6.60693e+10 2.85526e-07 9.13103e-05 0.998332 0.00157678
6.66807e+10 1.11573e-06 8.96284e-05 0.998361 0.0015481
6.72977e+10 3.85037e-07 8.79719e-05 0.998392 0.00151997
6.79204e+10 7.24492e-07 8.63632e-05 0.998421 0.00149227
6.85488e+10 2.3298e-07 8.47639e-05 0.99845 0.00146517
6.91831e+10 1.24447e-06 8.32065e-05 0.998477 0.0014385
6.98232e+10 9.97907e-07 8.16812e-05 0.998505 0.00141229
7.04693e+10 5.53825e-07 8.01777e-05 0.998533 0.0013866
7.11214e+10 5.26108e-07 7.87014e-05 0.998559 0.00136137
7.17794e+10 8.75714e-07 7.72517e-05 0.998585 0.00133661
7.24436e+10 1.26351e-06 7.58239e-05 0.998611 0.00131232
7.31139e+10 4.07645e-07 7.44226e-05 0.998637 0.00128847
7.37904e+10 4.53895e-07 7.30615e-05 0.998662 0.00126498
7.44732e+10 8.35077e-07 7.17059e-05 0.998685 0.00124202
7.51623e+10 8.02285e-07 7.03946e-05 0.998709 0.00121938
7.58578e+10 2.4573e-08 6.90911e-05 0.998734 0.00119723
7.65597e+10 7.09203e-07 6.78135e-05 0.998756 0.00117548
7.72681e+10 1.22798e-06 6.65653e-05 0.998778 0.00115409
7.7983e+10 1.35459e-06 6.53392e-05 0.9988 0.00113309
7.87046e+10 1.18688e-06 6.4133e-05 0.998822 0.00111249
7.94328e+10 6.31682e-07 6.29486e-05 0.998844 0.00109227
8.01678e+10 1.61445e-08 6.17931e-05 0.998866 0.00107238
8.09096e+10 1.03195e-06 6.06579e-05 0.998885 0.00105285
8.16582e+10 6.40016e-07 5.95299e-05 0.998906 0.00103375
8.24138e+10 7.04653e-07 5.84414e-05 0.998926 0.0010149
8.31764e+10 2.66525e-07 5.73545e-05 0.998946 0.000996491
8.3946e+10 1.35986e-06 5.62991e-05 0.998964 0.000978355
8.47227e+10 9.19012e-07 5.5266e-05 0.998983 0.000960535
8.55067e+10 2.93071e-07 5.4245e-05 0.999002 0.000943074
8.62979e+10 9.0961e-08 5.32419e-05 0.999021 0.000925937
8.70964e+10 1.11223e-07 5.2259e-05 0.999039 0.000909101
8.79023e+10 4.17624e-07 5.1296e-05 0.999056 0.000892563
8.87156e+10 1.14673e-06 5.03482e-05 0.999072 0.000876338
8.95365e+10 1.24828e-06 4.94112e-05 0.999089 0.000860443
9.03649e+10 4.76154e-08 4.84998e-05 0.999107 0.000844794
9.12011e+10 1.15786e-06 4.76086e-05 0.999122 0.000829411
9.2045e+10 2.18254e-07 4.67224e-05 0.999139 0.000814368
9.28966e+10 1.27769e-06 4.58635e-05 0.999153 0.000799541
9.37562e+10 1.53222e-07 4.5017e-05 0.99917 0.000785002
9.46237e+10 3.12497e-07 4.41787e-05 0.999185 0.000770766
9.54993e+10 1.06033e-06 4.33621e-05 0.999199 0.000756756
9.63829e+10 1.30988e-06 4.25629e-05 0.999213 0.000742989
9.72747e+10 1.33998e-06 4.17768e-05 0.999227 0.00072948
9.81748e+10 1.35403e-06 4.10033e-05 0.999241 0.000716227
9.90832e+10 1.21465e-06 4.02421e-05 0.999255 0.000703225
1e+11 5.88349e-07 3.94956e-05 0.999269 0.000690456
1.00925e+11 1.61454e-08 3.87688e-05 0.999283 0.000677889
1.01859e+11 9.57913e-07 3.80542e-05 0.999295 0.000665556
1.02802e+11 7.94023e-07 3.73424e-05 0.999308 0.000653501
1.03753e+11 3.19971e-07 3.66575e-05 0.999321 0.000641595
1.04713e+11 8.09754e-07 3.59723e-05 0.999333 0.000629971
1.05682e+11 7.10095e-07 3.53122e-05 0.999345 0.000618495
1.0666e+11 3.25001e-08 3.4654e-05 0.999358 0.00060728
1.07647e+11 7.56627e-07 3.40099e-05 0.999369 0.00059626
1.08643e+11 1.08871e-06 3.33826e-05 0.99938 0.000585414
1.09648e+11 8.58258e-07 3.27659e-05 0.999392 0.00057477
1.10662e+11 6.55411e-07 3.2159e-05 0.999403 0.000564328
1.11686e+11 6.50107e-07 3.15627e-05 0.999414 0.000554079
1.1272e+11 8.33456e-07 3.09769e-05 0.999424 0.000544019
1.13763e+11 1.0902e-06 3.04005e-05 0.999434 0.00053415
1.14815e+11 9.59177e-07 2.98331e-05 0.999445 0.000524468
1.15878e+11 1.93242e-07 2.92791e-05 0.999456 0.000514947
1.1695e+11 2.98922e-07 2.87401e-05 0.999465 0.000505574
1.18032e+11 1.10537e-06 2.82033e-05 0.999474 0.000496412
1.19124e+11 3.78627e-08 2.76791e-05 0.999485 0.000487403
1.20226e+11 1.03246e-06 2.71666e-05 0.999493 0.000478547
1.21339e+11 2.47218e-08 2.66605e-05 0.999503 0.000469868
1.22462e+11 9.25372e-07 2.61638e-05 0.999512 0.000461346
1.23595e+11 5.23504e-07 2.5681e-05 0.999521 0.000452955
1.24738e+11 2.66251e-08 2.5201e-05 0.99953 0.000444748
1.25893e+11 4.11153e-07 2.47303e-05 0.999538 0.000436688
1.27057e+11 7.73598e-07 2.42711e-05 0.999546 0.00042876
1.28233e+11 8.72463e-07 2.38206e-05 0.999554 0.000420975
1.2942e+11 8.45396e-07 2.33778e-05 0.999562 0.000413334
1.30617e+11 8.6131e-07 2.29425e-05 0.99957 0.000405837
1.31826e+11 8.54851e-07 2.25145e-05 0.999578 0.000398479
1.33045e+11 6.88727e-07 2.20939e-05 0.999586 0.000391257
1.34276e+11 2.61216e-07 2.16821e-05 0.999594 0.000384162
1.35519e+11 4.61158e-08 2.12804e-05 0.999601 0.000377183
1.36773e+11 6.98485e-07 2.08849e-05 0.999608 0.000370337
1.38038e+11 7.88985e-07 2.04919e-05 0.999615 0.00036364
1.39316e+11 3.60293e-08 2.01114e-05 0.999623 0.000357038
1.40605e+11 9.93261e-07 1.97366e-05 0.999629 0.000350563
1.41906e+11 8.8016e-08 1.93665e-05 0.999636 0.000344217
1.43219e+11 1.02686e-06 1.90064e-05 0.999642 0.00033797
1.44544e+11 3.98676e-08 1.86511e-05 0.999649 0.000331846
1.45881e+11 7.90858e-07 1.83006e-05 0.999655 0.000325843
1.47231e+11 7.87914e-07 1.7962e-05 0.999661 0.000319921
1.48594e+11 5.87958e-08 1.76252e-05 0.999668 0.000314129
1.49968e+11 2.48697e-07 1.72931e-05 0.999674 0.000308451
1.51356e+11 7.48974e-07 1.69697e-05 0.999679 0.000302863
1.52757e+11 9.44077e-07 1.66534e-05 0.999685 0.00029737
1.5417e+11 9.1904e-07 1.63426e-05 0.999691 0.000291979
1.55597e+11 8.60496e-07 1.60369e-05 0.999696 0.000286689
1.57036e+11 8.55628e-07 1.57364e-05 0.999702 0.000281498
1.58489e+11 9.17456e-07 1.54409e-05 0.999707 0.000276404
1.59956e+11 7.83311e-07 1.51505e-05 0.999713 0.000271405
1.61436e+11 4.03666e-07 1.4866e-05 0.999718 0.000266494
1.6293e+11 3.60894e-08 1.45884e-05 0.999724 0.000261663
1.64437e+11 3.82247e-07 1.43167e-05 0.999728 0.000256917
1.65959e+11 9.61204e-07 1.40464e-05 0.999733 0.000252275
1.67494e+11 2.84681e-07 1.37811e-05 0.999738 0.000247718
1.69044e+11 3.88523e-07 1.35255e-05 0.999743 0.000243219
1.70608e+11 9.49284e-07 1.32684e-05 0.999747 0.000238834
1.72187e+11 9.22466e-08 1.30209e-05 0.999752 0.000234503
1.7378e+11 1.12204e-06 1.27745e-05 0.999756 0.00023027
1.75388e+11 1.53007e-07 1.2536e-05 0.999761 0.000226095
1.77011e+11 9.20576e-07 1.2297e-05 0.999765 0.000222023
1.78649e+11 8.34861e-07 1.20693e-05 0.999769 0.000217988
1.80302e+11 7.26607e-08 1.1839e-05 0.999774 0.000214062
1.8197e+11 1.11976e-06 1.16148e-05 0.999777 0.000210198
1.83654e+11 1.20114e-06 1.1399e-05 0.999781 0.000206382
1.85353e+11 3.19507e-07 1.11842e-05 0.999786 0.000202652
1.87068e+11 4.60616e-08 1.09706e-05 0.99979 0.000199003
1.88799e+11 4.55557e-07 1.07618e-05 0.999793 0.000195416
1.90546e+11 9.39712e-07 1.05583e-05 0.999797 0.000191887
1.92309e+11 1.2242e-06 1.03592e-05 0.9998 0.000188419
1.94089e+11 1.31643e-06 1.01636e-05 0.999804 0.000185015
1.95884e+11 1.30906e-06 9.9712e-06 0.999807 0.000181675
1.97697e+11 1.17476e-06 9.78199e-06 0.999811 0.000178398
1.99526e+11 8.74929e-07 9.59618e-06 0.999814 0.00017518
2.01372e+11 3.85976e-07 9.41447e-06 0.999818 0.000172018
2.03236e+11 2.86948e-08 9.23738e-06 0.999822 0.000168906
2.05116e+11 3.45246e-07 9.06411e-06 0.999825 0.000165848
2.07014e+11 1.17906e-06 8.89169e-06 0.999827 0.000162859
2.0893e+11 1.1098e-06 8.72005e-06 0.99983 0.000159936
2.10863e+11 1.04215e-07 8.55495e-06 0.999834 0.000157049
2.12814e+11 7.26438e-07 8.39482e-06 0.999837 0.000154204
2.14783e+11 1.1706e-06 8.23206e-06 0.999839 0.00015144
2.1677e+11 7.15619e-08 8.07663e-06 0.999843 0.000148704
2.18776e+11 1.32676e-06 7.92325e-06 0.999845 0.000146022
2.208e+11 1.96427e-07 7.77048e-06 0.999849 0.0001434
2.22844e+11 1.27336e-06 7.62433e-06 0.99985 0.000140806
2.24905e+11 1.70685e-07 7.47674e-06 0.999854 0.000138281
2.26986e+11 1.4804e-06 7.33503e-06 0.999855 0.000135785
2.29087e+11 1.49356e-07 7.19516e-06 0.999859 0.000133339
2.31206e+11 1.15103e-06 7.055e-06 0.999861 0.000130953
2.33346e+11 1.22962e-06 6.9233e-06 0.999863 0.000128578
2.35505e+11 1.01671e-07 6.78892e-06 0.999867 0.000126275
2.37684e+11 1.0883e-06 6.65657e-06 0.999868 0.000124015
2.39883e+11 1.74269e-06 6.5313e-06 0.99987 0.000121772
2.42103e+11 8.12761e-07 6.40723e-06 0.999873 0.000119576
2.44343e+11 1.14643e-07 6.28213e-06 0.999876 0.000117437
2.46604e+11 5.10181e-07 6.15908e-06 0.999878 0.000115339
2.48886e+11 1.33061e-06 6.04004e-06 0.999879 0.000113269
2.51189e+11 1.88012e-06 5.92445e-06 0.999881 0.000111231
2.53513e+11 2.02729e-06 5.81118e-06 0.999883 0.000109228
2.55859e+11 1.96354e-06 5.69964e-06 0.999885 0.000107264
2.58226e+11 1.89025e-06 5.58973e-06 0.999887 0.000105338
2.60615e+11 1.89368e-06 5.48148e-06 0.999889 0.000103449
2.63027e+11 1.97377e-06 5.3749e-06 0.999891 0.000101596
2.65461e+11 2.0878e-06 5.26989e-06 0.999893 9.97793e-05
2.67917e+11 2.08299e-06 5.16638e-06 0.999895 9.79977e-05
2.70396e+11 1.71562e-06 5.06467e-06 0.999897 9.62493e-05
2.72898e+11 9.53279e-07 4.96557e-06 0.9999 9.45286e-05
2.75423e+11 2.39511e-07 4.86987e-06 0.999902 9.28308e-05
2.77971e+11 4.19968e-07 4.77696e-06 0.999904 9.11584e-05
2.80543e+11 1.55708e-06 4.68393e-06 0.999904 8.95263e-05
2.83139e+11 1.94316e-06 4.58974e-06 0.999906 8.79396e-05
2.85759e+11 6.78335e-07 4.49876e-06 0.999908 8.63737e-05
2.88403e+11 3.95529e-07 4.41324e-06 0.99991 8.48158e-05
2.91072e+11 1.81948e-06 4.32615e-06 0.999911 8.33034e-05
2.93765e+11 9.84512e-07 4.23846e-06 0.999913 8.18306e-05
2.96483e+11 4.29749e-07 4.15763e-06 0.999915 8.0356e-05
2.99226e+11 1.79972e-06 4.07436e-06 0.999915 7.89297e-05
3.01995e+11 3.15533e-07 3.99311e-06 0.999918 7.75268e-05
3.04789e+11 1.41902e-06 3.91585e-06 0.999919 7.61358e-05
3.0761e+11 6.68639e-07 3.83574e-06 0.999921 7.47935e-05
3.10456e+11 1.14713e-06 3.76201e-06 0.999922 7.34488e-05
3.13329e+11 6.87673e-07 3.68463e-06 0.999923 7.2156e-05
3.16228e+11 1.27808e-06 3.61339e-06 0.999924 7.0861e-05
3.19154e+11 3.83463e-07 3.53941e-06 0.999926 6.96119e-05
3.22107e+11 1.51047e-06 3.46945e-06 0.999927 6.83709e-05
3.25087e+11 3.11864e-07 3.40013e-06 0.999929 6.7156e-05
3.28095e+11 1.07562e-06 3.33022e-06 0.99993 6.59737e-05
3.31131e+11 1.21487e-06 3.26509e-06 0.999931 6.47936e-05
3.34195e+11 2.30775e-07 3.1983e-06 0.999933 6.36508e-05
3.37287e+11 1.0685e-06 3.13245e-06 0.999933 6.25305e-05
3.40408e+11 1.41519e-06 3.07055e-06 0.999934 6.14154e-05
3.43558e+11 4.33207e-07 3.00835e-06 0.999936 6.03287e-05
3.46737e+11 3.53468e-07 2.9454e-06 0.999937 5.92724e-05
3.49945e+11 1.28336e-06 2.88494e-06 0.999938 5.82279e-05
3.53183e+11 1.59842e-06 2.82717e-06 0.999938 5.71937e-05
3.56451e+11 9.4344e-07 2.76989e-06 0.99994 5.61815e-05
3.59749e+11 2.51283e-07 2.71219e-06 0.999942 5.51961e-05
3.63078e+11 2.08987e-07 2.65491e-06 0.999943 5.42322e-05
3.66438e+11 7.19333e-07 2.59908e-06 0.999943 5.32838e-05
3.69828e+11 1.34731e-06 2.54496e-06 0.999944 5.23489e-05
3.7325e+11 1.78882e-06 2.49228e-06 0.999944 5.14286e-05
3.76704e+11 1.98233e-06 2.44063e-06 0.999945 5.05247e-05
3.80189e+11 2.00816e-06 2.38977e-06 0.999946 4.96382e-05
3.83707e+11 1.97405e-06 2.33962e-06 0.999947 4.87692e-05
3.87258e+11 1.9595e-06 2.29016e-06 0.999948 4.79174e-05
3.90841e+11 2.00623e-06 2.24141e-06 0.999949 4.70823e-05
3.94457e+11 2.12275e-06 2.19335e-06 0.999949 4.62637e-05
3.98107e+11 2.28291e-06 2.14593e-06 0.99995 4.54615e-05
4.01791e+11 2.41465e-06 2.09909e-06 0.999951 4.46756e-05
4.05509e+11 2.39472e-06 2.05286e-06 0.999952 4.39056e-05
4.09261e+11 2.08613e-06 2.00737e-06 0.999953 4.31503e-05
4.13048e+11 1.45356e-06 1.96297e-06 0.999954 4.24075e-05
4.16869e+11 7.27491e-07 1.92004e-06 0.999956 4.16745e-05
4.20727e+11 4.41451e-07 1.87858e-06 0.999957 4.0951e-05
4.2462e+11 1.07053e-06 1.83781e-06 0.999957 4.02412e-05
4.28549e+11 2.31273e-06 1.79645e-06 0.999956 3.95522e-05
4.32514e+11 2.89276e-06 1.75423e-06 0.999956 3.88853e-05
4.36516e+11 1.945e-06 1.71298e-06 0.999958 3.82297e-05
4.40555e+11 7.9836e-07 1.67459e-06 0.99996 3.75737e-05
4.44631e+11 1.56323e-06 1.63748e-06 0.99996 3.69265e-05
4.48745e+11 3.08874e-06 1.59836e-06 0.999959 3.63071e-05
4.52898e+11 2.34295e-06 1.55887e-06 0.99996 3.57055e-05
4.57088e+11 1.11e-06 1.52301e-06 0.999962 3.50979e-05
4.61318e+11 2.62308e-06 1.48755e-06 0.999961 3.4503e-05
4.65586e+11 3.12082e-06 1.44937e-06 0.999961 3.39394e-05
4.69894e+11 1.50367e-06 1.41417e-06 0.999964 3.33725e-05
4.74242e+11 2.85946e-06 1.38038e-06 0.999963 3.28117e-05
4.7863e+11 3.16565e-06 1.34364e-06 0.999963 3.22828e-05
4.83059e+11 1.9253e-06 1.31041e-06 0.999965 3.17467e-05
4.87528e+11 3.68775e-06 1.27661e-06 0.999964 3.12278e-05
4.9204e+11 2.63963e-06 1.24187e-06 0.999965 3.07283e-05
4.96592e+11 3.25153e-06 1.21016e-06 0.999965 3.02234e-05
5.01187e+11 3.60946e-06 1.17575e-06 0.999965 2.97484e-05
5.05825e+11 3.17858e-06 1.14429e-06 0.999966 2.92681e-05
5.10505e+11 4.19269e-06 1.11106e-06 0.999966 2.88117e-05
5.15229e+11 3.58723e-06 1.07949e-06 0.999967 2.83574e-05
5.19996e+11 4.59778e-06 1.04712e-06 0.999966 2.79208e-05
5.24807e+11 4.27696e-06 1.01561e-06 0.999967 2.74909e-05
5.29663e+11 5.04419e-06 9.83685e-07 0.999967 2.7076e-05
5.34564e+11 5.16758e-06 9.52197e-07 0.999967 2.66703e-05
5.39511e+11 5.71305e-06 9.20575e-07 0.999967 2.62776e-05
5.44503e+11 6.14755e-06 8.88737e-07 0.999967 2.58982e-05
5.49541e+11 6.96081e-06 8.5733e-07 0.999967 2.55278e-05
5.54626e+11 7.07011e-06 8.24999e-07 0.999967 2.51757e-05
5.59758e+11 8.92363e-06 7.92852e-07 0.999965 2.48341e-05
5.64937e+11 8.77686e-06 7.60892e-07 0.999966 2.45033e-05
5.70164e+11 1.04435e-05 7.26435e-07 0.999965 2.42023e-05
5.7544e+11 1.3021e-05 6.9422e-07 0.999962 2.38976e-05
5.80764e+11 1.23895e-05 6.59471e-07 0.999963 2.3624e-05
5.86138e+11 1.67152e-05 6.22257e-07 0.999959 2.33824e-05
5.91562e+11 2.0987e-05 5.8808e-07 0.999955 2.31316e-05
5.97035e+11 2.1023e-05 5.49551e-07 0.999955 2.29296e-05
6.0256e+11 2.87597e-05 5.06467e-07 0.999948 2.27822e-05
6.08135e+11 4.11041e-05 4.66861e-07 0.999936 2.2626e-05
6.13762e+11 4.76976e-05 4.24735e-07 0.999929 2.25127e-05
6.19441e+11 6.11345e-05 3.73354e-07 0.999916 2.25152e-05
6.25173e+11 9.60625e-05 3.21741e-07 0.999881 2.25705e-05
6.30957e+11 0.000144063 2.77354e-07 0.999833 2.26129e-05
6.36796e+11 0.000197253 2.34463e-07 0.99978 2.27136e-05
6.42688e+11 0.00027451 1.91551e-07 0.999702 2.29597e-05
6.48634e+11 0.000405854 1.65456e-07 0.999571 2.32872e-05
6.54636e+11 0.000602144 1.81303e-07 0.999374 2.3507e-05
6.60693e+11 0.000848873 2.56134e-07 0.999127 2.34423e-05
6.66807e+11 0.00112066 3.95406e-07 0.998856 2.29965e-05
6.72977e+11 0.00139146 5.98266e-07 0.998586 2.21236e-05
6.79204e+11 0.00163124 8.58217e-07 0.998347 2.07922e-05
6.85488e+11 0.00179966 1.15559e-06 0.99818 1.90091e-05
6.91831e+11 0.00185057 1.44987e-06 0.998131 1.68858e-05
6.98232e+11 0.00174993 1.68202e-06 0.998234 1.46796e-05
7.04693e+11 0.00149907 1.79097e-06 0.998486 1.27596e-05
7.11214e+11 0.00114902 1.73954e-06 0.998838 1.14882e-05
7.17794e+11 0.00079366 1.53802e-06 0.999194 1.1061e-05
7.24436e+11 0.00053833 1.25139e-06 0.999449 1.13865e-05
7.31139e+11 0.000453949 9.81425e-07 0.999533 1.20861e-05
7.37904e+11 0.000539014 8.25926e-07 0.999448 1.26475e-05
7.44732e+11 0.000713902 8.30679e-07 0.999273 1.26738e-05
7.51623e+11 0.000858038 9.58952e-07 0.999129 1.20928e-05
7.58578e+11 0.000875026 1.1047e-06 0.999113 1.11917e-05
7.65597e+11 0.000748851 1.1561e-06 0.99924 1.04378e-05
7.72681e+11 0.000553684 1.07235e-06 0.999435 1.01769e-05
7.7983e+11 0.000406246 9.09308e-07 0.999582 1.03937e-05
7.87046e+11 0.000388091 7.72042e-07 0.9996 1.07243e-05
7.94328e+11 0.000488641 7.399e-07 0.9995 1.07561e-05
8.01678e+11 0.000610439 8.11432e-07 0.999378 1.03631e-05
8.09096e+11 0.000639839 9.01293e-07 0.999349 9.76416e-06
8.16582e+11 0.000539453 9.18149e-07 0.99945 9.29848e-06
8.24138e+11 0.000388601 8.50887e-07 0.999601 9.15455e-06
8.31764e+11 0.000318089 7.54365e-07 0.999672 9.26326e-06
8.3946e+11 0.000378402 6.87784e-07 0.999612 9.40245e-06
8.47227e+11 0.000481491 6.817e-07 0.999508 9.33362e-06
8.55067e+11 0.000505568 7.28474e-07 0.999485 8.9317e-06
8.62979e+11 0.000436424 7.83008e-07 0.999554 8.39107e-06
8.70964e+11 0.00035054 7.71855e-07 0.999641 8.13373e-06
8.79023e+11 0.000301958 6.81162e-07 0.999689 8.27369e-06
8.87156e+11 0.000311193 6.06637e-07 0.99968 8.40994e-06
8.95365e+11 0.000382309 6.18505e-07 0.999609 8.22997e-06
9.03649e+11 0.000436646 6.63676e-07 0.999555 7.88806e-06
9.12011e+11 0.000383441 6.80346e-07 0.999608 7.5681e-06
9.2045e+11 0.000290303 6.63471e-07 0.999702 7.36195e-06
9.28966e+11 0.000264069 6.04636e-07 0.999728 7.41303e-06
9.37562e+11 0.000288522 5.46266e-07 0.999703 7.51013e-06
9.46237e+11 0.000339015 5.59999e-07 0.999653 7.3165e-06
9.54993e+11 0.000371668 5.97364e-07 0.999621 7.00224e-06
9.63829e+11 0.000315343 6.02289e-07 0.999677 6.76093e-06
9.72747e+11 0.000247362 5.79356e-07 0.999745 6.63297e-06
9.81748e+11 0.000238803 5.25043e-07 0.999754 6.70202e-06
9.90832e+11 0.000266328 4.95664e-07 0.999726 6.68892e-06
1e+12 0.000318446 5.15375e-07 0.999675 6.48325e-06
1.00925e+12 0.000312069 5.32678e-07 0.999681 6.24492e-06
1.01859e+12 0.000254489 5.36446e-07 0.999739 6.02793e-06
1.02802e+12 0.000218201 5.01974e-07 0.999775 6.0043e-06
1.03753e+12 0.000217361 4.61942e-07 0.999776 6.02875e-06
1.04713e+12 0.000263508 4.52984e-07 0.99973 5.95667e-06
1.05682e+12 0.000280767 4.6565e-07 0.999713 5.76972e-06
1.0666e+12 0.000259389 4.85117e-07 0.999735 5.52584e-06
1.07647e+12 0.000216534 4.69698e-07 0.999778 5.42964e-06
1.08643e+12 0.000192047 4.36565e-07 0.999802 5.42186e-06
1.09648e+12 0.000211854 4.10275e-07 0.999782 5.41701e-06
1.10662e+12 0.000243305 4.13889e-07 0.999751 5.29269e-06
1.11686e+12 0.000251572 4.276e-07 0.999743 5.10673e-06
1.1272e+12 0.000216306 4.29787e-07 0.999778 4.9493e-06
1.13763e+12 0.000182875 4.12105e-07 0.999812 4.88553e-06
1.14815e+12 0.000180179 3.83109e-07 0.999815 4.88789e-06
1.15878e+12 0.000204036 3.69853e-07 0.999791 4.84081e-06
1.1695e+12 0.00022475 3.77413e-07 0.99977 4.70463e-06
1.18032e+12 0.000216629 3.87885e-07 0.999778 4.53741e-06
1.19124e+12 0.000184012 3.7992e-07 0.999811 4.44038e-06
1.20226e+12 0.000161548 3.61815e-07 0.999834 4.39943e-06
1.21339e+12 0.000171735 3.3946e-07 0.999824 4.39426e-06
1.22462e+12 0.000193596 3.36007e-07 0.999802 4.31226e-06
1.23595e+12 0.000202499 3.42573e-07 0.999793 4.18414e-06
1.24738e+12 0.000188509 3.48408e-07 0.999807 4.05023e-06
1.25893e+12 0.000156013 3.35832e-07 0.99984 3.98663e-06
1.27057e+12 0.00015237 3.18853e-07 0.999843 3.95935e-06
1.28233e+12 0.00015929 3.04151e-07 0.999836 3.93153e-06
1.2942e+12 0.000182794 3.04105e-07 0.999813 3.84837e-06
1.30617e+12 0.000180772 3.11616e-07 0.999815 3.71906e-06
1.31826e+12 0.000161421 3.07625e-07 0.999835 3.63475e-06
1.33045e+12 0.000143932 3.00626e-07 0.999852 3.56867e-06
1.34276e+12 0.000134906 2.81122e-07 0.999861 3.56236e-06
1.35519e+12 0.000156506 2.74381e-07 0.99984 3.51333e-06
1.36773e+12 0.000163196 2.75763e-07 0.999833 3.42351e-06
1.38038e+12 0.000162189 2.76838e-07 0.999834 3.33523e-06
1.39316e+12 0.000146718 2.78633e-07 0.99985 3.23977e-06
1.40605e+12 0.000123269 2.639e-07 0.999873 3.21346e-06
1.41906e+12 0.000133911 2.5224e-07 0.999863 3.18835e-06
1.43219e+12 0.000139143 2.47923e-07 0.999857 3.13108e-06
1.44544e+12 0.0001495 2.45457e-07 0.999847 3.07041e-06
1.45881e+12 0.000150584 2.50877e-07 0.999846 2.97291e-06
1.47231e+12 0.000125107 2.47636e-07 0.999872 2.90312e-06
1.48594e+12 0.000119143 2.33993e-07 0.999878 2.88724e-06
1.49968e+12 0.000122201 2.28819e-07 0.999875 2.83969e-06
1.51356e+12 0.000124502 2.2089e-07 0.999872 2.80612e-06
1.52757e+12 0.000139949 2.20184e-07 0.999857 2.7472e-06
1.5417e+12 0.000135497 2.25708e-07 0.999862 2.65425e-06
1.55597e+12 0.000113147 2.19656e-07 0.999884 2.60611e-06
1.57036e+12 0.000112861 2.10101e-07 0.999884 2.58241e-06
1.58489e+12 0.00011101 2.06246e-07 0.999886 2.5351e-06
1.59956e+12 0.000111827 1.97897e-07 0.999885 2.51008e-06
1.61436e+12 0.000127511 1.96465e-07 0.99987 2.46087e-06
1.6293e+12 0.000125658 2.01466e-07 0.999872 2.37824e-06
1.64437e+12 0.00010493 1.97312e-07 0.999893 2.33008e-06
1.65959e+12 0.000102722 1.87995e-07 0.999895 2.31157e-06
1.67494e+12 0.000104925 1.85274e-07 0.999893 2.26709e-06
1.69044e+12 0.000100197 1.79391e-07 0.999897 2.23577e-06
1.70608e+12 0.000110519 1.74377e-07 0.999887 2.20649e-06
1.72187e+12 0.000118856 1.77425e-07 0.999879 2.14217e-06
1.7378e+12 0.000103795 1.78788e-07 0.999894 2.07877e-06
1.75388e+12 8.9249e-05 1.70232e-07 0.999909 2.05957e-06
1.77011e+12 9.61039e-05 1.63822e-07 0.999902 2.03817e-06
1.78649e+12 9.77187e-05 1.62694e-07 0.9999 1.99336e-06
1.80302e+12 9.42048e-05 1.58327e-07 0.999904 1.96245e-06
1.8197e+12 0.000101429 1.54804e-07 0.999896 1.93196e-06
1.83654e+12 0.000106301 1.5688e-07 0.999892 1.87726e-06
1.85353e+12 9.1757e-05 1.5733e-07 0.999906 1.82507e-06
1.87068e+12 7.78521e-05 1.49312e-07 0.99992 1.81065e-06
1.88799e+12 8.60516e-05 1.42351e-07 0.999912 1.79812e-06
1.90546e+12 9.47472e-05 1.42252e-07 0.999903 1.75655e-06
1.92309e+12 9.04109e-05 1.41726e-07 0.999908 1.71439e-06
1.94089e+12 8.68955e-05 1.37999e-07 0.999911 1.68737e-06
1.95884e+12 9.11328e-05 1.35878e-07 0.999907 1.65624e-06
1.97697e+12 8.8737e-05 1.36732e-07 0.99991 1.61133e-06
1.99526e+12 7.46304e-05 1.33741e-07 0.999924 1.5811e-06
2.01372e+12 7.08916e-05 1.26156e-07 0.999927 1.57404e-06
2.03236e+12 8.34287e-05 1.22284e-07 0.999915 1.55522e-06
2.05116e+12 9.13972e-05 1.23964e-07 0.999907 1.51172e-06
2.07014e+12 8.38659e-05 1.24967e-07 0.999915 1.46823e-06
2.0893e+12 7.3032e-05 1.21272e-07 0.999925 1.44514e-06
2.10863e+12 7.35211e-05 1.16532e-07 0.999925 1.42988e-06
2.12814e+12 7.80726e-05 1.15206e-07 0.99992 1.40138e-06
2.14783e+12 7.38232e-05 1.14439e-07 0.999925 1.36927e-06
2.1677e+12 6.7902e-05 1.10712e-07 0.999931 1.35038e-06
2.18776e+12 7.16146e-05 1.06623e-07 0.999927 1.33577e-06
2.208e+12 8.038e-05 1.05895e-07 0.999918 1.30818e-06
2.22844e+12 8.05593e-05 1.07639e-07 0.999918 1.26862e-06
2.24905e+12 6.84693e-05 1.07101e-07 0.99993 1.23702e-06
2.26986e+12 5.80935e-05 1.02206e-07 0.999941 1.22525e-06
2.29087e+12 6.15909e-05 9.70013e-08 0.999937 1.21812e-06
2.31206e+12 7.16799e-05 9.55203e-08 0.999927 1.19661e-06
2.33346e+12 7.46138e-05 9.64957e-08 0.999924 1.16356e-06
2.35505e+12 6.81902e-05 9.62798e-08 0.999931 1.13445e-06
2.37684e+12 6.12226e-05 9.35018e-08 0.999938 1.11693e-06
2.39883e+12 6.15801e-05 9.01783e-08 0.999937 1.10369e-06
2.42103e+12 6.61054e-05 8.88222e-08 0.999933 1.08319e-06
2.44343e+12 6.5531e-05 8.88106e-08 0.999933 1.05646e-06
2.46604e+12 5.88235e-05 8.74733e-08 0.99994 1.03492e-06
2.48886e+12 5.43334e-05 8.41804e-08 0.999945 1.02275e-06
2.51189e+12 5.76621e-05 8.10108e-08 0.999941 1.01189e-06
2.53513e+12 6.51181e-05 7.99839e-08 0.999934 9.92881e-07
2.55859e+12 6.80572e-05 8.088e-08 0.999931 9.65194e-07
2.58226e+12 6.17922e-05 8.13805e-08 0.999937 9.38109e-07
2.60615e+12 5.13041e-05 7.94083e-08 0.999948 9.21485e-07
2.63027e+12 4.6443e-05 7.54973e-08 0.999953 9.14616e-07
2.65461e+12 5.09852e-05 7.21708e-08 0.999948 9.07135e-07
2.67917e+12 5.92792e-05 7.11293e-08 0.99994 8.90741e-07
2.70396e+12 6.31226e-05 7.18015e-08 0.999936 8.66612e-07
2.72898e+12 5.92671e-05 7.22892e-08 0.99994 8.4248e-07
2.75423e+12 5.12906e-05 7.11224e-08 0.999948 8.25281e-07
2.77971e+12 4.60093e-05 6.84267e-08 0.999953 8.15508e-07
2.80543e+12 4.71897e-05 6.57029e-08 0.999952 8.07204e-07
2.83139e+12 5.21656e-05 6.43004e-08 0.999947 7.94108e-07
2.85759e+12 5.51541e-05 6.41464e-08 0.999944 7.75685e-07
2.88403e+12 5.32164e-05 6.40745e-08 0.999946 7.56566e-07
2.91072e+12 4.82883e-05 6.30928e-08 0.999951 7.41322e-07
2.93765e+12 4.45777e-05 6.11624e-08 0.999955 7.30708e-07
2.96483e+12 4.49084e-05 5.90613e-08 0.999954 7.21734e-07
2.99226e+12 4.8593e-05 5.77072e-08 0.999951 7.10317e-07
3.01995e+12 5.19395e-05 5.73994e-08 0.999947 6.94648e-07
3.04789e+12 5.13472e-05 5.75352e-08 0.999948 6.76855e-07
3.0761e+12 4.65375e-05 5.71272e-08 0.999953 6.61178e-07
3.10456e+12 4.07646e-05 5.56623e-08 0.999959 6.50262e-07
3.13329e+12 3.79701e-05 5.34783e-08 0.999961 6.43143e-07
3.16228e+12 3.98105e-05 5.14211e-08 0.99996 6.3636e-07
3.19154e+12 4.47799e-05 5.02222e-08 0.999955 6.26546e-07
3.22107e+12 4.93709e-05 5.0055e-08 0.99995 6.12503e-07
3.25087e+12 5.02646e-05 5.04496e-08 0.999949 5.95856e-07
3.28095e+12 4.64399e-05 5.05842e-08 0.999953 5.80035e-07
3.31131e+12 3.99058e-05 4.98163e-08 0.999959 5.68062e-07
3.34195e+12 3.43654e-05 4.80985e-08 0.999965 5.60578e-07
3.37287e+12 3.27554e-05 4.59707e-08 0.999967 5.55585e-07
3.40408e+12 3.55361e-05 4.41706e-08 0.999964 5.49937e-07
3.43558e+12 4.07313e-05 4.31942e-08 0.999959 5.41255e-07
3.46737e+12 4.52619e-05 4.30718e-08 0.999954 5.29055e-07
3.49945e+12 4.6577e-05 4.3409e-08 0.999953 5.14753e-07
3.53183e+12 4.38631e-05 4.36117e-08 0.999956 5.00826e-07
3.56451e+12 3.8392e-05 4.31918e-08 0.999961 4.89521e-07
3.59749e+12 3.28031e-05 4.20121e-08 0.999967 4.81712e-07
3.63078e+12 2.96516e-05 4.03358e-08 0.99997 4.76529e-07
3.66438e+12 3.00894e-05 3.86528e-08 0.999969 4.71972e-07
3.69828e+12 3.34498e-05 3.74083e-08 0.999966 4.66041e-07
3.7325e+12 3.78078e-05 3.68019e-08 0.999962 4.57673e-07
3.76704e+12 4.10026e-05 3.6739e-08 0.999959 4.47054e-07
3.80189e+12 4.15559e-05 3.69132e-08 0.999958 4.35355e-07
3.83707e+12 3.91949e-05 3.69516e-08 0.99996 4.24155e-07
3.87258e+12 3.48822e-05 3.65701e-08 0.999965 4.14774e-07
3.90841e+12 3.03575e-05 3.56845e-08 0.999969 4.07738e-07
3.94457e+12 2.73516e-05 3.44335e-08 0.999972 4.02611e-07
3.98107e+12 2.68379e-05 3.30998e-08 0.999973 3.98261e-07
4.01791e+12 2.86928e-05 3.19747e-08 0.999971 3.93416e-07
4.05509e+12 3.18817e-05 3.12387e-08 0.999968 3.87198e-07
4.09261e+12 3.49848e-05 3.09104e-08 0.999965 3.79395e-07
4.13048e+12 3.67579e-05 3.08656e-08 0.999963 3.70427e-07
4.16869e+12 3.65238e-05 3.08998e-08 0.999963 3.61113e-07
4.20727e+12 3.43337e-05 3.08028e-08 0.999965 3.5236e-07
4.2462e+12 3.09017e-05 3.04269e-08 0.999969 3.44864e-07
4.28549e+12 2.73363e-05 2.97321e-08 0.999972 3.38891e-07
4.32514e+12 2.47396e-05 2.87932e-08 0.999975 3.34207e-07
4.36516e+12 2.38179e-05 2.77656e-08 0.999976 3.30199e-07
4.40555e+12 2.46653e-05 2.68232e-08 0.999975 3.26123e-07
4.44631e+12 2.67978e-05 2.60975e-08 0.999973 3.21369e-07
4.48745e+12 2.93839e-05 2.56412e-08 0.99997 3.15641e-07
4.52898e+12 3.15432e-05 2.54254e-08 0.999968 3.0899e-07
4.57088e+12 3.2595e-05 2.53599e-08 0.999967 3.01749e-07
4.61318e+12 3.2209e-05 2.5325e-08 0.999967 2.94404e-07
4.65586e+12 3.04564e-05 2.52041e-08 0.999969 2.87462e-07
4.69894e+12 2.77699e-05 2.49123e-08 0.999972 2.81317e-07
4.74242e+12 2.48203e-05 2.44172e-08 0.999975 2.76156e-07
4.7863e+12 2.23258e-05 2.37449e-08 0.999977 2.7192e-07
4.83059e+12 2.08491e-05 2.29698e-08 0.999979 2.68325e-07
4.87528e+12 2.06485e-05 2.21896e-08 0.999979 2.64969e-07
4.9204e+12 2.1635e-05 2.14964e-08 0.999978 2.61447e-07
4.96592e+12 2.34364e-05 2.0953e-08 0.999976 2.57459e-07
5.01187e+12 2.55263e-05 2.05826e-08 0.999974 2.52867e-07
5.05825e+12 2.73637e-05 2.03691e-08 0.999972 2.477e-07
5.10505e+12 2.8505e-05 2.02672e-08 0.999971 2.42121e-07
5.15229e+12 2.86765e-05 2.02139e-08 0.999971 2.3638e-07
5.19996e+12 2.78118e-05 2.0142e-08 0.999972 2.3076e-07
5.24807e+12 2.60565e-05 1.99925e-08 0.999974 2.25521e-07
5.29663e+12 2.37361e-05 1.97262e-08 0.999976 2.20852e-07
5.34564e+12 2.12857e-05 1.9331e-08 0.999978 2.1683e-07
5.39511e+12 1.9153e-05 1.88234e-08 0.999981 2.13411e-07
5.44503e+12 1.76992e-05 1.82432e-08 0.999982 2.10446e-07
5.49541e+12 1.7127e-05 1.76426e-08 0.999983 2.07721e-07
5.54626e+12 1.7454e-05 1.70742e-08 0.999982 2.05009e-07
5.59758e+12 1.85322e-05 1.65804e-08 0.999981 2.02117e-07
5.64937e+12 2.00975e-05 1.61873e-08 0.99998 1.98917e-07
5.70164e+12 2.18296e-05 1.59028e-08 0.999978 1.95353e-07
5.7544e+12 2.34068e-05 1.57181e-08 0.999976 1.91441e-07
5.80764e+12 2.45494e-05 1.56112e-08 0.999975 1.87259e-07
5.86138e+12 2.50543e-05 1.55506e-08 0.999975 1.82928e-07
5.91562e+12 2.48192e-05 1.55002e-08 0.999975 1.78597e-07
5.97035e+12 2.38571e-05 1.54244e-08 0.999976 1.74416e-07
6.0256e+12 2.22938e-05 1.52936e-08 0.999978 1.70519e-07
6.08135e+12 2.03471e-05 1.50887e-08 0.999979 1.66997e-07
6.13762e+12 1.82879e-05 1.48042e-08 0.999982 1.63889e-07
6.19441e+12 1.63915e-05 1.44477e-08 0.999983 1.61173e-07
6.25173e+12 1.4892e-05 1.40377e-08 0.999985 1.58783e-07
6.30957e+12 1.39491e-05 1.35997e-08 0.999986 1.56617e-07
6.36796e+12 1.36331e-05 1.31609e-08 0.999986 1.54558e-07
6.42688e+12 1.3927e-05 1.27465e-08 0.999986 1.52499e-07
6.48634e+12 1.47411e-05 1.23766e-08 0.999985 1.50346e-07
6.54636e+12 1.5933e-05 1.20647e-08 0.999984 1.48033e-07
6.60693e+12 1.73283e-05 1.18174e-08 0.999983 1.45522e-07
6.66807e+12 1.87397e-05 1.16341e-08 0.999981 1.42805e-07
6.72977e+12 1.99861e-05 1.15079e-08 0.99998 1.39901e-07
6.79204e+12 2.09091e-05 1.14264e-08 0.999979 1.36855e-07
6.85488e+12 2.13905e-05 1.13733e-08 0.999978 1.3373e-07
6.91831e+12 2.13649e-05 1.13301e-08 0.999978 1.306e-07
6.98232e+12 2.08276e-05 1.12784e-08 0.999979 1.27543e-07
7.04693e+12 1.98335e-05 1.12022e-08 0.99998 1.24629e-07
7.11214e+12 1.84875e-05 1.10899e-08 0.999981 1.21912e-07
7.17794e+12 1.69282e-05 1.09349e-08 0.999983 1.19425e-07
7.24436e+12 1.53077e-05 1.07367e-08 0.999985 1.17175e-07
7.31139e+12 1.3772e-05 1.04993e-08 0.999986 1.15152e-07
7.37904e+12 1.24458e-05 1.02309e-08 0.999987 1.13324e-07
7.44732e+12 1.1422e-05 9.94199e-09 0.999988 1.1165e-07
7.51623e+12 1.0758e-05 9.64383e-09 0.999989 1.10083e-07
7.58578e+12 1.04758e-05 9.34762e-09 0.999989 1.08575e-07
7.65597e+12 1.05658e-05 9.06353e-09 0.999989 1.07082e-07
7.72681e+12 1.09909e-05 8.80004e-09 0.999989 1.05564e-07
7.7983e+12 1.16914e-05 8.56368e-09 0.999988 1.0399e-07
7.87046e+12 1.25909e-05 8.35872e-09 0.999987 1.02337e-07
7.94328e+12 1.36013e-05 8.18707e-09 0.999986 1.00594e-07
8.01678e+12 1.46296e-05 8.0482e-09 0.999985 9.87581e-08
8.09096e+12 1.5585e-05 7.93932e-09 0.999984 9.68365e-08
8.16582e+12 1.63865e-05 7.8556e-09 0.999984 9.48459e-08
8.24138e+12 1.69696e-05 7.79078e-09 0.999983 9.28099e-08
8.31764e+12 1.72908e-05 7.73774e-09 0.999983 9.07566e-08
8.3946e+12 1.73308e-05 7.68922e-09 0.999983 8.87153e-08
8.47227e+12 1.70939e-05 7.6385e-09 0.999983 8.67142e-08
8.55067e+12 1.6605e-05 7.57994e-09 0.999983 8.47778e-08
8.62979e+12 1.5905e-05 7.50929e-09 0.999984 8.29247e-08
8.70964e+12 1.50448e-05 7.42389e-09 0.999985 8.11677e-08
8.79023e+12 1.408e-05 7.32252e-09 0.999986 7.95133e-08
8.87156e+12 1.30658e-05 7.2053e-09 0.999987 7.79621e-08
8.95365e+12 1.20535e-05 7.07334e-09 0.999988 7.65107e-08
9.03649e+12 1.10884e-05 6.92852e-09 0.999989 7.51519e-08
9.12011e+12 1.02083e-05 6.77319e-09 0.99999 7.38761e-08
9.2045e+12 9.44409e-06 6.61004e-09 0.99999 7.26725e-08
9.28966e+12 8.81873e-06 6.44188e-09 0.999991 7.1529e-08
9.37562e+12 8.34805e-06 6.27158e-09 0.999992 7.04333e-08
9.46237e+12 8.04057e-06 6.10194e-09 0.999992 6.93731e-08
9.54993e+12 7.8975e-06 5.93565e-09 0.999992 6.83362e-08
9.63829e+12 7.91285e-06 5.77516e-09 0.999992 6.73114e-08
9.72747e+12 8.07376e-06 5.62261e-09 0.999992 6.62886e-08
9.81748e+12 8.36128e-06 5.47966e-09 0.999992 6.52595e-08
9.90832e+12 8.7515e-06 5.34755e-09 0.999991 6.42174e-08
1e+13 9.21717e-06 5.22695e-09 0.999991 6.31583e-08
1.00925e+13 9.72952e-06 5.11803e-09 0.99999 6.20798e-08
1.01859e+13 1.026e-05 5.02044e-09 0.99999 6.09822e-08
1.02802e+13 1.07821e-05 4.93341e-09 0.999989 5.98673e-08
1.03753e+13 1.12724e-05 4.8559e-09 0.999989 5.87385e-08
1.04713e+13 1.17116e-05 4.78665e-09 0.999988 5.76e-08
1.05682e+13 1.20847e-05 4.7243e-09 0.999988 5.64567e-08
1.0666e+13 1.23808e-05 4.66748e-09 0.999988 5.53138e-08
1.07647e+13 1.2593e-05 4.61489e-09 0.999987 5.4176e-08
1.08643e+13 1.27175e-05 4.5653e-09 0.999987 5.3048e-08
1.09648e+13 1.27528e-05 4.51763e-09 0.999987 5.19341e-08
1.10662e+13 1.26997e-05 4.47088e-09 0.999987 5.0838e-08
1.11686e+13 1.25604e-05 4.42418e-09 0.999987 4.97631e-08
1.1272e+13 1.23386e-05 4.37672e-09 0.999988 4.87125e-08
1.13763e+13 1.20394e-05 4.3278e-09 0.999988 4.76889e-08
1.14815e+13 1.16691e-05 4.2768e-09 0.999988 4.66948e-08
1.15878e+13 1.12357e-05 4.22315e-09 0.999989 4.57322e-08
1.1695e+13 1.07485e-05 4.16642e-09 0.999989 4.4803e-08
1.18032e+13 1.02185e-05 4.10627e-09 0.99999 4.39084e-08
1.19124e+13 9.65766e-06 4.0425e-09 0.99999 4.30491e-08
1.20226e+13 9.07912e-06 3.97505e-09 0.999991 4.22255e-08
1.21339e+13 8.49631e-06 3.90401e-09 0.999991 4.1437e-08
1.22462e+13 7.92267e-06 3.8296e-09 0.999992 4.06826e-08
1.23595e+13 7.37103e-06 3.75219e-09 0.999993 3.99607e-08
1.24738e+13 6.85316e-06 3.67225e-09 0.999993 3.92693e-08
1.25893e+13 6.3793e-06 3.59036e-09 0.999994 3.86058e-08
1.27057e+13 5.9579e-06 3.50712e-09 0.999994 3.79674e-08
1.28233e+13 5.59536e-06 3.42318e-09 0.999994 3.73513e-08
1.2942e+13 5.29607e-06 3.3392e-09 0.999995 3.67544e-08
1.30617e+13 5.06241e-06 3.25577e-09 0.999995 3.61738e-08
1.31826e+13 4.8949e-06 3.17348e-09 0.999995 3.56067e-08
1.33045e+13 4.79248e-06 3.09287e-09 0.999995 3.50508e-08
1.34276e+13 4.7527e-06 3.01437e-09 0.999995 3.45035e-08
1.35519e+13 4.77198e-06 2.93836e-09 0.999995 3.3963e-08
1.36773e+13 4.8459e-06 2.86517e-09 0.999995 3.34275e-08
1.38038e+13 4.96935e-06 2.79504e-09 0.999995 3.28955e-08
1.39316e+13 5.13673e-06 2.72815e-09 0.999995 3.23658e-08
1.40605e+13 5.34207e-06 2.66464e-09 0.999995 3.18376e-08
1.41906e+13 5.57915e-06 2.60459e-09 0.999994 3.131e-08
1.43219e+13 5.84157e-06 2.54803e-09 0.999994 3.07824e-08
1.44544e+13 6.12282e-06 2.49494e-09 0.999994 3.02547e-08
1.45881e+13 6.41635e-06 2.44527e-09 0.999994 2.97265e-08
1.47231e+13 6.71564e-06 2.39892e-09 0.999993 2.9198e-08
1.48594e+13 7.01427e-06 2.35576e-09 0.999993 2.86693e-08
1.49968e+13 7.30606e-06 2.31562e-09 0.999993 2.81408e-08
1.51356e+13 7.58512e-06 2.27832e-09 0.999992 2.76129e-08
1.52757e+13 7.84599e-06 2.24361e-09 0.999992 2.70863e-08
1.5417e+13 8.08374e-06 2.21126e-09 0.999992 2.65617e-08
1.55597e+13 8.2941e-06 2.18098e-09 0.999992 2.604e-08
1.57036e+13 8.47349e-06 2.1525e-09 0.999991 2.5522e-08
1.58489e+13 8.61911e-06 2.12554e-09 0.999991 2.50087e-08
1.59956e+13 8.72901e-06 2.09982e-09 0.999991 2.4501e-08
1.61436e+13 8.80204e-06 2.07506e-09 0.999991 2.39999e-08
1.6293e+13 8.83788e-06 2.051e-09 0.999991 2.35062e-08
1.64437e+13 8.83695e-06 2.02741e-09 0.999991 2.30208e-08
1.65959e+13 8.80038e-06 2.00408e-09 0.999991 2.25444e-08
1.67494e+13 8.72989e-06 1.98081e-09 0.999991 2.20777e-08
1.69044e+13 8.6277e-06 1.95746e-09 0.999991 2.1621e-08
1.70608e+13 8.49641e-06 1.93388e-09 0.999991 2.1175e-08
1.72187e+13 8.3389e-06 1.90998e-09 0.999992 2.07398e-08
1.7378e+13 8.15822e-06 1.88569e-09 0.999992 2.03156e-08
1.75388e+13 7.95748e-06 1.86096e-09 0.999992 1.99025e-08
1.77011e+13 7.73977e-06 1.83577e-09 0.999992 1.95005e-08
1.78649e+13 7.50811e-06 1.81011e-09 0.999992 1.91095e-08
1.80302e+13 7.26534e-06 1.78399e-09 0.999993 1.87293e-08
1.8197e+13 7.01415e-06 1.75743e-09 0.999993 1.83598e-08
1.83654e+13 6.75698e-06 1.73047e-09 0.999993 1.80006e-08
1.85353e+13 6.49607e-06 1.70314e-09 0.999993 1.76514e-08
1.87068e+13 6.23343e-06 1.67551e-09 0.999994 1.7312e-08
1.88799e+13 5.97086e-06 1.6476e-09 0.999994 1.69821e-08
1.90546e+13 5.70995e-06 1.61946e-09 0.999994 1.66612e-08
1.92309e+13 5.4521e-06 1.59114e-09 0.999995 1.63491e-08
1.94089e+13 5.19859e-06 1.5627e-09 0.999995 1.60455e-08
1.95884e+13 4.9505e-06 1.53417e-09 0.999995 1.575e-08
1.97697e+13 4.70885e-06 1.50559e-09 0.999995 1.54623e-08
1.99526e+13 4.47452e-06 1.47704e-09 0.999996 1.5182e-08
2.01372e+13 4.24832e-06 1.44851e-09 0.999996 1.49091e-08
2.03236e+13 4.03096e-06 1.42006e-09 0.999996 1.4643e-08
2.05116e+13 3.82309e-06 1.39174e-09 0.999996 1.43836e-08
2.07014e+13 3.62532e-06 1.36357e-09 0.999996 1.41305e-08
2.0893e+13 3.43815e-06 1.33558e-09 0.999997 1.38835e-08
2.10863e+13 3.26203e-06 1.30783e-09 0.999997 1.36424e-08
2.12814e+13 3.09735e-06 1.28033e-09 0.999997 1.34069e-08
2.14783e+13 2.94441e-06 1.25311e-09 0.999997 1.31767e-08
2.1677e+13 2.80345e-06 1.22621e-09 0.999997 1.29515e-08
2.18776e+13 2.67462e-06 1.19967e-09 0.999997 1.27312e-08
2.208e+13 2.558e-06 1.17349e-09 0.999997 1.25155e-08
2.22844e+13 2.45357e-06 1.14772e-09 0.999998 1.23042e-08
2.24905e+13 2.36126e-06 1.12238e-09 0.999998 1.20971e-08
2.26986e+13 2.2809e-06 1.09748e-09 0.999998 1.18939e-08
2.29087e+13 2.21226e-06 1.07306e-09 0.999998 1.16945e-08
2.31206e+13 2.15503e-06 1.04912e-09 0.999998 1.14987e-08
2.33346e+13 2.10885e-06 1.02569e-09 0.999998 1.13063e-08
2.35505e+13 2.0733e-06 1.00277e-09 0.999998 1.11172e-08
2.37684e+13 2.04791e-06 9.80373e-10 0.999998 1.09312e-08
2.39883e+13 2.03219e-06 9.58504e-10 0.999998 1.07482e-08
2.42103e+13 2.02558e-06 9.37172e-10 0.999998 1.05681e-08
2.44343e+13 2.02756e-06 9.16377e-10 0.999998 1.03907e-08
2.46604e+13 2.03753e-06 8.96134e-10 0.999998 1.0216e-08
2.48886e+13 2.05494e-06 8.76419e-10 0.999998 1.00438e-08
2.51189e+13 2.0792e-06 8.57231e-10 0.999998 9.87415e-09
2.53513e+13 2.10974e-06 8.38581e-10 0.999998 9.70691e-09
2.55859e+13 2.14601e-06 8.20454e-10 0.999998 9.54201e-09
2.58226e+13 2.18747e-06 8.02834e-10 0.999998 9.37941e-09
2.60615e+13 2.23358e-06 7.85723e-10 0.999998 9.21907e-09
2.63027e+13 2.28383e-06 7.69108e-10 0.999998 9.06093e-09
2.65461e+13 2.33775e-06 7.52977e-10 0.999998 8.90496e-09
2.67917e+13 2.39486e-06 7.37328e-10 0.999998 8.75112e-09
2.70396e+13 2.45472e-06 7.22129e-10 0.999998 8.59938e-09
2.72898e+13 2.5169e-06 7.07383e-10 0.999997 8.44972e-09
2.75423e+13 2.58102e-06 6.9308e-10 0.999997 8.3021e-09
2.77971e+13 2.64667e-06 6.792e-10 0.999997 8.15651e-09
2.80543e+13 2.71351e-06 6.65738e-10 0.999997 8.01291e-09
2.83139e+13 2.78117e-06 6.52673e-10 0.999997 7.8713e-09
2.85759e+13 2.84935e-06 6.39998e-10 0.999997 7.73166e-09
2.88403e+13 2.91771e-06 6.27709e-10 0.999997 7.59395e-09
2.91072e+13 2.98597e-06 6.15781e-10 0.999997 7.45817e-09
2.93765e+13 3.05383e-06 6.04208e-10 0.999997 7.3243e-09
2.96483e+13 3.12103e-06 5.92968e-10 0.999997 7.19233e-09
2.99226e+13 3.1873e-06 5.82064e-10 0.999997 7.06224e-09
3.01995e+13 3.2524e-06 5.71482e-10 0.999997 6.93402e-09
3.04789e+13 3.3161e-06 5.61199e-10 0.999997 6.80766e-09
3.0761e+13 3.37816e-06 5.51224e-10 0.999997 6.68314e-09
3.10456e+13 3.43839e-06 5.4152e-10 0.999997 6.56047e-09
3.13329e+13 3.49659e-06 5.32095e-10 0.999996 6.43961e-09
3.16228e+13 3.55258e-06 5.22937e-10 0.999996 6.32056e-09
3.19154e+13 3.60617e-06 5.1403e-10 0.999996 6.20332e-09
3.22107e+13 3.65723e-06 5.05356e-10 0.999996 6.08787e-09
3.25087e+13 3.70562e-06 4.96913e-10 0.999996 5.97421e-09
3.28095e+13 3.75119e-06 4.88697e-10 0.999996 5.86232e-09
3.31131e+13 3.79386e-06 4.80689e-10 0.999996 5.75221e-09
3.34195e+13 3.83351e-06 4.72881e-10 0.999996 5.64385e-09
3.37287e+13 3.87008e-06 4.65271e-10 0.999996 5.53723e-09
3.40408e+13 3.9035e-06 4.57832e-10 0.999996 5.43237e-09
3.43558e+13 3.93372e-06 4.50568e-10 0.999996 5.32923e-09
3.46737e+13 3.96071e-06 4.43482e-10 0.999996 5.22783e-09
3.49945e+13 3.98446e-06 4.36543e-10 0.999996 5.12813e-09
3.53183e+13 4.00495e-06 4.29751e-10 0.999996 5.03013e-09
3.56451e+13 4.0222e-06 4.23105e-10 0.999996 4.93382e-09
3.59749e+13 4.03624e-06 4.16592e-10 0.999996 4.8392e-09
3.63078e+13 4.04711e-06 4.10205e-10 0.999996 4.74623e-09
3.66438e+13 4.05484e-06 4.03941e-10 0.999996 4.65493e-09
3.69828e+13 4.0595e-06 3.97794e-10 0.999996 4.56526e-09
3.7325e+13 4.06116e-06 3.91757e-10 0.999996 4.47721e-09
3.76704e+13 4.05991e-06 3.85824e-10 0.999996 4.39077e-09
3.80189e+13 4.05582e-06 3.79982e-10 0.999996 4.30594e-09
3.83707e+13 4.04898e-06 3.7424e-10 0.999996 4.22267e-09
3.87258e+13 4.03951e-06 3.68595e-10 0.999996 4.14095e-09
3.90841e+13 4.0275e-06 3.63032e-10 0.999996 4.06078e-09
3.94457e+13 4.01306e-06 3.57554e-10 0.999996 3.98214e-09
3.98107e+13 3.99631e-06 3.5216e-10 0.999996 3.90499e-09
4.01791e+13 3.97736e-06 3.46832e-10 0.999996 3.82932e-09
4.05509e+13 3.95633e-06 3.41582e-10 0.999996 3.75512e-09
4.09261e+13 3.93332e-06 3.36406e-10 0.999996 3.68235e-09
4.13048e+13 3.90847e-06 3.313e-10 0.999996 3.61099e-09
4.16869e+13 3.88188e-06 3.2626e-10 0.999996 3.54103e-09
4.20727e+13 3.85366e-06 3.21289e-10 0.999996 3.47245e-09
4.2462e+13 3.82394e-06 3.16378e-10 0.999996 3.40521e-09
4.28549e+13 3.79281e-06 3.11537e-10 0.999996 3.33929e-09
4.32514e+13 3.7604e-06 3.06755e-10 0.999996 3.27469e-09
4.36516e+13 3.72679e-06 3.02039e-10 0.999996 3.21136e-09
4.40555e+13 3.69209e-06 2.9737e-10 0.999996 3.1493e-09
4.44631e+13 3.6564e-06 2.92765e-10 0.999996 3.08845e-09
4.48745e+13 3.61981e-06 2.88215e-10 0.999996 3.02883e-09
4.52898e+13 3.58241e-06 2.8373e-10 0.999996 2.97039e-09
4.57088e+13 3.54429e-06 2.79297e-10 0.999996 2.91312e-09
4.61318e+13 3.50551e-06 2.74918e-10 0.999996 2.85699e-09
4.65586e+13 3.46616e-06 2.70591e-10 0.999997 2.80198e-09
4.69894e+13 3.42632e-06 2.66329e-10 0.999997 2.74806e-09
4.74242e+13 3.38604e-06 2.62115e-10 0.999997 2.69524e-09
4.7863e+13 3.34539e-06 2.5796e-10 0.999997 2.64345e-09
4.83059e+13 3.30443e-06 2.5386e-10 0.999997 2.59269e-09
4.87528e+13 3.26322e-06 2.49807e-10 0.999997 2.54296e-09
4.9204e+13 3.22181e-06 2.4581e-10 0.999997 2.49421e-09
4.96592e+13 3.18024e-06 2.41867e-10 0.999997 2.44643e-09
5.01187e+13 3.13856e-06 2.37973e-10 0.999997 2.3996e-09
5.05825e+13 3.09682e-06 2.34141e-10 0.999997 2.3537e-09
5.10505e+13 3.05505e-06 2.30348e-10 0.999997 2.30872e-09
5.15229e+13 3.01328e-06 2.26607e-10 0.999997 2.26462e-09
5.19996e+13 2.97156e-06 2.22925e-10 0.999997 2.22141e-09
5.24807e+13 2.9299e-06 2.19289e-10 0.999997 2.17904e-09
5.29663e+13 2.88834e-06 2.15703e-10 0.999997 2.13752e-09
5.34564e+13 2.84691e-06 2.12172e-10 0.999997 2.09681e-09
5.39511e+13 2.80562e-06 2.08687e-10 0.999997 2.05691e-09
5.44503e+13 2.76451e-06 2.0525e-10 0.999997 2.0178e-09
5.49541e+13 2.72359e-06 2.01864e-10 0.999997 1.97946e-09
5.54626e+13 2.68287e-06 1.98523e-10 0.999997 1.94188e-09
5.59758e+13 2.64238e-06 1.95243e-10 0.999997 1.90502e-09
5.64937e+13 2.60213e-06 1.91991e-10 0.999997 1.8689e-09
5.70164e+13 2.56214e-06 1.88798e-10 0.999997 1.83348e-09
5.7544e+13 2.52242e-06 1.85645e-10 0.999997 1.79876e-09
5.80764e+13 2.48297e-06 1.82538e-10 0.999998 1.76473e-09
5.86138e+13 2.44383e-06 1.79481e-10 0.999998 1.73136e-09
5.91562e+13 2.40498e-06 1.76468e-10 0.999998 1.69863e-09
5.97035e+13 2.36645e-06 1.73501e-10 0.999998 1.66655e-09
6.0256e+13 2.32824e-06 1.70572e-10 0.999998 1.63511e-09
6.08135e+13 2.29037e-06 1.67696e-10 0.999998 1.60426e-09
6.13762e+13 2.25283e-06 1.64851e-10 0.999998 1.57404e-09
6.19441e+13 2.21563e-06 1.62062e-10 0.999998 1.54437e-09
6.25173e+13 2.17879e-06 1.59311e-10 0.999998 1.5153e-09
6.30957e+13 2.14231e-06 1.56605e-10 0.999998 1.48679e-09
6.36796e+13 2.1062e-06 1.53929e-10 0.999998 1.45885e-09
6.42688e+13 2.07045e-06 1.51306e-10 0.999998 1.43143e-09
6.48634e+13 2.03508e-06 1.48715e-10 0.999998 1.40456e-09
6.54636e+13 2.00008e-06 1.46165e-10 0.999998 1.3782e-09
6.60693e+13 1.96548e-06 1.43659e-10 0.999998 1.35235e-09
6.66807e+13 1.93126e-06 1.41187e-10 0.999998 1.32701e-09
6.72977e+13 1.89743e-06 1.38758e-10 0.999998 1.30215e-09
6.79204e+13 1.86399e-06 1.36369e-10 0.999998 1.27777e-09
6.85488e+13 1.83095e-06 1.34011e-10 0.999998 1.25387e-09
6.91831e+13 1.79832e-06 1.31694e-10 0.999998 1.23043e-09
6.98232e+13 1.76608e-06 1.29413e-10 0.999998 1.20743e-09
7.04693e+13 1.73425e-06 1.2716e-10 0.999998 1.18489e-09
7.11214e+13 1.70283e-06 1.24956e-10 0.999998 1.16278e-09
7.17794e+13 1.67182e-06 1.22776e-10 0.999998 1.14109e-09
7.24436e+13 1.64122e-06 1.20637e-10 0.999998 1.11982e-09
7.31139e+13 1.61102e-06 1.18531e-10 0.999998 1.09895e-09
7.37904e+13 1.58124e-06 1.16455e-10 0.999998 1.07849e-09
7.44732e+13 1.55188e-06 1.14423e-10 0.999998 1.05842e-09
7.51623e+13 1.52292e-06 1.12408e-10 0.999998 1.03874e-09
7.58578e+13 1.49438e-06 1.10439e-10 0.999999 1.01943e-09
7.65597e+13 1.46625e-06 1.08497e-10 0.999999 1.0005e-09
7.72681e+13 1.43853e-06 1.06585e-10 0.999999 9.8192e-10
7.7983e+13 1.41123e-06 1.04703e-10 0.999999 9.63701e-10
7.87046e+13 1.38434e-06 1.02859e-10 0.999999 9.45818e-10
7.94328e+13 1.35786e-06 1.01042e-10 0.999999 9.28286e-10
8.01678e+13 1.33178e-06 9.92562e-11 0.999999 9.11092e-10
8.09096e+13 1.30612e-06 9.74889e-11 0.999999 8.94215e-10
8.16582e+13 1.28086e-06 9.57592e-11 0.999999 8.77663e-10
8.24138e+13 1.256e-06 9.40532e-11 0.999999 8.61433e-10
8.31764e+13 1.23154e-06 9.23852e-11 0.999999 8.4551e-10
8.3946e+13 1.20749e-06 9.07434e-11 0.999999 8.29872e-10
8.47227e+13 1.18383e-06 8.91214e-11 0.999999 8.14545e-10
8.55067e+13 1.16057e-06 8.75312e-11 0.999999 7.99506e-10
8.62979e+13 1.1377e-06 8.59639e-11 0.999999 7.84751e-10
8.70964e+13 1.11522e-06 8.44248e-11 0.999999 7.70275e-10
8.79023e+13 1.09312e-06 8.29176e-11 0.999999 7.56065e-10
8.87156e+13 1.07141e-06 8.14378e-11 0.999999 7.42133e-10
8.95365e+13 1.05007e-06 7.99722e-11 0.999999 7.28464e-10
9.03649e+13 1.02912e-06 7.8544e-11 0.999999 7.1504e-10
9.12011e+13 1.00853e-06 7.71276e-11 0.999999 7.01884e-10
9.2045e+13 9.88311e-07 7.57494e-11 0.999999 6.88956e-10
9.28966e+13 9.68458e-07 7.43773e-11 0.999999 6.76296e-10
9.37562e+13 9.48965e-07 7.30334e-11 0.999999 6.63859e-10
9.46237e+13 9.29829e-07 7.17183e-11 0.999999 6.51661e-10
9.54993e+13 9.11045e-07 7.04255e-11 0.999999 6.39683e-10
9.63829e+13 8.92609e-07 6.91597e-11 0.999999 6.27935e-10
9.72747e+13 8.74517e-07 6.79017e-11 0.999999 6.16409e-10
9.81748e+13 8.56765e-07 6.66769e-11 0.999999 6.0509e-10
9.90832e+13 8.39348e-07 6.5467e-11 0.999999 5.93991e-10
1e+14 8.22261e-07 6.42823e-11 0.999999 5.83095e-10
