1e+10 1.04753e-05 0.00386116 0.928817 0.0673117
1.00925e+10 2.93418e-07 0.00379158 0.93009 0.0661178
1.01859e+10 3.81631e-07 0.00372381 0.931334 0.0649415
1.02802e+10 4.3486e-07 0.00365661 0.932554 0.0637887
1.03753e+10 1.15178e-05 0.00359124 0.933745 0.0626524
1.04713e+10 7.08618e-06 0.00352621 0.934927 0.0615402
1.05682e+10 8.88782e-06 0.00346286 0.936084 0.0604444
1.0666e+10 4.47318e-06 0.00340096 0.937229 0.059366
1.07647e+10 9.8843e-06 0.00333945 0.938341 0.0583099
1.08643e+10 9.16152e-06 0.00327934 0.939441 0.0572706
1.09648e+10 7.57938e-07 0.00322024 0.940529 0.0562497
1.10662e+10 7.73006e-06 0.00316225 0.941584 0.0552462
1.11686e+10 5.96932e-06 0.00310523 0.942628 0.0542605
1.1272e+10 1.46721e-06 0.00304868 0.943655 0.0532949
1.13763e+10 2.00971e-07 0.00299387 0.944664 0.0523422
1.14815e+10 1.24209e-06 0.00293945 0.94565 0.0514093
1.15878e+10 8.17723e-06 0.00288679 0.946617 0.0504885
1.1695e+10 1.05966e-05 0.0028345 0.947568 0.0495868
1.18032e+10 4.52028e-07 0.00278299 0.948515 0.0487017
1.19124e+10 9.4467e-06 0.00273277 0.949428 0.0478302
1.20226e+10 5.47546e-06 0.00268324 0.950336 0.046975
1.21339e+10 7.02125e-06 0.002634 0.951221 0.0461379
1.22462e+10 4.16506e-06 0.00258618 0.952097 0.0453127
1.23595e+10 1.06732e-05 0.00253963 0.95295 0.0444998
1.24738e+10 6.36323e-06 0.00249317 0.953795 0.0437051
1.25893e+10 9.94451e-06 0.00244809 0.95462 0.0429215
1.27057e+10 4.58899e-07 0.00240345 0.955442 0.0421537
1.28233e+10 1.04738e-06 0.00235971 0.95624 0.0413988
1.2942e+10 8.3179e-06 0.00231711 0.957019 0.0406554
1.30617e+10 8.84326e-06 0.00227485 0.957789 0.0399273
1.31826e+10 1.1679e-06 0.0022335 0.958554 0.0392113
1.33045e+10 5.86616e-06 0.00219293 0.959293 0.0385077
1.34276e+10 -7.5289e-08 0.00215271 0.960029 0.0378185
1.35519e+10 4.79222e-06 0.00211374 0.960743 0.0371388
1.36773e+10 -6.38161e-08 0.00207495 0.961451 0.0364738
1.38038e+10 7.27446e-06 0.00203734 0.962137 0.0358181
1.39316e+10 1.61148e-06 0.00200007 0.962823 0.0351757
1.40605e+10 1.07846e-05 0.00196351 0.963481 0.0345445
1.41906e+10 6.858e-06 0.00192776 0.964142 0.0339236
1.43219e+10 9.88806e-06 0.00189214 0.964781 0.0333165
1.44544e+10 1.15089e-05 0.00185777 0.965414 0.032717
1.45881e+10 3.93586e-06 0.00182345 0.966041 0.0321311
1.47231e+10 9.73964e-06 0.00179016 0.966647 0.0315535
1.48594e+10 2.11908e-07 0.00175743 0.967256 0.0309863
1.49968e+10 5.62017e-06 0.00172511 0.967839 0.0304302
1.51356e+10 1.25982e-07 0.00169375 0.968424 0.029882
1.52757e+10 4.34291e-06 0.00166245 0.968987 0.0293461
1.5417e+10 -1.13637e-08 0.00163218 0.96955 0.0288174
1.55597e+10 7.1639e-06 0.00160206 0.970091 0.0283002
1.57036e+10 1.94367e-06 0.00157268 0.970634 0.0277912
1.58489e+10 1.07001e-05 0.00154406 0.971155 0.02729
1.59956e+10 1.06661e-05 0.00151563 0.971674 0.0267995
1.61436e+10 1.55994e-07 0.00148782 0.972195 0.0263173
1.6293e+10 -4.40974e-08 0.00146043 0.972696 0.025844
1.64437e+10 8.95288e-06 0.00143375 0.973179 0.0253781
1.65959e+10 4.16977e-06 0.00140742 0.973667 0.0249212
1.67494e+10 9.47009e-06 0.0013814 0.974136 0.0244733
1.69044e+10 3.22969e-06 0.00135611 0.974609 0.0240321
1.70608e+10 6.54316e-06 0.00133116 0.975063 0.0235994
1.72187e+10 1.46645e-06 0.00130637 0.975516 0.0231759
1.7378e+10 2.39147e-06 0.00128229 0.975957 0.0227587
1.75388e+10 3.12683e-06 0.00125895 0.976391 0.0223473
1.77011e+10 6.29433e-08 0.00123557 0.976819 0.0219458
1.78649e+10 2.37879e-06 0.00121296 0.977235 0.0215496
1.80302e+10 4.61797e-06 0.0011903 0.977642 0.0211629
1.8197e+10 4.90029e-06 0.00116835 0.978045 0.0207816
1.83654e+10 1.29414e-06 0.00114702 0.978446 0.0204059
1.85353e+10 1.07859e-06 0.00112564 0.978834 0.0200393
1.87068e+10 2.22442e-07 0.00110499 0.979217 0.0196775
1.88799e+10 8.63433e-06 0.00108449 0.979584 0.0193234
1.90546e+10 9.48546e-06 0.00106452 0.979951 0.0189747
1.92309e+10 3.0239e-06 0.00104468 0.980319 0.0186336
1.94089e+10 9.72919e-06 0.00102554 0.980668 0.0182968
1.95884e+10 9.83142e-06 0.00100653 0.981016 0.0179671
1.97697e+10 4.78585e-07 0.000987824 0.981368 0.0176437
1.99526e+10 6.44769e-06 0.000969483 0.981698 0.0173259
2.01372e+10 2.58827e-06 0.000951523 0.982032 0.0170136
2.03236e+10 7.13031e-06 0.000934181 0.982353 0.0167054
2.05116e+10 2.2493e-06 0.000916842 0.982677 0.0164043
2.07014e+10 8.17562e-06 0.000899872 0.982984 0.0161084
2.0893e+10 1.60369e-06 0.000882921 0.983296 0.0158193
2.10863e+10 5.25233e-06 0.000866511 0.983594 0.0155342
2.12814e+10 1.0165e-07 0.000850533 0.983896 0.0152536
2.14783e+10 1.08797e-05 0.000834785 0.984176 0.0149783
2.1677e+10 1.02318e-05 0.000819384 0.984463 0.0147077
2.18776e+10 9.42756e-06 0.000803966 0.984743 0.0144435
2.208e+10 3.1694e-06 0.000789255 0.985026 0.0141818
2.22844e+10 3.40542e-07 0.000774497 0.985299 0.0139265
2.24905e+10 5.76106e-06 0.000760214 0.985559 0.0136747
2.26986e+10 5.08419e-06 0.000745772 0.985819 0.0134297
2.29087e+10 1.02788e-05 0.000731971 0.986071 0.013187
2.31206e+10 6.12427e-06 0.000718268 0.986326 0.0129496
2.33346e+10 3.59986e-06 0.000705166 0.986577 0.0127146
2.35505e+10 2.3394e-07 0.000691855 0.986822 0.0124862
2.37684e+10 8.5441e-08 0.000679025 0.98706 0.0122607
2.39883e+10 1.01646e-05 0.000666462 0.987284 0.0120391
2.42103e+10 4.14965e-07 0.000653973 0.987523 0.0118223
2.44343e+10 9.73134e-08 0.000641748 0.987749 0.0116092
2.46604e+10 6.8088e-06 0.000629904 0.987964 0.0113991
2.48886e+10 3.03566e-06 0.000617881 0.988184 0.0111949
2.51189e+10 8.64772e-06 0.000606359 0.988392 0.0109929
2.53513e+10 4.46734e-06 0.000595006 0.988606 0.0107948
2.55859e+10 3.78971e-06 0.000584145 0.988813 0.0105987
2.58226e+10 1.45577e-06 0.000573014 0.989017 0.0104087
2.60615e+10 2.52571e-06 0.000562276 0.989214 0.0102211
2.63027e+10 8.72186e-07 0.000551932 0.989411 0.0100358
2.65461e+10 1.03046e-05 0.000541484 0.989593 0.00985549
2.67917e+10 1.0179e-05 0.000531511 0.989781 0.00967689
2.70396e+10 1.15105e-05 0.00052153 0.989964 0.00950253
2.72898e+10 6.02783e-06 0.000511566 0.99015 0.0093322
2.75423e+10 8.59802e-06 0.000502226 0.990327 0.00916261
2.77971e+10 3.11116e-06 0.000492806 0.990507 0.00899742
2.80543e+10 6.69009e-06 0.000483589 0.990675 0.00883504
2.83139e+10 1.01735e-05 0.000474313 0.990839 0.00867682
2.85759e+10 5.08272e-06 0.000465609 0.99101 0.00851933
2.88403e+10 9.7904e-07 0.000456813 0.991176 0.00836602
2.91072e+10 4.04192e-06 0.00044829 0.991333 0.00821489
2.93765e+10 1.1417e-05 0.00043973 0.991481 0.00806751
2.96483e+10 2.35956e-06 0.00043158 0.991645 0.00792147
2.99226e+10 3.22531e-08 0.000423367 0.991797 0.00777919
3.01995e+10 6.11195e-07 0.000415463 0.991945 0.00763865
3.04789e+10 1.03918e-05 0.000407686 0.992081 0.00750074
3.0761e+10 3.94464e-07 0.000399887 0.992234 0.00736621
3.10456e+10 6.37324e-06 0.000392297 0.992368 0.00723377
3.13329e+10 5.90145e-06 0.000384902 0.992506 0.00710342
3.16228e+10 4.51105e-08 0.000377746 0.992647 0.00697488
3.19154e+10 1.11798e-05 0.000370666 0.992769 0.00684897
3.22107e+10 2.89387e-06 0.000363735 0.992908 0.00672523
3.25087e+10 9.5235e-07 0.00035684 0.993038 0.00660423
3.28095e+10 5.16939e-06 0.000350158 0.99316 0.00648495
3.31131e+10 1.05845e-05 0.000343394 0.993277 0.00636892
3.34195e+10 2.9647e-06 0.000337042 0.993407 0.00625347
3.37287e+10 1.45519e-07 0.000330564 0.993528 0.0061414
3.40408e+10 9.58387e-08 0.000324319 0.993645 0.00603074
3.43558e+10 3.36073e-06 0.000318292 0.993757 0.00592155
3.46737e+10 9.9199e-06 0.00031213 0.993862 0.00581564
3.49945e+10 5.26191e-06 0.00030637 0.993978 0.00571011
3.53183e+10 7.8118e-07 0.000300521 0.994091 0.00560754
3.56451e+10 1.62409e-06 0.000294848 0.994197 0.00550646
3.59749e+10 9.28527e-06 0.000289273 0.994294 0.00540724
3.63078e+10 3.82819e-06 0.000283624 0.994402 0.00531077
3.66438e+10 1.03764e-05 0.000278368 0.994497 0.00521449
3.69828e+10 6.42691e-06 0.000273138 0.9946 0.00512035
3.7325e+10 7.58148e-06 0.000267952 0.994696 0.00502818
3.76704e+10 1.1008e-05 0.000262768 0.994788 0.00493819
3.80189e+10 4.66941e-07 0.000257743 0.994892 0.0048495
3.83707e+10 1.04025e-05 0.000252867 0.994975 0.0047621
3.87258e+10 7.70641e-06 0.000248145 0.995068 0.00467594
3.90841e+10 7.07368e-06 0.00024343 0.995158 0.00459178
3.94457e+10 1.07206e-05 0.000238745 0.995241 0.00450945
3.98107e+10 4.10113e-06 0.000234087 0.995333 0.00442893
4.01791e+10 7.16295e-06 0.000229778 0.995415 0.00434845
4.05509e+10 2.94258e-08 0.000225321 0.995504 0.00427066
4.09261e+10 1.33644e-06 0.000220972 0.995584 0.00419414
4.13048e+10 4.43805e-07 0.000216774 0.995664 0.00411863
4.16869e+10 2.27886e-06 0.000212725 0.995741 0.00404409
4.20727e+10 1.01321e-05 0.000208585 0.995809 0.0039718
4.2462e+10 1.18024e-06 0.000204653 0.995894 0.00390011
4.28549e+10 2.14016e-06 0.000200641 0.995967 0.00383055
4.32514e+10 4.79789e-06 0.000196793 0.996037 0.00376177
4.36516e+10 2.78492e-06 0.000193029 0.99611 0.00369416
4.40555e+10 2.88443e-07 0.000189409 0.996183 0.00362737
4.44631e+10 9.66091e-06 0.000185786 0.996242 0.00356217
4.48745e+10 5.39521e-08 0.000182189 0.996319 0.00349838
4.52898e+10 5.92609e-06 0.000178638 0.99638 0.00343585
4.57088e+10 8.53882e-06 0.000175239 0.996442 0.003374
4.61318e+10 8.0549e-06 0.000171861 0.996507 0.00331348
4.65586e+10 3.00231e-06 0.00016854 0.996574 0.0032541
4.69894e+10 2.02072e-06 0.0001654 0.996637 0.00319514
4.74242e+10 7.92175e-06 0.000162125 0.996692 0.0031383
4.7863e+10 5.63226e-06 0.000159101 0.996754 0.00308145
4.83059e+10 5.89612e-07 0.000156003 0.996817 0.00302635
4.87528e+10 1.14489e-07 0.000152979 0.996875 0.00297215
4.9204e+10 1.24882e-06 0.000150058 0.99693 0.00291868
4.96592e+10 7.47811e-06 0.000147172 0.996979 0.00286628
5.01187e+10 5.24543e-06 0.00014423 0.997035 0.00281544
5.05825e+10 4.76401e-06 0.000141548 0.997089 0.00276439
5.10505e+10 7.38813e-07 0.000138726 0.997145 0.0027153
5.15229e+10 5.34208e-06 0.000136021 0.997192 0.00266675
5.19996e+10 6.47465e-06 0.000133394 0.997241 0.00261893
5.24807e+10 4.22953e-06 0.000130802 0.997293 0.00257205
5.29663e+10 1.27012e-07 0.000128305 0.997346 0.00252576
5.34564e+10 7.10884e-06 0.000125869 0.997387 0.00248023
5.39511e+10 2.75331e-06 0.000123332 0.997438 0.00243634
5.44503e+10 9.03059e-06 0.000121001 0.997478 0.00239236
5.49541e+10 2.93999e-06 0.00011867 0.997529 0.00234941
5.54626e+10 5.60093e-07 0.000116337 0.997576 0.0023075
5.59758e+10 8.18712e-07 0.000114077 0.997619 0.00226618
5.64937e+10 4.27848e-06 0.000111878 0.997658 0.00222551
5.70164e+10 9.18083e-06 0.00010965 0.997695 0.00218596
5.7544e+10 7.96988e-07 0.000107484 0.997745 0.00214701
5.80764e+10 9.31544e-06 0.000105434 0.997777 0.00210835
5.86138e+10 5.02018e-07 0.000103367 0.997825 0.00207069
5.91562e+10 2.51475e-06 0.000101284 0.997862 0.00203403
5.97035e+10 5.83576e-06 9.92964e-05 0.997897 0.00199771
6.0256e+10 5.40496e-06 9.73516e-05 0.997935 0.00196202
6.08135e+10 1.77592e-06 9.54517e-05 0.997976 0.00192692
6.13762e+10 1.1153e-06 9.36419e-05 0.998013 0.00189216
6.19441e+10 9.7317e-06 9.17868e-05 0.99804 0.00185847
6.25173e+10 2.67176e-07 8.99586e-05 0.998084 0.00182543
6.30957e+10 1.01988e-05 8.8192e-05 0.998109 0.00179283
6.36796e+10 5.31675e-06 8.65142e-05 0.998148 0.00176052
6.42688e+10 4.82723e-07 8.47794e-05 0.998185 0.00172928
6.48634e+10 2.56784e-09 8.30866e-05 0.998218 0.00169856
6.54636e+10 1.49803e-07 8.14584e-05 0.99825 0.00166821
6.60693e+10 3.33704e-06 7.98825e-05 0.998278 0.00163828
6.66807e+10 1.00496e-05 7.82771e-05 0.998302 0.00160923
6.72977e+10 2.69072e-06 7.66769e-05 0.99834 0.00158085
6.79204e+10 7.39632e-06 7.52408e-05 0.998365 0.00155222
6.85488e+10 1.40702e-06 7.36743e-05 0.9984 0.001525
6.91831e+10 1.06595e-05 7.22243e-05 0.998419 0.00149778
6.98232e+10 9.53147e-06 7.08455e-05 0.998449 0.0014708
7.04693e+10 5.85913e-06 6.94467e-05 0.99848 0.00144457
7.11214e+10 5.50631e-06 6.8064e-05 0.998508 0.00141887
7.17794e+10 8.62175e-06 6.67023e-05 0.998531 0.00139367
7.24436e+10 1.11012e-05 6.53265e-05 0.998554 0.00136914
7.31139e+10 2.92301e-06 6.39919e-05 0.998588 0.00134498
7.37904e+10 4.86998e-06 6.27954e-05 0.998612 0.00132061
7.44732e+10 6.76759e-06 6.14564e-05 0.998634 0.00129762
7.51623e+10 8.03015e-06 6.031e-05 0.998658 0.00127409
7.58578e+10 1.05088e-07 5.90568e-05 0.998689 0.00125171
7.65597e+10 5.5124e-06 5.78304e-05 0.998707 0.00122973
7.72681e+10 1.03275e-05 5.66796e-05 0.998725 0.00120784
7.7983e+10 1.13877e-05 5.55475e-05 0.998747 0.00118637
7.87046e+10 9.90159e-06 5.44178e-05 0.99877 0.00116539
7.94328e+10 4.51805e-06 5.33128e-05 0.998797 0.00114477
8.01678e+10 2.01826e-07 5.22852e-05 0.998823 0.0011242
8.09096e+10 9.66733e-06 5.12562e-05 0.998835 0.00110412
8.16582e+10 4.94409e-06 5.01486e-05 0.99886 0.00108497
8.24138e+10 7.1594e-06 4.92129e-05 0.998878 0.0010653
8.31764e+10 1.77975e-06 4.8149e-05 0.998903 0.00104682
8.3946e+10 1.17328e-05 4.71883e-05 0.998913 0.0010282
8.47227e+10 8.80271e-06 4.62798e-05 0.998935 0.00100971
8.55067e+10 3.15401e-06 4.5336e-05 0.99896 0.000991865
8.62979e+10 1.15248e-06 4.43997e-05 0.99898 0.000974401
8.70964e+10 1.41032e-06 4.34961e-05 0.998998 0.000957166
8.79023e+10 4.36785e-06 4.26217e-05 0.999013 0.000940172
8.87156e+10 1.07097e-05 4.1742e-05 0.999024 0.000923613
8.95365e+10 1.04476e-05 4.08313e-05 0.999041 0.000907632
9.03649e+10 2.37701e-07 4.00122e-05 0.999068 0.000891504
9.12011e+10 1.04695e-05 3.92233e-05 0.999075 0.000875583
9.2045e+10 1.4974e-06 3.83703e-05 0.9991 0.000860412
9.28966e+10 1.13448e-05 3.76122e-05 0.999106 0.000845054
9.37562e+10 1.69877e-06 3.68522e-05 0.999131 0.000830067
9.46237e+10 2.33563e-06 3.60421e-05 0.999146 0.000815733
9.54993e+10 8.9814e-06 3.52962e-05 0.999154 0.00080137
9.63829e+10 1.16288e-05 3.45853e-05 0.999167 0.000787143
9.72747e+10 1.20123e-05 3.38777e-05 0.999181 0.000773234
9.81748e+10 1.21002e-05 3.31681e-05 0.999195 0.000759667
9.90832e+10 1.05833e-05 3.24585e-05 0.999211 0.000746425
1e+11 4.69357e-06 3.17704e-05 0.99923 0.000733376
1.00925e+11 1.97653e-07 3.11431e-05 0.999248 0.000720277
1.01859e+11 9.09336e-06 3.05132e-05 0.999253 0.000707502
1.02802e+11 6.5619e-06 2.98179e-05 0.999268 0.000695421
1.03753e+11 3.36024e-06 2.92473e-05 0.999285 0.000682889
1.04713e+11 6.74444e-06 2.85805e-05 0.999293 0.000671228
1.05682e+11 7.06081e-06 2.80306e-05 0.999306 0.00065915
1.0666e+11 1.83348e-07 2.74093e-05 0.999325 0.000647783
1.07647e+11 6.47446e-06 2.68123e-05 0.99933 0.000636548
1.08643e+11 9.96437e-06 2.6269e-05 0.999339 0.000625259
1.09648e+11 8.32193e-06 2.57308e-05 0.999352 0.000614206
1.10662e+11 6.46981e-06 2.519e-05 0.999365 0.00060343
1.11686e+11 6.28764e-06 2.46547e-05 0.999376 0.000592878
1.1272e+11 8.01585e-06 2.41263e-05 0.999385 0.000582538
1.13763e+11 1.0242e-05 2.35966e-05 0.999394 0.000572454
1.14815e+11 8.57489e-06 2.30659e-05 0.999406 0.00056262
1.15878e+11 1.43708e-06 2.25717e-05 0.999423 0.000552802
1.1695e+11 3.22956e-06 2.21239e-05 0.999432 0.000542935
1.18032e+11 1.00802e-05 2.16189e-05 0.999435 0.000533651
1.19124e+11 2.20784e-07 2.11535e-05 0.999454 0.000524349
1.20226e+11 9.69828e-06 2.07053e-05 0.999454 0.000515166
1.21339e+11 1.86569e-07 2.02501e-05 0.999473 0.000506243
1.22462e+11 8.13928e-06 1.97972e-05 0.999475 0.000497524
1.23595e+11 5.29886e-06 1.93963e-05 0.999487 0.000488691
1.24738e+11 1.96402e-07 1.89545e-05 0.999501 0.00048032
1.25893e+11 3.32284e-06 1.85231e-05 0.999506 0.00047209
1.27057e+11 6.86119e-06 1.81218e-05 0.999511 0.000463872
1.28233e+11 7.89718e-06 1.77325e-05 0.999519 0.000455775
1.2942e+11 7.88838e-06 1.73464e-05 0.999527 0.000447851
1.30617e+11 7.91766e-06 1.69624e-05 0.999535 0.000440104
1.31826e+11 7.79958e-06 1.65806e-05 0.999543 0.000432529
1.33045e+11 6.01539e-06 1.62037e-05 0.999553 0.000425108
1.34276e+11 2.02219e-06 1.58427e-05 0.999564 0.000417765
1.35519e+11 5.44953e-07 1.55083e-05 0.999574 0.00041043
1.36773e+11 6.71088e-06 1.51688e-05 0.999575 0.000403302
1.38038e+11 6.85406e-06 1.48003e-05 0.999582 0.00039653
1.39316e+11 3.80849e-07 1.44836e-05 0.999596 0.000389592
1.40605e+11 9.16941e-06 1.41565e-05 0.999594 0.000382887
1.41906e+11 5.47359e-07 1.38254e-05 0.999609 0.00037637
1.43219e+11 9.29235e-06 1.352e-05 0.999607 0.000369846
1.44544e+11 4.68012e-07 1.32127e-05 0.999623 0.000363489
1.45881e+11 6.7421e-06 1.28916e-05 0.999623 0.000357377
1.47231e+11 7.40104e-06 1.26219e-05 0.999629 0.000351081
1.48594e+11 7.54945e-07 1.2326e-05 0.999642 0.000345103
1.49968e+11 1.80184e-06 1.20228e-05 0.999647 0.00033932
1.51356e+11 6.14171e-06 1.17429e-05 0.999649 0.000333527
1.52757e+11 8.17461e-06 1.14783e-05 0.999653 0.000327774
1.5417e+11 8.1966e-06 1.12173e-05 0.999658 0.000322134
1.55597e+11 7.85653e-06 1.09575e-05 0.999665 0.000316622
1.57036e+11 7.86707e-06 1.06993e-05 0.99967 0.000311232
1.58489e+11 7.87619e-06 1.04428e-05 0.999676 0.000305963
1.59956e+11 6.63404e-06 1.01891e-05 0.999682 0.000300804
1.61436e+11 3.18213e-06 9.94463e-06 0.999691 0.000295709
1.6293e+11 2.80633e-07 9.71838e-06 0.999699 0.000290616
1.64437e+11 3.84138e-06 9.49948e-06 0.999701 0.000285595
1.65959e+11 8.55973e-06 9.25896e-06 0.999701 0.000280841
1.67494e+11 2.16699e-06 9.02664e-06 0.999713 0.000276149
1.69044e+11 3.88603e-06 8.83129e-06 0.999716 0.000271319
1.70608e+11 8.16505e-06 8.59501e-06 0.999716 0.000266886
1.72187e+11 9.96976e-07 8.40121e-06 0.999728 0.000262271
1.7378e+11 9.82515e-06 8.1825e-06 0.999724 0.000257939
1.75388e+11 1.6082e-06 7.99639e-06 0.999737 0.000253488
1.77011e+11 7.80442e-06 7.77599e-06 0.999735 0.000249384
1.78649e+11 7.77974e-06 7.61023e-06 0.99974 0.000245
1.80302e+11 4.97904e-07 7.40191e-06 0.999751 0.000241019
1.8197e+11 9.52711e-06 7.20755e-06 0.999746 0.000237042
1.83654e+11 1.08878e-05 7.0483e-06 0.999749 0.000232913
1.85353e+11 3.13719e-06 6.87268e-06 0.999761 0.000228998
1.87068e+11 2.84623e-07 6.68183e-06 0.999768 0.000225288
1.88799e+11 3.58815e-06 6.49944e-06 0.999768 0.000221614
1.90546e+11 7.82978e-06 6.33084e-06 0.999768 0.000217932
1.92309e+11 1.03732e-05 6.17004e-06 0.999769 0.000214286
1.94089e+11 1.12951e-05 6.01189e-06 0.999772 0.000210709
1.95884e+11 1.11643e-05 5.85451e-06 0.999776 0.000207214
1.97697e+11 9.97165e-06 5.6981e-06 0.999781 0.000203799
1.99526e+11 7.2061e-06 5.54477e-06 0.999787 0.000200447
2.01372e+11 3.02074e-06 5.39909e-06 0.999794 0.000197121
2.03236e+11 1.8352e-07 5.26503e-06 0.999801 0.00019379
2.05116e+11 3.32702e-06 5.1363e-06 0.999801 0.0001905
2.07014e+11 1.06177e-05 4.99449e-06 0.999797 0.000187388
2.0893e+11 9.41347e-06 4.84097e-06 0.999801 0.000184444
2.10863e+11 7.52382e-07 4.71363e-06 0.999813 0.000181376
2.12814e+11 6.80587e-06 4.60003e-06 0.99981 0.000178279
2.14783e+11 1.00659e-05 4.45264e-06 0.99981 0.000175518
2.1677e+11 6.45134e-07 4.33804e-06 0.999822 0.000172574
2.18776e+11 1.18881e-05 4.21823e-06 0.999814 0.000169745
2.208e+11 1.53843e-06 4.08899e-06 0.999827 0.000167059
2.22844e+11 1.16204e-05 3.98509e-06 0.99982 0.000164243
2.24905e+11 1.34194e-06 3.85874e-06 0.999833 0.000161674
2.26986e+11 1.33007e-05 3.75327e-06 0.999824 0.000159007
2.29087e+11 1.47102e-06 3.64736e-06 0.999838 0.000156407
2.31206e+11 9.93744e-06 3.52362e-06 0.999833 0.00015402
2.33346e+11 1.13256e-05 3.44049e-06 0.999834 0.000151364
2.35505e+11 9.15968e-07 3.32788e-06 0.999847 0.000149012
2.37684e+11 9.36873e-06 3.2135e-06 0.999841 0.000146741
2.39883e+11 1.57192e-05 3.13081e-06 0.999837 0.000144266
2.42103e+11 7.65146e-06 3.04392e-06 0.999847 0.000141883
2.44343e+11 1.07648e-06 2.93829e-06 0.999856 0.000139719
2.46604e+11 4.29206e-06 2.83305e-06 0.999855 0.000137614
2.48886e+11 1.15695e-05 2.74066e-06 0.99985 0.000135456
2.51189e+11 1.66047e-05 2.65809e-06 0.999847 0.00013327
2.53513e+11 1.81483e-05 2.5786e-06 0.999848 0.000131111
2.55859e+11 1.7763e-05 2.49878e-06 0.999851 0.000129009
2.58226e+11 1.71214e-05 2.41821e-06 0.999853 0.000126968
2.60615e+11 1.71105e-05 2.33738e-06 0.999856 0.000124982
2.63027e+11 1.78617e-05 2.25645e-06 0.999857 0.00012305
2.65461e+11 1.87863e-05 2.17509e-06 0.999858 0.000121175
2.67917e+11 1.84665e-05 2.0933e-06 0.99986 0.000119356
2.70396e+11 1.50421e-05 2.01296e-06 0.999865 0.000117574
2.72898e+11 8.15875e-06 1.93884e-06 0.999874 0.000115784
2.75423e+11 1.96666e-06 1.87544e-06 0.999882 0.00011394
2.77971e+11 3.97489e-06 1.81847e-06 0.999882 0.000112081
2.80543e+11 1.4169e-05 1.75264e-06 0.999874 0.000110357
2.83139e+11 1.72442e-05 1.67301e-06 0.999872 0.000108816
2.85759e+11 5.71789e-06 1.60402e-06 0.999885 0.000107216
2.88403e+11 3.71679e-06 1.55639e-06 0.999889 0.000105446
2.91072e+11 1.64052e-05 1.49284e-06 0.999878 0.000103885
2.93765e+11 8.49337e-06 1.42005e-06 0.999888 0.000102463
2.96483e+11 4.08094e-06 1.37632e-06 0.999894 0.000100781
2.99226e+11 1.6073e-05 1.31281e-06 0.999883 9.9355e-05
3.01995e+11 2.65497e-06 1.25425e-06 0.999898 9.79159e-05
3.04789e+11 1.30657e-05 1.20914e-06 0.999889 9.63756e-05
3.0761e+11 5.68474e-06 1.14446e-06 0.999898 9.50924e-05
3.10456e+11 1.06622e-05 1.10526e-06 0.999895 9.3566e-05
3.13329e+11 5.84978e-06 1.04315e-06 0.999901 9.23419e-05
3.16228e+11 1.16607e-05 1.00483e-06 0.999896 9.08839e-05
3.19154e+11 3.27333e-06 9.48856e-07 0.999906 8.96729e-05
3.22107e+11 1.38066e-05 9.06573e-07 0.999897 8.83419e-05
3.25087e+11 2.93536e-06 8.63e-07 0.999909 8.70615e-05
3.28095e+11 9.51324e-06 8.117e-07 0.999904 8.59225e-05
3.31131e+11 1.12889e-05 7.77803e-07 0.999903 8.45999e-05
3.34195e+11 2.08409e-06 7.32462e-07 0.999914 8.34621e-05
3.37287e+11 9.52779e-06 6.87009e-07 0.999907 8.2371e-05
3.40408e+11 1.30997e-05 6.54807e-07 0.999905 8.11377e-05
3.43558e+11 4.13395e-06 6.17664e-07 0.999915 8.00069e-05
3.46737e+11 3.07413e-06 5.73907e-07 0.999917 7.90128e-05
3.49945e+11 1.15862e-05 5.37036e-07 0.99991 7.79622e-05
3.53183e+11 1.47505e-05 5.07649e-07 0.999908 7.68359e-05
3.56451e+11 8.89033e-06 4.77037e-07 0.999915 7.5762e-05
3.59749e+11 2.43695e-06 4.42016e-07 0.999922 7.47964e-05
3.63078e+11 1.85861e-06 4.06093e-07 0.999924 7.38894e-05
3.66438e+11 6.43002e-06 3.73076e-07 0.99992 7.29784e-05
3.69828e+11 1.21999e-05 3.43847e-07 0.999915 7.2044e-05
3.7325e+11 1.63328e-05 3.17294e-07 0.999912 7.1101e-05
3.76704e+11 1.82052e-05 2.92084e-07 0.999911 7.01713e-05
3.80189e+11 1.85171e-05 2.67482e-07 0.999912 6.92688e-05
3.83707e+11 1.82462e-05 2.43324e-07 0.999913 6.83979e-05
3.87258e+11 1.81285e-05 2.19713e-07 0.999914 6.75579e-05
3.90841e+11 1.85549e-05 1.96789e-07 0.999915 6.67475e-05
3.94457e+11 1.96019e-05 1.74621e-07 0.999914 6.59666e-05
3.98107e+11 2.10172e-05 1.5321e-07 0.999914 6.5217e-05
4.01791e+11 2.21303e-05 1.32569e-07 0.999913 6.45008e-05
4.05509e+11 2.18261e-05 1.12855e-07 0.999914 6.3816e-05
4.09261e+11 1.88934e-05 9.45025e-08 0.999918 6.31519e-05
4.13048e+11 1.30692e-05 7.81992e-08 0.999924 6.24855e-05
4.16869e+11 6.51772e-06 6.45121e-08 0.999932 6.17918e-05
4.20727e+11 4.11303e-06 5.32156e-08 0.999935 6.10697e-05
4.2462e+11 1.00517e-05 4.29809e-08 0.99993 6.03698e-05
4.28549e+11 2.13466e-05 3.2345e-08 0.999919 5.97726e-05
4.32514e+11 2.63281e-05 2.1583e-08 0.999914 5.92936e-05
4.36516e+11 1.74556e-05 1.29182e-08 0.999924 5.88121e-05
4.40555e+11 7.20631e-06 7.64134e-09 0.999935 5.82029e-05
4.44631e+11 1.45001e-05 4.25321e-09 0.999928 5.7573e-05
4.48745e+11 2.81938e-05 1.56495e-09 0.999915 5.71404e-05
4.52898e+11 2.10116e-05 6.29489e-10 0.999922 5.67891e-05
4.57088e+11 1.00574e-05 1.50986e-09 0.999934 5.62489e-05
4.61318e+11 2.40777e-05 4.6332e-09 0.99992 5.57468e-05
4.65586e+11 2.81173e-05 1.16094e-08 0.999916 5.549e-05
4.69894e+11 1.34858e-05 1.87869e-08 0.999931 5.50794e-05
4.74242e+11 2.61601e-05 2.79947e-08 0.999919 5.46347e-05
4.7863e+11 2.84168e-05 4.43221e-08 0.999917 5.44557e-05
4.83059e+11 1.73944e-05 5.82353e-08 0.999928 5.40783e-05
4.87528e+11 3.34728e-05 7.82007e-08 0.999913 5.38089e-05
4.9204e+11 2.35449e-05 1.03805e-07 0.999923 5.36586e-05
4.96592e+11 2.95741e-05 1.26937e-07 0.999917 5.3346e-05
5.01187e+11 3.23111e-05 1.63443e-07 0.999914 5.32949e-05
5.05825e+11 2.87537e-05 1.95229e-07 0.999918 5.3074e-05
5.10505e+11 3.76515e-05 2.41231e-07 0.999909 5.30563e-05
5.15229e+11 3.22962e-05 2.85724e-07 0.999914 5.29597e-05
5.19996e+11 4.1312e-05 3.43389e-07 0.999905 5.29968e-05
5.24807e+11 3.84412e-05 4.03202e-07 0.999908 5.30165e-05
5.29663e+11 4.52689e-05 4.76675e-07 0.999901 5.3143e-05
5.34564e+11 4.6442e-05 5.5598e-07 0.9999 5.32889e-05
5.39511e+11 5.11914e-05 6.4938e-07 0.999895 5.35211e-05
5.44503e+11 5.52404e-05 7.56302e-07 0.99989 5.38347e-05
5.49541e+11 6.23405e-05 8.74653e-07 0.999883 5.41869e-05
5.54626e+11 6.34711e-05 1.01839e-06 0.999881 5.46972e-05
5.59758e+11 7.99215e-05 1.17832e-06 0.999864 5.527e-05
5.64937e+11 7.87651e-05 1.35894e-06 0.999864 5.59159e-05
5.70164e+11 9.34611e-05 1.59465e-06 0.999848 5.68937e-05
5.7544e+11 0.00011675 1.83111e-06 0.999824 5.77591e-05
5.80764e+11 0.0001111 2.13866e-06 0.999828 5.89942e-05
5.86138e+11 0.000149354 2.53335e-06 0.999787 6.06363e-05
5.91562e+11 0.000188247 2.92601e-06 0.999747 6.21024e-05
5.97035e+11 0.000188432 3.46693e-06 0.999744 6.42392e-05
6.0256e+11 0.000256484 4.21376e-06 0.999672 6.72042e-05
6.08135e+11 0.000367656 4.99564e-06 0.999557 7.005e-05
6.13762e+11 0.000427294 5.98124e-06 0.999493 7.35685e-05
6.19441e+11 0.000544611 7.5317e-06 0.999369 7.90739e-05
6.25173e+11 0.000853568 9.55522e-06 0.999051 8.57492e-05
6.30957e+11 0.00128233 1.18142e-05 0.998613 9.25179e-05
6.36796e+11 0.00175614 1.46936e-05 0.998128 0.000100667
6.42688e+11 0.0024365 1.90318e-05 0.997432 0.000112299
6.48634e+11 0.00359062 2.52342e-05 0.996257 0.000127259
6.54636e+11 0.00532062 3.28855e-05 0.994504 0.000142875
6.60693e+11 0.00750126 4.11686e-05 0.992302 0.000156058
6.66807e+11 0.0099054 4.93793e-05 0.98988 0.000164773
6.72977e+11 0.0122979 5.69562e-05 0.987477 0.000167764
6.79204e+11 0.0144104 6.31472e-05 0.985363 0.000163713
6.85488e+11 0.0158876 6.67912e-05 0.983894 0.000151199
6.91831e+11 0.0163254 6.65243e-05 0.983478 0.000129695
6.98232e+11 0.0154276 6.13698e-05 0.98441 0.000100811
7.04693e+11 0.0132099 5.14121e-05 0.98667 6.87983e-05
7.11214e+11 0.010125 3.8172e-05 0.989797 3.97154e-05
7.17794e+11 0.00700244 2.43947e-05 0.992954 1.93612e-05
7.24436e+11 0.00477068 1.32214e-05 0.995205 1.08329e-05
7.31139e+11 0.00405188 7.05596e-06 0.995928 1.30389e-05
7.37904e+11 0.00482654 6.62145e-06 0.995146 2.11804e-05
7.44732e+11 0.00638465 1.05656e-05 0.993576 2.90251e-05
7.51623e+11 0.00765742 1.57644e-05 0.992295 3.1653e-05
7.58578e+11 0.00779557 1.85467e-05 0.992158 2.74551e-05
7.65597e+11 0.00666488 1.68281e-05 0.993299 1.8938e-05
7.72681e+11 0.00492842 1.17527e-05 0.995048 1.15012e-05
7.7983e+11 0.00362293 6.72238e-06 0.996361 9.46002e-06
7.87046e+11 0.00347099 4.51481e-06 0.996512 1.23882e-05
7.94328e+11 0.00437418 5.74796e-06 0.995604 1.64626e-05
8.01678e+11 0.00545975 8.96584e-06 0.994513 1.83431e-05
8.09096e+11 0.00571578 1.10674e-05 0.994257 1.63855e-05
8.16582e+11 0.00481544 9.88556e-06 0.995163 1.15347e-05
8.24138e+11 0.00347053 6.75764e-06 0.996515 7.69667e-06
8.31764e+11 0.00284707 4.43518e-06 0.997141 7.75718e-06
8.3946e+11 0.00338948 4.30003e-06 0.996595 1.10442e-05
8.47227e+11 0.00430776 5.73878e-06 0.995672 1.40239e-05
8.55067e+11 0.00452019 6.92729e-06 0.99546 1.28478e-05
8.62979e+11 0.0039044 7.08e-06 0.99608 8.69788e-06
8.70964e+11 0.00313912 6.02898e-06 0.996849 6.14466e-06
8.79023e+11 0.00270358 4.11899e-06 0.997285 6.91372e-06
8.87156e+11 0.00278596 3.16767e-06 0.997202 8.86808e-06
8.95365e+11 0.00342457 4.29706e-06 0.996561 9.98706e-06
9.03649e+11 0.00391019 5.76303e-06 0.996074 9.69688e-06
9.12011e+11 0.0034328 5.60342e-06 0.996554 7.4444e-06
9.2045e+11 0.00260159 4.48837e-06 0.997389 5.18115e-06
9.28966e+11 0.00236676 3.41167e-06 0.997624 5.87138e-06
9.37562e+11 0.00258373 2.82141e-06 0.997406 7.69558e-06
9.46237e+11 0.0030376 3.68056e-06 0.996951 8.12692e-06
9.54993e+11 0.00333088 4.71073e-06 0.996657 7.3988e-06
9.63829e+11 0.00282609 4.41618e-06 0.997164 5.69034e-06
9.72747e+11 0.00221874 3.52541e-06 0.997773 4.45e-06
9.81748e+11 0.00214037 2.70678e-06 0.997851 5.52326e-06
9.90832e+11 0.00238649 2.5666e-06 0.997604 6.54095e-06
1e+12 0.00285465 3.45921e-06 0.997135 6.73309e-06
1.00925e+12 0.00279765 3.81338e-06 0.997193 5.80301e-06
1.01859e+12 0.00228357 3.50152e-06 0.997709 4.19796e-06
1.02802e+12 0.00195752 2.7878e-06 0.998035 4.23437e-06
1.03753e+12 0.00194885 2.20358e-06 0.998044 4.96775e-06
1.04713e+12 0.00236196 2.53615e-06 0.99763 5.8116e-06
1.05682e+12 0.00251736 2.98786e-06 0.997474 5.4813e-06
1.0666e+12 0.00232826 3.23359e-06 0.997664 4.20713e-06
1.07647e+12 0.00194364 2.80498e-06 0.99805 3.68674e-06
1.08643e+12 0.00172296 2.16497e-06 0.998271 3.8685e-06
1.09648e+12 0.00189937 1.96462e-06 0.998094 4.65436e-06
1.10662e+12 0.00218208 2.36481e-06 0.997811 4.86607e-06
1.11686e+12 0.00225742 2.7205e-06 0.997736 4.29702e-06
1.1272e+12 0.00194211 2.62097e-06 0.998052 3.41736e-06
1.13763e+12 0.00164215 2.23049e-06 0.998352 3.1961e-06
1.14815e+12 0.00161645 1.79924e-06 0.998378 3.65743e-06
1.15878e+12 0.00182972 1.81806e-06 0.998164 4.14088e-06
1.1695e+12 0.00201657 2.186e-06 0.997977 4.05978e-06
1.18032e+12 0.00194523 2.38196e-06 0.998049 3.37664e-06
1.19124e+12 0.00165267 2.13012e-06 0.998342 2.87114e-06
1.20226e+12 0.00145073 1.80848e-06 0.998545 2.89407e-06
1.21339e+12 0.00154052 1.57441e-06 0.998454 3.42882e-06
1.22462e+12 0.00173689 1.70131e-06 0.998258 3.55626e-06
1.23595e+12 0.00181793 1.95142e-06 0.998177 3.30675e-06
1.24738e+12 0.00169331 2.07061e-06 0.998302 2.79805e-06
1.25893e+12 0.0014016 1.7474e-06 0.998594 2.47866e-06
1.27057e+12 0.00136816 1.51001e-06 0.998628 2.67716e-06
1.28233e+12 0.00142912 1.39181e-06 0.998566 3.01253e-06
1.2942e+12 0.00164054 1.5953e-06 0.998355 3.13683e-06
1.30617e+12 0.00162369 1.76657e-06 0.998372 2.67653e-06
1.31826e+12 0.00145032 1.66709e-06 0.998546 2.34837e-06
1.33045e+12 0.00129348 1.55134e-06 0.998703 2.19338e-06
1.34276e+12 0.00121087 1.25876e-06 0.998785 2.46728e-06
1.35519e+12 0.00140475 1.30374e-06 0.998591 2.69812e-06
1.36773e+12 0.00146532 1.41226e-06 0.998531 2.53493e-06
1.38038e+12 0.00145695 1.50032e-06 0.998539 2.34703e-06
1.39316e+12 0.00131882 1.53947e-06 0.998678 1.99891e-06
1.40605e+12 0.00110748 1.24777e-06 0.998889 1.97999e-06
1.41906e+12 0.00120235 1.14703e-06 0.998794 2.22351e-06
1.43219e+12 0.00124926 1.15434e-06 0.998747 2.2315e-06
1.44544e+12 0.0013425 1.22695e-06 0.998654 2.27744e-06
1.45881e+12 0.00135304 1.39198e-06 0.998644 2.01494e-06
1.47231e+12 0.00112493 1.28611e-06 0.998872 1.69161e-06
1.48594e+12 0.00107019 1.07776e-06 0.998927 1.83534e-06
1.49968e+12 0.0010978 1.05561e-06 0.998899 1.85757e-06
1.51356e+12 0.0011178 9.92426e-07 0.998879 1.97307e-06
1.52757e+12 0.0012569 1.10394e-06 0.99874 2.02413e-06
1.5417e+12 0.00121787 1.23402e-06 0.998779 1.7012e-06
1.55597e+12 0.00101735 1.09188e-06 0.99898 1.51145e-06
1.57036e+12 0.00101397 9.73415e-07 0.998983 1.62402e-06
1.58489e+12 0.000997543 9.52737e-07 0.999 1.58831e-06
1.59956e+12 0.00100416 8.70189e-07 0.998993 1.71414e-06
1.61436e+12 0.00114529 9.57061e-07 0.998852 1.78293e-06
1.6293e+12 0.00112947 1.08328e-06 0.998868 1.51368e-06
1.64437e+12 0.000943654 9.82502e-07 0.999054 1.32202e-06
1.65959e+12 0.000922996 8.57051e-07 0.999075 1.42726e-06
1.67494e+12 0.000943012 8.62224e-07 0.999055 1.40346e-06
1.69044e+12 0.0009001 7.94685e-07 0.999098 1.42253e-06
1.70608e+12 0.000992689 7.92528e-07 0.999005 1.54529e-06
1.72187e+12 0.00106811 9.1797e-07 0.99893 1.431e-06
1.7378e+12 0.000933534 9.34426e-07 0.999064 1.17219e-06
1.75388e+12 0.00080238 7.80721e-07 0.999196 1.17988e-06
1.77011e+12 0.000863479 7.28926e-07 0.999134 1.29332e-06
1.78649e+12 0.00087827 7.52953e-07 0.99912 1.23305e-06
1.80302e+12 0.000846423 7.08614e-07 0.999152 1.232e-06
1.8197e+12 0.000911392 7.12522e-07 0.999087 1.29318e-06
1.83654e+12 0.000955518 8.04005e-07 0.999042 1.18835e-06
1.85353e+12 0.000825406 8.08693e-07 0.999173 9.87976e-07
1.87068e+12 0.000699953 6.6813e-07 0.999298 1.01548e-06
1.88799e+12 0.000773048 6.0518e-07 0.999225 1.16332e-06
1.90546e+12 0.000851504 6.59822e-07 0.999147 1.13083e-06
1.92309e+12 0.000812664 6.7159e-07 0.999186 1.02711e-06
1.94089e+12 0.000781151 6.32419e-07 0.999217 1.02103e-06
1.95884e+12 0.000819186 6.42781e-07 0.999179 1.02779e-06
1.97697e+12 0.000797989 6.86529e-07 0.9992 9.16398e-07
1.99526e+12 0.000671318 6.33748e-07 0.999327 8.35593e-07
2.01372e+12 0.000637023 5.27358e-07 0.999362 9.41331e-07
2.03236e+12 0.000749551 5.23682e-07 0.999249 1.04565e-06
2.05116e+12 0.00082151 6.01803e-07 0.999177 9.72119e-07
2.07014e+12 0.000754179 6.28663e-07 0.999244 8.24049e-07
2.0893e+12 0.000656888 5.66878e-07 0.999342 7.83527e-07
2.10863e+12 0.000660921 5.14449e-07 0.999338 8.39327e-07
2.12814e+12 0.000701895 5.30382e-07 0.999297 8.30949e-07
2.14783e+12 0.000663901 5.35974e-07 0.999335 7.61533e-07
2.1677e+12 0.000610405 4.87066e-07 0.999388 7.64625e-07
2.18776e+12 0.000643626 4.53684e-07 0.999355 8.32432e-07
2.208e+12 0.000722515 4.88856e-07 0.999276 8.39006e-07
2.22844e+12 0.000724412 5.46351e-07 0.999274 7.34078e-07
2.24905e+12 0.000616049 5.3692e-07 0.999383 6.24979e-07
2.26986e+12 0.000522512 4.55494e-07 0.999476 6.40318e-07
2.29087e+12 0.000553511 3.97211e-07 0.999445 7.35345e-07
2.31206e+12 0.000644271 4.16124e-07 0.999355 7.65496e-07
2.33346e+12 0.000670867 4.61955e-07 0.999328 6.95463e-07
2.35505e+12 0.000613252 4.67672e-07 0.999386 6.12089e-07
2.37684e+12 0.000550662 4.28126e-07 0.999448 5.95546e-07
2.39883e+12 0.000553706 3.93775e-07 0.999445 6.30379e-07
2.42103e+12 0.000594331 4.01332e-07 0.999405 6.34852e-07
2.44343e+12 0.0005894 4.22152e-07 0.99941 5.81748e-07
2.46604e+12 0.000529132 4.08322e-07 0.99947 5.36868e-07
2.48886e+12 0.000488529 3.6465e-07 0.999511 5.55118e-07
2.51189e+12 0.000518343 3.374e-07 0.999481 6.06427e-07
2.53513e+12 0.000585414 3.54373e-07 0.999414 6.2025e-07
2.55859e+12 0.000611977 3.95711e-07 0.999387 5.64079e-07
2.58226e+12 0.000555899 4.13108e-07 0.999443 4.78941e-07
2.60615e+12 0.000461658 3.79876e-07 0.999538 4.41229e-07
2.63027e+12 0.000417673 3.22484e-07 0.999582 4.78763e-07
2.65461e+12 0.000458287 2.90962e-07 0.999541 5.40777e-07
2.67917e+12 0.000532919 3.05025e-07 0.999466 5.5884e-07
2.70396e+12 0.000567622 3.40858e-07 0.999432 5.14417e-07
2.72898e+12 0.000533076 3.6022e-07 0.999466 4.44618e-07
2.75423e+12 0.000461449 3.4382e-07 0.999538 4.02595e-07
2.77971e+12 0.000413899 3.05078e-07 0.999585 4.11897e-07
2.80543e+12 0.000424324 2.75934e-07 0.999575 4.4773e-07
2.83139e+12 0.000469021 2.75463e-07 0.99953 4.64463e-07
2.85759e+12 0.000496036 2.93415e-07 0.999503 4.42056e-07
2.88403e+12 0.000478709 3.05029e-07 0.999521 4.00111e-07
2.91072e+12 0.000434362 2.96034e-07 0.999565 3.71839e-07
2.93765e+12 0.000400946 2.72154e-07 0.999598 3.73571e-07
2.96483e+12 0.000403878 2.51131e-07 0.999595 3.94932e-07
2.99226e+12 0.000436955 2.47778e-07 0.999562 4.09347e-07
3.01995e+12 0.000467065 2.61843e-07 0.999532 3.96041e-07
3.04789e+12 0.00046188 2.77756e-07 0.999537 3.58324e-07
3.0761e+12 0.000418743 2.78057e-07 0.999581 3.21054e-07
3.10456e+12 0.000366778 2.5838e-07 0.999633 3.0865e-07
3.13329e+12 0.000341509 2.30016e-07 0.999658 3.25454e-07
3.16228e+12 0.000357978 2.09943e-07 0.999641 3.54752e-07
3.19154e+12 0.000402659 2.08828e-07 0.999597 3.72421e-07
3.22107e+12 0.000443971 2.24935e-07 0.999555 3.62599e-07
3.25087e+12 0.000452082 2.45684e-07 0.999547 3.27022e-07
3.28095e+12 0.000417809 2.55513e-07 0.999582 2.83922e-07
3.31131e+12 0.000359121 2.45896e-07 0.99964 2.56278e-07
3.34195e+12 0.000309233 2.20726e-07 0.99969 2.56687e-07
3.37287e+12 0.000294617 1.93074e-07 0.999705 2.80029e-07
3.40408e+12 0.000319538 1.76372e-07 0.99968 3.0848e-07
3.43558e+12 0.000366265 1.76849e-07 0.999633 3.23257e-07
3.46737e+12 0.000407057 1.91277e-07 0.999592 3.14536e-07
3.49945e+12 0.000418937 2.09682e-07 0.999581 2.85201e-07
3.53183e+12 0.000394595 2.2075e-07 0.999605 2.48353e-07
3.56451e+12 0.000345458 2.17493e-07 0.999654 2.20224e-07
3.59749e+12 0.000295202 2.00602e-07 0.999704 2.117e-07
3.63078e+12 0.000266782 1.77587e-07 0.999733 2.23004e-07
3.66438e+12 0.000270619 1.58301e-07 0.999729 2.44608e-07
3.69828e+12 0.000300796 1.49789e-07 0.999699 2.63212e-07
3.7325e+12 0.000340019 1.53434e-07 0.99966 2.68537e-07
3.76704e+12 0.000368807 1.65225e-07 0.999631 2.57334e-07
3.80189e+12 0.000373825 1.78183e-07 0.999626 2.33686e-07
3.83707e+12 0.000352618 1.85485e-07 0.999647 2.06504e-07
3.87258e+12 0.000313859 1.83183e-07 0.999686 1.85533e-07
3.90841e+12 0.000273176 1.71634e-07 0.999726 1.77258e-07
3.94457e+12 0.000246109 1.55048e-07 0.999754 1.8237e-07
3.98107e+12 0.000241423 1.39364e-07 0.999758 1.95979e-07
4.01791e+12 0.000258049 1.29562e-07 0.999742 2.1031e-07
4.05509e+12 0.000286725 1.27801e-07 0.999713 2.18262e-07
4.09261e+12 0.000314676 1.33027e-07 0.999685 2.1601e-07
4.13048e+12 0.000330674 1.41857e-07 0.999669 2.03837e-07
4.16869e+12 0.0003286 1.50037e-07 0.999671 1.8543e-07
4.20727e+12 0.000308912 1.53916e-07 0.999691 1.66282e-07
4.2462e+12 0.000278047 1.51569e-07 0.999722 1.51762e-07
4.28549e+12 0.00024598 1.43324e-07 0.999754 1.45332e-07
4.32514e+12 0.00022261 1.31512e-07 0.999777 1.47473e-07
4.36516e+12 0.000214283 1.195e-07 0.999785 1.55739e-07
4.40555e+12 0.00022186 1.10434e-07 0.999778 1.65893e-07
4.44631e+12 0.000241016 1.06204e-07 0.999759 1.73562e-07
4.48745e+12 0.000264288 1.07026e-07 0.999735 1.75662e-07
4.52898e+12 0.000283749 1.11641e-07 0.999716 1.7111e-07
4.57088e+12 0.000293251 1.17883e-07 0.999706 1.6081e-07
4.61318e+12 0.000289804 1.23358e-07 0.99971 1.47141e-07
4.65586e+12 0.000274045 1.26061e-07 0.999726 1.3321e-07
4.69894e+12 0.000249878 1.24851e-07 0.99975 1.22015e-07
4.74242e+12 0.000223342 1.19703e-07 0.999776 1.15673e-07
4.7863e+12 0.000200898 1.11661e-07 0.999799 1.14885e-07
4.83059e+12 0.000187597 1.02486e-07 0.999812 1.18827e-07
4.87528e+12 0.000185764 9.41081e-08 0.999814 1.25503e-07
4.9204e+12 0.000194609 8.80851e-08 0.999805 1.32416e-07
4.96592e+12 0.000210798 8.52489e-08 0.999789 1.37287e-07
5.01187e+12 0.000229605 8.56138e-08 0.99977 1.38577e-07
5.05825e+12 0.00024616 8.85005e-08 0.999754 1.35713e-07
5.10505e+12 0.000256458 9.27771e-08 0.999743 1.29059e-07
5.15229e+12 0.000258023 9.71277e-08 0.999742 1.19724e-07
5.19996e+12 0.000250255 1.0031e-07 0.99975 1.0929e-07
5.24807e+12 0.000234466 1.01384e-07 0.999765 9.94865e-08
5.29663e+12 0.00021359 9.98849e-08 0.999786 9.18475e-08
5.34564e+12 0.000191545 9.59035e-08 0.999808 8.73974e-08
5.39511e+12 0.000172355 9.00453e-08 0.999827 8.6453e-08
5.44503e+12 0.000159266 8.32644e-08 0.999841 8.85988e-08
5.49541e+12 0.000154101 7.66276e-08 0.999846 9.28426e-08
5.54626e+12 0.000157021 7.10806e-08 0.999843 9.78895e-08
5.59758e+12 0.000166703 6.72798e-08 0.999833 1.02438e-07
5.64937e+12 0.00018078 6.55186e-08 0.999819 1.0542e-07
5.70164e+12 0.00019637 6.57348e-08 0.999803 1.06138e-07
5.7544e+12 0.000210576 6.75714e-08 0.999789 1.04315e-07
5.80764e+12 0.000220875 7.04601e-08 0.999779 1.00083e-07
5.86138e+12 0.000225432 7.37141e-08 0.999774 9.39248e-08
5.91562e+12 0.000223326 7.66261e-08 0.999777 8.65948e-08
5.97035e+12 0.000214673 7.857e-08 0.999785 7.89988e-08
6.0256e+12 0.00020061 7.90954e-08 0.999799 7.20548e-08
6.08135e+12 0.000183099 7.79951e-08 0.999817 6.65439e-08
6.13762e+12 0.000164575 7.53294e-08 0.999835 6.29858e-08
6.19441e+12 0.000147514 7.13982e-08 0.999852 6.15687e-08
6.25173e+12 0.000134018 6.66702e-08 0.999866 6.21485e-08
6.30957e+12 0.000125525 6.16892e-08 0.999874 6.43092e-08
6.36796e+12 0.000122668 5.69827e-08 0.999877 6.74628e-08
6.42688e+12 0.000125298 5.29912e-08 0.999875 7.0957e-08
6.48634e+12 0.000132613 5.0026e-08 0.999867 7.41687e-08
6.54636e+12 0.000143333 4.82528e-08 0.999857 7.65713e-08
6.60693e+12 0.000155889 4.76944e-08 0.999844 7.77757e-08
6.66807e+12 0.000168595 4.82431e-08 0.999831 7.75534e-08
6.72977e+12 0.000179817 4.96802e-08 0.99982 7.58454e-08
6.79204e+12 0.000188129 5.17027e-08 0.999812 7.276e-08
6.85488e+12 0.000192465 5.39565e-08 0.999807 6.85562e-08
6.91831e+12 0.000192238 5.60778e-08 0.999808 6.36117e-08
6.98232e+12 0.000187408 5.7736e-08 0.999812 5.83745e-08
7.04693e+12 0.000178467 5.86735e-08 0.999821 5.3304e-08
7.11214e+12 0.000166363 5.87333e-08 0.999834 4.88131e-08
7.17794e+12 0.000152339 5.78709e-08 0.999848 4.52193e-08
7.24436e+12 0.000137764 5.61479e-08 0.999862 4.27157e-08
7.31139e+12 0.000123949 5.37117e-08 0.999876 4.13632e-08
7.37904e+12 0.000112015 5.07668e-08 0.999888 4.11019e-08
7.44732e+12 0.000102798 4.75444e-08 0.999897 4.17767e-08
7.51623e+12 9.68156e-05 4.42758e-08 0.999903 4.31677e-08
7.58578e+12 9.42684e-05 4.11723e-08 0.999906 4.50202e-08
7.65597e+12 9.50703e-05 3.84117e-08 0.999905 4.70707e-08
7.72681e+12 9.88887e-05 3.61307e-08 0.999901 4.90663e-08
7.7983e+12 0.000105189 3.44207e-08 0.999895 5.07802e-08
7.87046e+12 0.000113281 3.33253e-08 0.999887 5.2024e-08
7.94328e+12 0.000122372 3.28412e-08 0.999878 5.26576e-08
8.01678e+12 0.000131625 3.29194e-08 0.999868 5.25968e-08
8.09096e+12 0.000140222 3.34715e-08 0.99986 5.18175e-08
8.16582e+12 0.000147434 3.43775e-08 0.999852 5.03553e-08
8.24138e+12 0.000152681 3.54982e-08 0.999847 4.82996e-08
8.31764e+12 0.000155573 3.66884e-08 0.999844 4.57818e-08
8.3946e+12 0.000155936 3.78105e-08 0.999844 4.29607e-08
8.47227e+12 0.000153809 3.87462e-08 0.999846 4.00043e-08
8.55067e+12 0.000149416 3.94051e-08 0.999851 3.70745e-08
8.62979e+12 0.000143124 3.9728e-08 0.999857 3.43131e-08
8.70964e+12 0.000135391 3.96878e-08 0.999865 3.1833e-08
8.79023e+12 0.000126716 3.92853e-08 0.999873 2.97144e-08
8.87156e+12 0.000117594 3.85441e-08 0.999882 2.80047e-08
8.95365e+12 0.000108487 3.75048e-08 0.999891 2.67219e-08
9.03649e+12 9.98024e-05 3.62184e-08 0.9999 2.58593e-08
9.12011e+12 9.18819e-05 3.4742e-08 0.999908 2.53913e-08
9.2045e+12 8.50016e-05 3.31354e-08 0.999915 2.52774e-08
9.28966e+12 7.93703e-05 3.1458e-08 0.999921 2.54665e-08
9.37562e+12 7.51308e-05 2.97673e-08 0.999925 2.59e-08
9.46237e+12 7.23601e-05 2.81175e-08 0.999928 2.6514e-08
9.54993e+12 7.10693e-05 2.65574e-08 0.999929 2.7242e-08
9.63829e+12 7.12044e-05 2.51296e-08 0.999929 2.80174e-08
9.72747e+12 7.26498e-05 2.38684e-08 0.999927 2.87762e-08
9.81748e+12 7.52346e-05 2.27982e-08 0.999925 2.94601e-08
9.90832e+12 7.87436e-05 2.19335e-08 0.999921 3.0019e-08
1e+13 8.29318e-05 2.12778e-08 0.999917 3.04138e-08
1.00925e+13 8.754e-05 2.08247e-08 0.999912 3.06171e-08
1.01859e+13 9.23121e-05 2.05593e-08 0.999908 3.06141e-08
1.02802e+13 9.70089e-05 2.046e-08 0.999903 3.04019e-08
1.03753e+13 0.000101421 2.05006e-08 0.999899 2.99876e-08
1.04713e+13 0.000105374 2.06527e-08 0.999895 2.93868e-08
1.05682e+13 0.000108732 2.08876e-08 0.999891 2.86206e-08
1.0666e+13 0.0001114 2.11778e-08 0.999889 2.77138e-08
1.07647e+13 0.000113313 2.14981e-08 0.999887 2.66927e-08
1.08643e+13 0.000114436 2.18261e-08 0.999886 2.55834e-08
1.09648e+13 0.000114758 2.21419e-08 0.999885 2.44114e-08
1.10662e+13 0.000114284 2.24284e-08 0.999886 2.32008e-08
1.11686e+13 0.000113034 2.26708e-08 0.999887 2.19741e-08
1.1272e+13 0.000111041 2.28562e-08 0.999889 2.07527e-08
1.13763e+13 0.00010835 2.29736e-08 0.999892 1.95567e-08
1.14815e+13 0.000105019 2.30137e-08 0.999895 1.84051e-08
1.15878e+13 0.000101119 2.29691e-08 0.999899 1.73155e-08
1.1695e+13 9.67351e-05 2.28346e-08 0.999903 1.63042e-08
1.18032e+13 9.19651e-05 2.26074e-08 0.999908 1.53854e-08
1.19124e+13 8.69181e-05 2.22873e-08 0.999913 1.45709e-08
1.20226e+13 8.17113e-05 2.1877e-08 0.999918 1.38696e-08
1.21339e+13 7.64661e-05 2.13818e-08 0.999923 1.32869e-08
1.22462e+13 7.13034e-05 2.08099e-08 0.999929 1.28249e-08
1.23595e+13 6.63388e-05 2.01713e-08 0.999934 1.24818e-08
1.24738e+13 6.16782e-05 1.94781e-08 0.999938 1.22527e-08
1.25893e+13 5.74136e-05 1.87433e-08 0.999943 1.21295e-08
1.27057e+13 5.36209e-05 1.79806e-08 0.999946 1.21016e-08
1.28233e+13 5.03579e-05 1.72037e-08 0.99995 1.21566e-08
1.2942e+13 4.76639e-05 1.64256e-08 0.999952 1.22809e-08
1.30617e+13 4.55602e-05 1.56584e-08 0.999954 1.24603e-08
1.31826e+13 4.40518e-05 1.49131e-08 0.999956 1.26806e-08
1.33045e+13 4.3129e-05 1.41991e-08 0.999957 1.29281e-08
1.34276e+13 4.27699e-05 1.35241e-08 0.999957 1.31897e-08
1.35519e+13 4.29423e-05 1.28946e-08 0.999957 1.34536e-08
1.36773e+13 4.36064e-05 1.23155e-08 0.999956 1.37091e-08
1.38038e+13 4.47164e-05 1.17902e-08 0.999955 1.39468e-08
1.39316e+13 4.62219e-05 1.13212e-08 0.999954 1.41585e-08
1.40605e+13 4.80692e-05 1.09096e-08 0.999952 1.43372e-08
1.41906e+13 5.02024e-05 1.05557e-08 0.99995 1.4477e-08
1.43219e+13 5.25638e-05 1.02589e-08 0.999947 1.45734e-08
1.44544e+13 5.50949e-05 1.00175e-08 0.999945 1.46226e-08
1.45881e+13 5.77365e-05 9.82952e-09 0.999942 1.4622e-08
1.47231e+13 6.043e-05 9.69192e-09 0.99994 1.45702e-08
1.48594e+13 6.31178e-05 9.60115e-09 0.999937 1.44665e-08
1.49968e+13 6.57439e-05 9.55307e-09 0.999934 1.43115e-08
1.51356e+13 6.82554e-05 9.54301e-09 0.999932 1.41065e-08
1.52757e+13 7.06033e-05 9.56589e-09 0.999929 1.3854e-08
1.5417e+13 7.27431e-05 9.61638e-09 0.999927 1.3557e-08
1.55597e+13 7.46363e-05 9.68888e-09 0.999925 1.32197e-08
1.57036e+13 7.62508e-05 9.77781e-09 0.999924 1.28466e-08
1.58489e+13 7.75614e-05 9.87762e-09 0.999922 1.24428e-08
1.59956e+13 7.85505e-05 9.98298e-09 0.999921 1.20137e-08
1.61436e+13 7.9208e-05 1.00889e-08 0.999921 1.15651e-08
1.6293e+13 7.95307e-05 1.01908e-08 0.99992 1.11027e-08
1.64437e+13 7.95227e-05 1.02846e-08 0.99992 1.0632e-08
1.65959e+13 7.9194e-05 1.03668e-08 0.999921 1.01584e-08
1.67494e+13 7.85601e-05 1.04345e-08 0.999921 9.68682e-09
1.69044e+13 7.7641e-05 1.04855e-08 0.999922 9.22177e-09
1.70608e+13 7.64602e-05 1.05181e-08 0.999924 8.76718e-09
1.72187e+13 7.50434e-05 1.05311e-08 0.999925 8.32647e-09
1.7378e+13 7.34182e-05 1.05241e-08 0.999927 7.90246e-09
1.75388e+13 7.16125e-05 1.0497e-08 0.999928 7.49738e-09
1.77011e+13 6.96541e-05 1.04499e-08 0.99993 7.11291e-09
1.78649e+13 6.75701e-05 1.03836e-08 0.999932 6.75025e-09
1.80302e+13 6.53861e-05 1.0299e-08 0.999935 6.41011e-09
1.8197e+13 6.31262e-05 1.0197e-08 0.999937 6.09281e-09
1.83654e+13 6.08124e-05 1.00789e-08 0.999939 5.79839e-09
1.85353e+13 5.84649e-05 9.94593e-09 0.999942 5.52654e-09
1.87068e+13 5.61017e-05 9.79944e-09 0.999944 5.27682e-09
1.88799e+13 5.3739e-05 9.64074e-09 0.999946 5.04852e-09
1.90546e+13 5.13912e-05 9.47108e-09 0.999949 4.84093e-09
1.92309e+13 4.90708e-05 9.29171e-09 0.999951 4.65319e-09
1.94089e+13 4.67894e-05 9.10384e-09 0.999953 4.48439e-09
1.95884e+13 4.45567e-05 8.90857e-09 0.999955 4.33363e-09
1.97697e+13 4.23819e-05 8.70699e-09 0.999958 4.19995e-09
1.99526e+13 4.02728e-05 8.50011e-09 0.99996 4.08239e-09
2.01372e+13 3.82369e-05 8.28888e-09 0.999962 3.98005e-09
2.03236e+13 3.62805e-05 8.07424e-09 0.999964 3.89195e-09
2.05116e+13 3.44096e-05 7.85708e-09 0.999966 3.81717e-09
2.07014e+13 3.26295e-05 7.63821e-09 0.999967 3.75479e-09
2.0893e+13 3.09448e-05 7.41846e-09 0.999969 3.70388e-09
2.10863e+13 2.93595e-05 7.19861e-09 0.999971 3.66351e-09
2.12814e+13 2.78772e-05 6.97942e-09 0.999972 3.63276e-09
2.14783e+13 2.65006e-05 6.76158e-09 0.999973 3.61072e-09
2.1677e+13 2.52318e-05 6.54578e-09 0.999975 3.59649e-09
2.18776e+13 2.40722e-05 6.33268e-09 0.999976 3.58915e-09
2.208e+13 2.30224e-05 6.12288e-09 0.999977 3.58784e-09
2.22844e+13 2.20824e-05 5.91694e-09 0.999978 3.59167e-09
2.24905e+13 2.12515e-05 5.71538e-09 0.999979 3.59984e-09
2.26986e+13 2.05281e-05 5.51866e-09 0.999979 3.61152e-09
2.29087e+13 1.99102e-05 5.3272e-09 0.99998 3.62597e-09
2.31206e+13 1.9395e-05 5.14136e-09 0.999981 3.64243e-09
2.33346e+13 1.89792e-05 4.96144e-09 0.999981 3.66025e-09
2.35505e+13 1.86591e-05 4.7877e-09 0.999981 3.67879e-09
2.37684e+13 1.84304e-05 4.62032e-09 0.999982 3.69748e-09
2.39883e+13 1.82887e-05 4.45946e-09 0.999982 3.71577e-09
2.42103e+13 1.82292e-05 4.30521e-09 0.999982 3.73323e-09
2.44343e+13 1.82468e-05 4.15761e-09 0.999982 3.74943e-09
2.46604e+13 1.83364e-05 4.01666e-09 0.999982 3.76399e-09
2.48886e+13 1.84929e-05 3.88235e-09 0.999981 3.77663e-09
2.51189e+13 1.87111e-05 3.75459e-09 0.999981 3.78708e-09
2.53513e+13 1.89858e-05 3.6333e-09 0.999981 3.79513e-09
2.55859e+13 1.93121e-05 3.51836e-09 0.999981 3.80058e-09
2.58226e+13 1.96851e-05 3.40959e-09 0.99998 3.80333e-09
2.60615e+13 2.01e-05 3.30687e-09 0.99998 3.80325e-09
2.63027e+13 2.05522e-05 3.20998e-09 0.999979 3.8003e-09
2.65461e+13 2.10373e-05 3.11879e-09 0.999979 3.79443e-09
2.67917e+13 2.15512e-05 3.03305e-09 0.999978 3.78562e-09
2.70396e+13 2.20899e-05 2.95259e-09 0.999978 3.77386e-09
2.72898e+13 2.26495e-05 2.8772e-09 0.999977 3.75917e-09
2.75423e+13 2.32265e-05 2.80665e-09 0.999977 3.74159e-09
2.77971e+13 2.38173e-05 2.74075e-09 0.999976 3.72119e-09
2.80543e+13 2.44188e-05 2.6793e-09 0.999976 3.69801e-09
2.83139e+13 2.50278e-05 2.62208e-09 0.999975 3.67214e-09
2.85759e+13 2.56414e-05 2.56889e-09 0.999974 3.64361e-09
2.88403e+13 2.62567e-05 2.51953e-09 0.999974 3.61255e-09
2.91072e+13 2.6871e-05 2.47382e-09 0.999973 3.57902e-09
2.93765e+13 2.74818e-05 2.43153e-09 0.999973 3.54314e-09
2.96483e+13 2.80866e-05 2.39249e-09 0.999972 3.50499e-09
2.99226e+13 2.86831e-05 2.35651e-09 0.999971 3.46468e-09
3.01995e+13 2.9269e-05 2.32339e-09 0.999971 3.4223e-09
3.04789e+13 2.98423e-05 2.29298e-09 0.99997 3.37797e-09
3.0761e+13 3.04009e-05 2.26505e-09 0.99997 3.33182e-09
3.10456e+13 3.0943e-05 2.23945e-09 0.999969 3.28393e-09
3.13329e+13 3.14669e-05 2.216e-09 0.999969 3.23444e-09
3.16228e+13 3.19707e-05 2.19453e-09 0.999968 3.18346e-09
3.19154e+13 3.24532e-05 2.17489e-09 0.999968 3.13111e-09
3.22107e+13 3.29127e-05 2.1569e-09 0.999967 3.07751e-09
3.25087e+13 3.33482e-05 2.14041e-09 0.999967 3.0228e-09
3.28095e+13 3.37584e-05 2.12527e-09 0.999966 2.96711e-09
3.31131e+13 3.41424e-05 2.11132e-09 0.999966 2.91052e-09
3.34195e+13 3.44994e-05 2.09843e-09 0.999965 2.8532e-09
3.37287e+13 3.48285e-05 2.08646e-09 0.999965 2.79525e-09
3.40408e+13 3.51293e-05 2.0753e-09 0.999965 2.73681e-09
3.43558e+13 3.54013e-05 2.06478e-09 0.999965 2.67798e-09
3.46737e+13 3.56443e-05 2.05481e-09 0.999964 2.61887e-09
3.49945e+13 3.5858e-05 2.04529e-09 0.999964 2.55961e-09
3.53183e+13 3.60425e-05 2.03609e-09 0.999964 2.50032e-09
3.56451e+13 3.61978e-05 2.02714e-09 0.999964 2.44109e-09
3.59749e+13 3.63242e-05 2.01833e-09 0.999964 2.38204e-09
3.63078e+13 3.6422e-05 2.00959e-09 0.999964 2.32325e-09
3.66438e+13 3.64916e-05 2.00085e-09 0.999964 2.26481e-09
3.69828e+13 3.65336e-05 1.99203e-09 0.999963 2.20681e-09
3.7325e+13 3.65486e-05 1.98307e-09 0.999963 2.14934e-09
3.76704e+13 3.65373e-05 1.97392e-09 0.999963 2.09248e-09
3.80189e+13 3.65005e-05 1.96454e-09 0.999963 2.03629e-09
3.83707e+13 3.64391e-05 1.95488e-09 0.999964 1.98084e-09
3.87258e+13 3.63539e-05 1.94491e-09 0.999964 1.9262e-09
3.90841e+13 3.62458e-05 1.9346e-09 0.999964 1.87242e-09
3.94457e+13 3.61159e-05 1.92392e-09 0.999964 1.81949e-09
3.98107e+13 3.59652e-05 1.91284e-09 0.999964 1.76754e-09
4.01791e+13 3.57947e-05 1.90138e-09 0.999964 1.71656e-09
4.05509e+13 3.56055e-05 1.88952e-09 0.999964 1.66658e-09
4.09261e+13 3.53985e-05 1.87725e-09 0.999965 1.61763e-09
4.13048e+13 3.51748e-05 1.86457e-09 0.999965 1.56975e-09
4.16869e+13 3.49356e-05 1.85149e-09 0.999965 1.52293e-09
4.20727e+13 3.46817e-05 1.83801e-09 0.999965 1.4772e-09
4.2462e+13 3.44142e-05 1.82413e-09 0.999966 1.43256e-09
4.28549e+13 3.41342e-05 1.80988e-09 0.999966 1.38903e-09
4.32514e+13 3.38425e-05 1.79525e-09 0.999966 1.3466e-09
4.36516e+13 3.354e-05 1.78027e-09 0.999966 1.30524e-09
4.40555e+13 3.32278e-05 1.76494e-09 0.999967 1.265e-09
4.44631e+13 3.29067e-05 1.7493e-09 0.999967 1.22582e-09
4.48745e+13 3.25774e-05 1.73336e-09 0.999967 1.18771e-09
4.52898e+13 3.22409e-05 1.71711e-09 0.999968 1.15067e-09
4.57088e+13 3.18978e-05 1.70061e-09 0.999968 1.11467e-09
4.61318e+13 3.15489e-05 1.68386e-09 0.999968 1.07971e-09
4.65586e+13 3.11948e-05 1.66689e-09 0.999969 1.04574e-09
4.69894e+13 3.08362e-05 1.64971e-09 0.999969 1.01279e-09
4.74242e+13 3.04737e-05 1.63234e-09 0.99997 9.80804e-10
4.7863e+13 3.0108e-05 1.61479e-09 0.99997 9.49789e-10
4.83059e+13 2.97394e-05 1.59711e-09 0.99997 9.19687e-10
4.87528e+13 2.93685e-05 1.57927e-09 0.999971 8.905e-10
4.9204e+13 2.89958e-05 1.56135e-09 0.999971 8.62193e-10
4.96592e+13 2.86218e-05 1.54331e-09 0.999971 8.34775e-10
5.01187e+13 2.82467e-05 1.5252e-09 0.999972 8.08208e-10
5.05825e+13 2.7871e-05 1.50702e-09 0.999972 7.82457e-10
5.10505e+13 2.74951e-05 1.48881e-09 0.999973 7.57501e-10
5.15229e+13 2.71193e-05 1.47054e-09 0.999973 7.33332e-10
5.19996e+13 2.67438e-05 1.45226e-09 0.999973 7.09927e-10
5.24807e+13 2.63689e-05 1.43397e-09 0.999974 6.87261e-10
5.29663e+13 2.59949e-05 1.41568e-09 0.999974 6.65306e-10
5.34564e+13 2.5622e-05 1.39744e-09 0.999974 6.44033e-10
5.39511e+13 2.52505e-05 1.3792e-09 0.999975 6.23446e-10
5.44503e+13 2.48805e-05 1.36101e-09 0.999975 6.03515e-10
5.49541e+13 2.45122e-05 1.34287e-09 0.999975 5.84225e-10
5.54626e+13 2.41457e-05 1.32479e-09 0.999976 5.65547e-10
5.59758e+13 2.37813e-05 1.30679e-09 0.999976 5.47471e-10
5.64937e+13 2.34191e-05 1.28884e-09 0.999977 5.29974e-10
5.70164e+13 2.30592e-05 1.27098e-09 0.999977 5.13045e-10
5.7544e+13 2.27017e-05 1.25322e-09 0.999977 4.9666e-10
5.80764e+13 2.23467e-05 1.23556e-09 0.999978 4.808e-10
5.86138e+13 2.19944e-05 1.218e-09 0.999978 4.65449e-10
5.91562e+13 2.16448e-05 1.20054e-09 0.999978 4.50599e-10
5.97035e+13 2.12981e-05 1.18321e-09 0.999979 4.36225e-10
6.0256e+13 2.09542e-05 1.16599e-09 0.999979 4.22339e-10
6.08135e+13 2.06133e-05 1.1489e-09 0.999979 4.08883e-10
6.13762e+13 2.02755e-05 1.13194e-09 0.99998 3.9587e-10
6.19441e+13 1.99407e-05 1.1151e-09 0.99998 3.83298e-10
6.25173e+13 1.96092e-05 1.09842e-09 0.99998 3.71121e-10
6.30957e+13 1.92809e-05 1.08186e-09 0.999981 3.59353e-10
6.36796e+13 1.89558e-05 1.06545e-09 0.999981 3.47968e-10
6.42688e+13 1.86341e-05 1.04919e-09 0.999981 3.36969e-10
6.48634e+13 1.83158e-05 1.03308e-09 0.999982 3.26317e-10
6.54636e+13 1.80008e-05 1.01712e-09 0.999982 3.16022e-10
6.60693e+13 1.76894e-05 1.00131e-09 0.999982 3.06076e-10
6.66807e+13 1.73814e-05 9.85655e-10 0.999983 2.96453e-10
6.72977e+13 1.70769e-05 9.70168e-10 0.999983 2.8715e-10
6.79204e+13 1.6776e-05 9.54828e-10 0.999983 2.78156e-10
6.85488e+13 1.64787e-05 9.39652e-10 0.999984 2.69472e-10
6.91831e+13 1.61849e-05 9.24644e-10 0.999984 2.61062e-10
6.98232e+13 1.58948e-05 9.09792e-10 0.999984 2.52957e-10
7.04693e+13 1.56084e-05 8.95096e-10 0.999984 2.4513e-10
7.11214e+13 1.53256e-05 8.80583e-10 0.999985 2.37532e-10
7.17794e+13 1.50465e-05 8.66232e-10 0.999985 2.30218e-10
7.24436e+13 1.4771e-05 8.52045e-10 0.999985 2.23131e-10
7.31139e+13 1.44993e-05 8.38029e-10 0.999985 2.16303e-10
7.37904e+13 1.42313e-05 8.2419e-10 0.999986 2.09694e-10
7.44732e+13 1.3967e-05 8.10501e-10 0.999986 2.03313e-10
7.51623e+13 1.37064e-05 7.97002e-10 0.999986 1.97146e-10
7.58578e+13 1.34495e-05 7.83658e-10 0.999987 1.9119e-10
7.65597e+13 1.31964e-05 7.70482e-10 0.999987 1.85446e-10
7.72681e+13 1.29469e-05 7.57476e-10 0.999987 1.79892e-10
7.7983e+13 1.27012e-05 7.44643e-10 0.999987 1.74526e-10
7.87046e+13 1.24591e-05 7.31979e-10 0.999988 1.69323e-10
7.94328e+13 1.22208e-05 7.19489e-10 0.999988 1.64325e-10
8.01678e+13 1.19861e-05 7.07157e-10 0.999988 1.59492e-10
8.09096e+13 1.17552e-05 6.94992e-10 0.999988 1.54809e-10
8.16582e+13 1.15278e-05 6.83002e-10 0.999988 1.50303e-10
8.24138e+13 1.13041e-05 6.71183e-10 0.999989 1.45937e-10
8.31764e+13 1.1084e-05 6.59517e-10 0.999989 1.41716e-10
8.3946e+13 1.08675e-05 6.48026e-10 0.999989 1.37657e-10
8.47227e+13 1.06546e-05 6.36703e-10 0.999989 1.33729e-10
8.55067e+13 1.04452e-05 6.25544e-10 0.99999 1.29934e-10
8.62979e+13 1.02394e-05 6.14545e-10 0.99999 1.26251e-10
8.70964e+13 1.00371e-05 6.03691e-10 0.99999 1.22719e-10
8.79023e+13 9.83821e-06 5.93026e-10 0.99999 1.19285e-10
8.87156e+13 9.64278e-06 5.82499e-10 0.99999 1.15985e-10
8.95365e+13 9.45078e-06 5.72154e-10 0.999991 1.12783e-10
9.03649e+13 9.26215e-06 5.6196e-10 0.999991 1.09701e-10
9.12011e+13 9.07687e-06 5.51907e-10 0.999991 1.06709e-10
9.2045e+13 8.89491e-06 5.42023e-10 0.999991 1.03822e-10
9.28966e+13 8.71623e-06 5.32297e-10 0.999991 1.01032e-10
9.37562e+13 8.5408e-06 5.22705e-10 0.999991 9.83434e-11
9.46237e+13 8.36857e-06 5.13284e-10 0.999992 9.57301e-11
9.54993e+13 8.19951e-06 5.04017e-10 0.999992 9.32052e-11
9.63829e+13 8.03359e-06 4.94879e-10 0.999992 9.07708e-11
9.72747e+13 7.87077e-06 4.85902e-10 0.999992 8.84066e-11
9.81748e+13 7.71099e-06 4.77065e-10 0.999992 8.61338e-11
9.90832e+13 7.55424e-06 4.68372e-10 0.999992 8.39237e-11
1e+14 7.40046e-06 4.5983e-10 0.999993 8.17716e-11
