1e+10 1.9685e-07 1.8844e-05 0.999659 0.000321937
1.00925e+10 5.84097e-06 1.84707e-05 0.999659 0.000316212
1.01859e+10 1.0575e-05 1.81581e-05 0.999661 0.000310315
1.02802e+10 5.63006e-06 1.78431e-05 0.999672 0.000304568
1.03753e+10 8.93127e-07 1.75063e-05 0.999683 0.000299067
1.04713e+10 5.33741e-08 1.71702e-05 0.999689 0.000293694
1.05682e+10 9.09599e-07 1.68467e-05 0.999694 0.000288386
1.0666e+10 1.38508e-06 1.65356e-05 0.999699 0.000283142
1.07647e+10 9.54844e-07 1.62343e-05 0.999705 0.000277972
1.08643e+10 8.57409e-08 1.59446e-05 0.999711 0.000272865
1.09648e+10 6.93743e-07 1.56662e-05 0.999716 0.000267821
1.10662e+10 4.96218e-06 1.53895e-05 0.999717 0.000262885
1.11686e+10 1.03194e-05 1.5095e-05 0.999716 0.000258158
1.1272e+10 7.38123e-06 1.47923e-05 0.999724 0.000253586
1.13763e+10 5.00624e-08 1.45362e-05 0.999737 0.000248887
1.14815e+10 7.33301e-06 1.42912e-05 0.999734 0.00024424
1.15878e+10 7.47558e-06 1.3993e-05 0.999739 0.000239975
1.1695e+10 1.08702e-06 1.37655e-05 0.99975 0.000235452
1.18032e+10 1.02894e-05 1.34946e-05 0.999745 0.000231256
1.19124e+10 4.29334e-07 1.32614e-05 0.999759 0.000226968
1.20226e+10 9.52276e-06 1.29994e-05 0.999755 0.000222928
1.21339e+10 3.37417e-06 1.27896e-05 0.999765 0.000218719
1.22462e+10 3.21538e-06 1.2521e-05 0.999769 0.000214908
1.23595e+10 1.05622e-05 1.23107e-05 0.999766 0.000210892
1.24738e+10 3.191e-06 1.2099e-05 0.999778 0.000206977
1.25893e+10 5.42405e-07 1.18526e-05 0.999784 0.00020333
1.27057e+10 6.74451e-06 1.16258e-05 0.999782 0.000199674
1.28233e+10 1.05352e-05 1.14264e-05 0.999782 0.000195964
1.2942e+10 9.30975e-06 1.1231e-05 0.999787 0.00019232
1.30617e+10 6.5515e-06 1.10308e-05 0.999794 0.000188785
1.31826e+10 4.38613e-06 1.08286e-05 0.999799 0.000185344
1.33045e+10 3.44608e-06 1.0629e-05 0.999804 0.000181971
1.34276e+10 3.73092e-06 1.04344e-05 0.999807 0.000178653
1.35519e+10 5.29988e-06 1.02441e-05 0.999809 0.000175392
1.36773e+10 7.84254e-06 1.0054e-05 0.99981 0.000172207
1.38038e+10 1.03583e-05 9.86072e-06 0.999811 0.000169114
1.39316e+10 9.63659e-06 9.66485e-06 0.999815 0.00016611
1.40605e+10 3.95245e-06 9.48132e-06 0.999823 0.000163115
1.41906e+10 1.66953e-08 9.32348e-06 0.999831 0.00016006
1.43219e+10 5.98627e-06 9.16671e-06 0.999828 0.00015707
1.44544e+10 1.02589e-05 8.97721e-06 0.999826 0.000154317
1.45881e+10 1.19602e-06 8.80835e-06 0.999838 0.000151526
1.47231e+10 5.35383e-06 8.67163e-06 0.999837 0.000148637
1.48594e+10 8.48713e-06 8.48562e-06 0.999837 0.000146067
1.49968e+10 5.2344e-07 8.34764e-06 0.999848 0.000143314
1.51356e+10 1.04818e-05 8.18541e-06 0.999841 0.000140749
1.52757e+10 5.07757e-08 8.03953e-06 0.999854 0.000138163
1.5417e+10 1.03915e-05 7.88599e-06 0.999846 0.000135676
1.55597e+10 1.06311e-06 7.75365e-06 0.999858 0.00013314
1.57036e+10 7.25503e-06 7.58956e-06 0.999854 0.000130826
1.58489e+10 7.28411e-06 7.47654e-06 0.999857 0.000128307
1.59956e+10 1.78138e-07 7.32223e-06 0.999866 0.000126057
1.61436e+10 8.72385e-06 7.1808e-06 0.99986 0.000123797
1.6293e+10 8.46407e-06 7.07056e-06 0.999863 0.00012143
1.64437e+10 8.57353e-07 6.93691e-06 0.999873 0.000119238
1.65959e+10 1.86696e-06 6.79177e-06 0.999874 0.000117157
1.67494e+10 8.09784e-06 6.66574e-06 0.99987 0.000115029
1.69044e+10 1.07024e-05 6.55519e-06 0.99987 0.000112873
1.70608e+10 8.471e-06 6.44461e-06 0.999874 0.000110766
1.72187e+10 4.92966e-06 6.32862e-06 0.99988 0.000108736
1.7378e+10 2.31807e-06 6.2101e-06 0.999885 0.000106767
1.75388e+10 9.84567e-07 6.09277e-06 0.999888 0.000104839
1.77011e+10 5.32602e-07 5.97904e-06 0.999891 0.000102938
1.78649e+10 5.46103e-07 5.86926e-06 0.999893 0.000101063
1.80302e+10 1.03753e-06 5.76332e-06 0.999894 9.92123e-05
1.8197e+10 2.38121e-06 5.66045e-06 0.999895 9.73895e-05
1.83654e+10 4.91358e-06 5.55842e-06 0.999894 9.56055e-05
1.85353e+10 8.30773e-06 5.45417e-06 0.999892 9.3875e-05
1.87068e+10 1.05608e-05 5.34551e-06 0.999892 9.22086e-05
1.88799e+10 8.54021e-06 5.23652e-06 0.999896 9.05846e-05
1.90546e+10 2.67063e-06 5.13904e-06 0.999903 8.89411e-05
1.92309e+10 2.07971e-07 5.05761e-06 0.999907 8.7254e-05
1.94089e+10 6.39915e-06 4.97277e-06 0.999903 8.5623e-05
1.95884e+10 1.03631e-05 4.86687e-06 0.999901 8.41384e-05
1.97697e+10 2.50252e-06 4.77093e-06 0.99991 8.26394e-05
1.99526e+10 2.18577e-06 4.70148e-06 0.999912 8.10401e-05
2.01372e+10 1.05961e-05 4.60696e-06 0.999905 7.9606e-05
2.03236e+10 2.0954e-06 4.51253e-06 0.999915 7.82064e-05
2.05116e+10 4.97731e-06 4.44901e-06 0.999914 7.66818e-05
2.07014e+10 8.31082e-06 4.34769e-06 0.999912 7.53862e-05
2.0893e+10 7.78842e-07 4.28173e-06 0.999921 7.3941e-05
2.10863e+10 1.02975e-05 4.19456e-06 0.999913 7.26381e-05
2.12814e+10 8.78022e-08 4.12206e-06 0.999924 7.12913e-05
2.14783e+10 1.04935e-05 4.04224e-06 0.999915 7.00139e-05
2.1677e+10 3.8646e-07 3.97361e-06 0.999927 6.87094e-05
2.18776e+10 9.33059e-06 3.89017e-06 0.999919 6.75118e-05
2.208e+10 3.17358e-06 3.83415e-06 0.999927 6.62022e-05
2.22844e+10 4.289e-06 3.7446e-06 0.999927 6.5095e-05
2.24905e+10 9.53703e-06 3.69133e-06 0.999923 6.3829e-05
2.26986e+10 1.36787e-07 3.61948e-06 0.999934 6.26871e-05
2.29087e+10 7.01864e-06 3.54149e-06 0.999928 6.16047e-05
2.31206e+10 9.1787e-06 3.49199e-06 0.999927 6.04021e-05
2.33346e+10 6.87269e-07 3.42561e-06 0.999937 5.93132e-05
2.35505e+10 3.42809e-06 3.34903e-06 0.999935 5.83033e-05
2.37684e+10 1.03458e-05 3.29304e-06 0.999929 5.72127e-05
2.39883e+10 7.52472e-06 3.24378e-06 0.999933 5.61124e-05
2.42103e+10 1.10559e-06 3.18116e-06 0.999941 5.51059e-05
2.44343e+10 7.97518e-07 3.11212e-06 0.999942 5.41569e-05
2.46604e+10 5.69221e-06 3.05047e-06 0.999938 5.31936e-05
2.48886e+10 9.87855e-06 2.99855e-06 0.999935 5.22033e-05
2.51189e+10 1.03794e-05 2.95042e-06 0.999935 5.12164e-05
2.53513e+10 8.06223e-06 2.90083e-06 0.999939 5.02595e-05
2.55859e+10 5.10137e-06 2.84868e-06 0.999943 4.9338e-05
2.58226e+10 2.66917e-06 2.79495e-06 0.999946 4.84465e-05
2.60615e+10 1.25216e-06 2.74154e-06 0.999948 4.75747e-05
2.63027e+10 5.54428e-07 2.68923e-06 0.99995 4.67181e-05
2.65461e+10 3.19738e-07 2.6388e-06 0.999951 4.58724e-05
2.67917e+10 3.07674e-07 2.59001e-06 0.999952 4.50384e-05
2.70396e+10 5.56382e-07 2.54318e-06 0.999953 4.4214e-05
2.72898e+10 1.1879e-06 2.49771e-06 0.999953 4.34021e-05
2.75423e+10 2.57161e-06 2.45354e-06 0.999952 4.26027e-05
2.77971e+10 4.81242e-06 2.40939e-06 0.999951 4.18218e-05
2.80543e+10 7.71587e-06 2.36415e-06 0.999949 4.10651e-05
2.83139e+10 1.00773e-05 2.31677e-06 0.999947 4.03375e-05
2.85759e+10 1.02564e-05 2.26805e-06 0.999948 3.96347e-05
2.88403e+10 6.905e-06 2.22152e-06 0.999952 3.89379e-05
2.91072e+10 1.96662e-06 2.18161e-06 0.999958 3.82238e-05
2.93765e+10 1.21208e-07 2.14873e-06 0.99996 3.74902e-05
2.96483e+10 4.50413e-06 2.11489e-06 0.999957 3.6778e-05
2.99226e+10 1.01489e-05 2.0715e-06 0.999952 3.61317e-05
3.01995e+10 8.04386e-06 2.02408e-06 0.999954 3.5522e-05
3.04789e+10 9.50173e-07 1.98852e-06 0.999962 3.48665e-05
3.0761e+10 2.48207e-06 1.96199e-06 0.999961 3.41794e-05
3.10456e+10 1.01285e-05 1.92261e-06 0.999954 3.35742e-05
3.13329e+10 6.08483e-06 1.87724e-06 0.999959 3.30147e-05
3.16228e+10 9.61024e-08 1.85061e-06 0.999966 3.23724e-05
3.19154e+10 8.41164e-06 1.82076e-06 0.999958 3.17613e-05
3.22107e+10 7.27061e-06 1.77521e-06 0.99996 3.12456e-05
3.25087e+10 1.56621e-07 1.75013e-06 0.999967 3.06371e-05
3.28095e+10 9.70413e-06 1.72003e-06 0.999959 3.00685e-05
3.31131e+10 4.03267e-06 1.67792e-06 0.999965 2.95753e-05
3.34195e+10 3.16511e-06 1.65932e-06 0.999966 2.8973e-05
3.37287e+10 9.64975e-06 1.61895e-06 0.99996 2.84967e-05
3.40408e+10 5.21277e-08 1.59343e-06 0.99997 2.79555e-05
3.43558e+10 1.04077e-05 1.56467e-06 0.999961 2.74437e-05
3.46737e+10 7.22134e-07 1.53086e-06 0.999971 2.697e-05
3.49945e+10 9.2331e-06 1.50993e-06 0.999963 2.64414e-05
3.53183e+10 1.75983e-06 1.47305e-06 0.999971 2.60072e-05
3.56451e+10 8.82091e-06 1.45516e-06 0.999964 2.54858e-05
3.59749e+10 1.57389e-06 1.41909e-06 0.999972 2.50701e-05
3.63078e+10 9.60103e-06 1.40082e-06 0.999964 2.45729e-05
3.66438e+10 4.27828e-07 1.3688e-06 0.999974 2.41579e-05
3.69828e+10 1.06393e-05 1.34632e-06 0.999964 2.37041e-05
3.7325e+10 2.77843e-07 1.32266e-06 0.999975 2.32665e-05
3.76704e+10 9.05763e-06 1.29203e-06 0.999967 2.28758e-05
3.80189e+10 4.33394e-06 1.27806e-06 0.999972 2.24081e-05
3.83707e+10 3.00384e-06 1.24337e-06 0.999974 2.20583e-05
3.87258e+10 1.0346e-05 1.22769e-06 0.999967 2.16192e-05
3.90841e+10 4.86081e-07 1.20508e-06 0.999977 2.12255e-05
3.94457e+10 6.71089e-06 1.1749e-06 0.999971 2.0881e-05
3.98107e+10 8.82098e-06 1.16275e-06 0.99997 2.04514e-05
4.01791e+10 8.94714e-08 1.13784e-06 0.999979 2.00972e-05
4.05509e+10 6.86293e-06 1.11042e-06 0.999972 1.97652e-05
4.09261e+10 9.73894e-06 1.09842e-06 0.99997 1.93613e-05
4.13048e+10 1.04659e-06 1.07793e-06 0.999979 1.90101e-05
4.16869e+10 3.26038e-06 1.04976e-06 0.999977 1.87076e-05
4.20727e+10 1.06107e-05 1.0338e-06 0.99997 1.83495e-05
4.2462e+10 6.37327e-06 1.02112e-06 0.999975 1.79822e-05
4.28549e+10 9.05462e-08 9.97882e-07 0.999981 1.76779e-05
4.32514e+10 4.09897e-06 9.73345e-07 0.999978 1.73884e-05
4.36516e+10 1.04474e-05 9.58303e-07 0.999972 1.70569e-05
4.40555e+10 8.47575e-06 9.46638e-07 0.999974 1.67151e-05
4.44631e+10 1.95457e-06 9.28702e-07 0.999981 1.64133e-05
4.48745e+10 3.30774e-07 9.05818e-07 0.999983 1.61448e-05
4.52898e+10 5.05605e-06 8.85659e-07 0.999978 1.58692e-05
4.57088e+10 1.00452e-05 8.71475e-07 0.999974 1.55692e-05
4.61318e+10 1.03055e-05 8.60001e-07 0.999974 1.52619e-05
4.65586e+10 6.3242e-06 8.46632e-07 0.999978 1.4971e-05
4.69894e+10 1.85884e-06 8.29738e-07 0.999983 1.47053e-05
4.74242e+10 8.14425e-09 8.10834e-07 0.999985 1.44565e-05
4.7863e+10 1.36276e-06 7.92423e-07 0.999984 1.42116e-05
4.83059e+10 4.5742e-06 7.76096e-07 0.999981 1.39621e-05
4.87528e+10 7.8738e-06 7.62025e-07 0.999978 1.37068e-05
4.9204e+10 1.01076e-05 7.49504e-07 0.999976 1.34494e-05
4.96592e+10 1.09183e-05 7.37656e-07 0.999975 1.31943e-05
5.01187e+10 1.05165e-05 7.25818e-07 0.999976 1.2945e-05
5.05825e+10 9.39578e-06 7.13675e-07 0.999977 1.27029e-05
5.10505e+10 8.04932e-06 7.01214e-07 0.999979 1.2468e-05
5.15229e+10 6.78478e-06 6.88556e-07 0.99998 1.22397e-05
5.19996e+10 5.74315e-06 6.75846e-07 0.999982 1.2017e-05
5.24807e+10 4.99992e-06 6.63229e-07 0.999983 1.17992e-05
5.29663e+10 4.59444e-06 6.50828e-07 0.999983 1.15853e-05
5.34564e+10 4.51809e-06 6.38696e-07 0.999983 1.13752e-05
5.39511e+10 4.74157e-06 6.26816e-07 0.999983 1.11688e-05
5.44503e+10 5.26362e-06 6.15153e-07 0.999983 1.09661e-05
5.49541e+10 6.10595e-06 6.03656e-07 0.999983 1.07674e-05
5.54626e+10 7.2419e-06 5.92215e-07 0.999982 1.05731e-05
5.59758e+10 8.54226e-06 5.80684e-07 0.99998 1.03839e-05
5.64937e+10 9.79277e-06 5.68952e-07 0.999979 1.02004e-05
5.70164e+10 1.07007e-05 5.56986e-07 0.999979 1.00226e-05
5.7544e+10 1.08533e-05 5.44877e-07 0.999979 9.84988e-06
5.80764e+10 9.82771e-06 5.32927e-07 0.99998 9.68067e-06
5.86138e+10 7.51526e-06 5.21653e-07 0.999982 9.51211e-06
5.91562e+10 4.36007e-06 5.11614e-07 0.999986 9.34118e-06
5.97035e+10 1.38484e-06 5.03155e-07 0.999989 9.166e-06
6.0256e+10 8.27866e-09 4.96068e-07 0.999991 8.98761e-06
6.08135e+10 1.34446e-06 4.8933e-07 0.999989 8.81134e-06
6.13762e+10 5.13225e-06 4.81439e-07 0.999986 8.64508e-06
6.19441e+10 9.2964e-06 4.71377e-07 0.999982 8.4941e-06
6.25173e+10 1.08556e-05 4.59598e-07 0.99998 8.35589e-06
6.30957e+10 8.11638e-06 4.48228e-07 0.999983 8.21911e-06
6.36796e+10 2.90766e-06 4.39718e-07 0.999989 8.07075e-06
6.42688e+10 1.32983e-08 4.34375e-07 0.999992 7.9092e-06
6.48634e+10 2.73695e-06 4.29362e-07 0.999989 7.74945e-06
6.54636e+10 8.58445e-06 4.21156e-07 0.999983 7.61005e-06
6.60693e+10 1.07371e-05 4.09702e-07 0.999981 7.49116e-06
6.66807e+10 6.0054e-06 3.99389e-07 0.999986 7.36939e-06
6.72977e+10 4.24489e-07 3.93868e-07 0.999992 7.22541e-06
6.79204e+10 2.20642e-06 3.90367e-07 0.99999 7.074e-06
6.85488e+10 9.06247e-06 3.82867e-07 0.999984 6.94699e-06
6.91831e+10 9.99697e-06 3.71493e-07 0.999983 6.8435e-06
6.98232e+10 3.00172e-06 3.63325e-07 0.99999 6.72585e-06
7.04693e+10 4.50873e-07 3.60541e-07 0.999993 6.5826e-06
7.11214e+10 7.4781e-06 3.55473e-07 0.999986 6.45453e-06
7.17794e+10 1.04338e-05 3.44674e-07 0.999983 6.3597e-06
7.24436e+10 2.99688e-06 3.3658e-07 0.99999 6.2531e-06
7.31139e+10 8.89016e-07 3.34588e-07 0.999993 6.11683e-06
7.37904e+10 9.05721e-06 3.28945e-07 0.999985 6.00285e-06
7.44732e+10 8.76892e-06 3.18105e-07 0.999985 5.91906e-06
7.51623e+10 4.92159e-07 3.13198e-07 0.999993 5.80609e-06
7.58578e+10 4.66829e-06 3.11405e-07 0.999989 5.67927e-06
7.65597e+10 1.07849e-05 3.0218e-07 0.999983 5.59461e-06
7.72681e+10 2.73947e-06 2.94405e-07 0.999991 5.50442e-06
7.7983e+10 2.14541e-06 2.93553e-07 0.999992 5.3798e-06
7.87046e+10 1.07633e-05 2.8642e-07 0.999984 5.29124e-06
7.94328e+10 4.10772e-06 2.77627e-07 0.99999 5.21361e-06
8.01678e+10 1.55913e-06 2.76985e-07 0.999993 5.09474e-06
8.09096e+10 1.07698e-05 2.70551e-07 0.999984 5.00929e-06
8.16582e+10 3.66072e-06 2.62137e-07 0.999991 4.93634e-06
8.24138e+10 2.39484e-06 2.61936e-07 0.999993 4.82168e-06
8.31764e+10 1.09114e-05 2.54632e-07 0.999984 4.74734e-06
8.3946e+10 1.71751e-06 2.48e-07 0.999993 4.67117e-06
8.47227e+10 5.10776e-06 2.47822e-07 0.99999 4.56265e-06
8.55067e+10 9.64716e-06 2.38847e-07 0.999986 4.50334e-06
8.62979e+10 4.85949e-08 2.35797e-07 0.999995 4.41395e-06
8.70964e+10 9.40653e-06 2.33289e-07 0.999986 4.32391e-06
8.79023e+10 4.93593e-06 2.24528e-07 0.999991 4.26911e-06
8.87156e+10 2.67311e-06 2.24895e-07 0.999993 4.16715e-06
8.95365e+10 1.05554e-05 2.17532e-07 0.999985 4.10875e-06
9.03649e+10 1.35591e-07 2.13881e-07 0.999996 4.03186e-06
9.12011e+10 9.63152e-06 2.11906e-07 0.999986 3.94806e-06
9.2045e+10 3.77704e-06 2.03928e-07 0.999992 3.89804e-06
9.28966e+10 4.70386e-06 2.04697e-07 0.999991 3.8027e-06
9.37562e+10 8.68024e-06 1.96484e-07 0.999987 3.75751e-06
9.46237e+10 8.7467e-07 1.95889e-07 0.999995 3.67265e-06
9.54993e+10 1.10085e-05 1.90564e-07 0.999985 3.61525e-06
9.63829e+10 1.53457e-07 1.86847e-07 0.999996 3.55036e-06
9.72747e+10 1.04335e-05 1.84839e-07 0.999986 3.47816e-06
9.81748e+10 1.69867e-06 1.78549e-07 0.999995 3.43029e-06
9.90832e+10 8.38822e-06 1.78723e-07 0.999988 3.34923e-06
1e+11 3.96695e-06 1.71195e-07 0.999993 3.31112e-06
1.00925e+11 6.22354e-06 1.72265e-07 0.99999 3.228e-06
1.01859e+11 5.94042e-06 1.64557e-07 0.999991 3.19382e-06
1.02802e+11 4.60535e-06 1.65737e-07 0.999992 3.11281e-06
1.03753e+11 7.25246e-06 1.58347e-07 0.99999 3.07974e-06
1.04713e+11 3.68075e-06 1.59375e-07 0.999993 3.00219e-06
1.05682e+11 7.88976e-06 1.52364e-07 0.999989 2.96977e-06
1.0666e+11 3.39761e-06 1.53302e-07 0.999994 2.89525e-06
1.07647e+11 7.91664e-06 1.46516e-07 0.999989 2.8642e-06
1.08643e+11 3.71391e-06 1.47549e-07 0.999993 2.79166e-06
1.09648e+11 7.33969e-06 1.40801e-07 0.99999 2.76287e-06
1.10662e+11 4.66107e-06 1.42061e-07 0.999993 2.69151e-06
1.11686e+11 6.10753e-06 1.35294e-07 0.999991 2.66519e-06
1.1272e+11 6.27919e-06 1.36713e-07 0.999991 2.59532e-06
1.13763e+11 4.2363e-06 1.30141e-07 0.999993 2.57019e-06
1.14815e+11 8.43405e-06 1.31314e-07 0.999989 2.50396e-06
1.15878e+11 2.04157e-06 1.25528e-07 0.999995 2.47668e-06
1.1695e+11 1.05667e-05 1.25678e-07 0.999987 2.41827e-06
1.18032e+11 3.63754e-07 1.21574e-07 0.999997 2.38386e-06
1.19124e+11 1.15683e-05 1.19775e-07 0.999986 2.33826e-06
1.20226e+11 4.93385e-07 1.18137e-07 0.999997 2.29237e-06
1.21339e+11 1.0161e-05 1.13936e-07 0.999987 2.26195e-06
1.22462e+11 3.39391e-06 1.14658e-07 0.999994 2.20513e-06
1.23595e+11 6.07895e-06 1.08885e-07 0.999992 2.18518e-06
1.24738e+11 8.24935e-06 1.10329e-07 0.99999 2.12646e-06
1.25893e+11 1.46254e-06 1.05306e-07 0.999996 2.10409e-06
1.27057e+11 1.16604e-05 1.04804e-07 0.999986 2.05806e-06
1.28233e+11 4.41212e-07 1.02948e-07 0.999997 2.01996e-06
1.2942e+11 9.79995e-06 9.90339e-08 0.999988 1.99452e-06
1.30617e+11 5.16298e-06 1.00213e-07 0.999993 1.94152e-06
1.31826e+11 3.51016e-06 9.4894e-08 0.999994 1.92536e-06
1.33045e+11 1.11683e-05 9.55194e-08 0.999987 1.87732e-06
1.34276e+11 2.06249e-07 9.2968e-08 0.999998 1.84731e-06
1.35519e+11 1.0305e-05 8.97516e-08 0.999988 1.82223e-06
1.36773e+11 5.43768e-06 9.0901e-08 0.999993 1.7734e-06
1.38038e+11 2.81428e-06 8.59917e-08 0.999995 1.75904e-06
1.39316e+11 1.19203e-05 8.61663e-08 0.999986 1.71742e-06
1.40605e+11 8.98796e-07 8.48196e-08 0.999997 1.68459e-06
1.41906e+11 8.00707e-06 8.07827e-08 0.99999 1.66786e-06
1.43219e+11 9.00885e-06 8.22515e-08 0.999989 1.62103e-06
1.44544e+11 4.25301e-07 7.8703e-08 0.999998 1.60269e-06
1.45881e+11 1.1381e-05 7.67516e-08 0.999987 1.57655e-06
1.47231e+11 5.34321e-06 7.76954e-08 0.999993 1.53454e-06
1.48594e+11 2.28078e-06 7.33444e-08 0.999996 1.52288e-06
1.49968e+11 1.24246e-05 7.30468e-08 0.999986 1.48947e-06
1.51356e+11 2.86936e-06 7.29666e-08 0.999996 1.45506e-06
1.52757e+11 4.36307e-06 6.87282e-08 0.999994 1.44485e-06
1.5417e+11 1.2326e-05 6.93024e-08 0.999986 1.40838e-06
1.55597e+11 1.69746e-06 6.84785e-08 0.999997 1.37997e-06
1.57036e+11 5.66315e-06 6.45915e-08 0.999993 1.36972e-06
1.58489e+11 1.2148e-05 6.54853e-08 0.999986 1.33318e-06
1.59956e+11 1.39673e-06 6.44051e-08 0.999997 1.30796e-06
1.61436e+11 5.9182e-06 6.07475e-08 0.999993 1.29821e-06
1.6293e+11 1.23599e-05 6.16357e-08 0.999986 1.26337e-06
1.64437e+11 1.75914e-06 6.07654e-08 0.999997 1.23864e-06
1.65959e+11 5.10679e-06 5.71553e-08 0.999994 1.23028e-06
1.67494e+11 1.28775e-05 5.77561e-08 0.999986 1.19868e-06
1.69044e+11 2.98842e-06 5.74866e-08 0.999996 1.17212e-06
1.70608e+11 3.35691e-06 5.39007e-08 0.999995 1.16517e-06
1.72187e+11 1.30716e-05 5.38339e-08 0.999986 1.1389e-06
1.7378e+11 5.50481e-06 5.43881e-08 0.999993 1.10918e-06
1.75388e+11 1.2765e-06 5.11365e-08 0.999998 1.10174e-06
1.77011e+11 1.1828e-05 4.99587e-08 0.999987 1.08328e-06
1.78649e+11 9.29727e-06 5.11614e-08 0.99999 1.05135e-06
1.80302e+11 3.85996e-07 4.89242e-08 0.999999 1.03942e-06
1.8197e+11 8.20012e-06 4.64633e-08 0.999991 1.02963e-06
1.83654e+11 1.29012e-05 4.75031e-08 0.999986 1.00011e-06
1.85353e+11 2.7494e-06 4.69662e-08 0.999996 9.79716e-07
1.87068e+11 3.06088e-06 4.38694e-08 0.999996 9.74745e-07
1.88799e+11 1.31493e-05 4.35199e-08 0.999986 9.54601e-07
1.90546e+11 8.69399e-06 4.45046e-08 0.99999 9.26797e-07
1.92309e+11 4.43157e-07 4.23485e-08 0.999999 9.17453e-07
1.94089e+11 7.9159e-06 4.00956e-08 0.999991 9.09469e-07
1.95884e+11 1.38157e-05 4.09418e-08 0.999985 8.83868e-07
1.97697e+11 4.72941e-06 4.09764e-08 0.999994 8.62969e-07
1.99526e+11 1.31633e-06 3.82832e-08 0.999998 8.58451e-07
2.01372e+11 1.12525e-05 3.70682e-08 0.999988 8.46047e-07
2.03236e+11 1.27629e-05 3.81991e-08 0.999986 8.20103e-07
2.05116e+11 2.7034e-06 3.75129e-08 0.999996 8.04814e-07
2.07014e+11 2.69132e-06 3.48784e-08 0.999996 8.01539e-07
2.0893e+11 1.28045e-05 3.42608e-08 0.999986 7.87067e-07
2.10863e+11 1.21121e-05 3.53575e-08 0.999987 7.62579e-07
2.12814e+11 2.17687e-06 3.44345e-08 0.999997 7.50032e-07
2.14783e+11 3.16505e-06 3.19637e-08 0.999996 7.47223e-07
2.1677e+11 1.31557e-05 3.14699e-08 0.999986 7.33332e-07
2.18776e+11 1.26431e-05 3.25305e-08 0.999987 7.10277e-07
2.208e+11 2.77109e-06 3.17958e-08 0.999996 6.9788e-07
2.22844e+11 2.4527e-06 2.94548e-08 0.999997 6.95577e-07
2.24905e+11 1.23286e-05 2.8691e-08 0.999987 6.84506e-07
2.26986e+11 1.42198e-05 2.96987e-08 0.999985 6.62959e-07
2.29087e+11 4.8379e-06 2.94976e-08 0.999994 6.48564e-07
2.31206e+11 1.14804e-06 2.73953e-08 0.999998 6.45963e-07
2.33346e+11 9.72202e-06 2.60687e-08 0.99999 6.39372e-07
2.35505e+11 1.56927e-05 2.67681e-08 0.999984 6.20839e-07
2.37684e+11 8.96718e-06 2.72784e-08 0.99999 6.03316e-07
2.39883e+11 1.06133e-06 2.5812e-08 0.999998 5.979e-07
2.42103e+11 5.20038e-06 2.39227e-08 0.999994 5.95666e-07
2.44343e+11 1.46456e-05 2.37991e-08 0.999985 5.83196e-07
2.46604e+11 1.42749e-05 2.47402e-08 0.999985 5.64221e-07
2.48886e+11 4.84932e-06 2.44216e-08 0.999995 5.52831e-07
2.51189e+11 1.23274e-06 2.258e-08 0.999998 5.51116e-07
2.53513e+11 9.04029e-06 2.12937e-08 0.99999 5.46633e-07
2.55859e+11 1.65008e-05 2.17338e-08 0.999983 5.31842e-07
2.58226e+11 1.26297e-05 2.24914e-08 0.999987 5.14957e-07
2.60615e+11 3.28538e-06 2.17726e-08 0.999996 5.0715e-07
2.63027e+11 2.08034e-06 1.99826e-08 0.999997 5.06414e-07
2.65461e+11 1.0772e-05 1.90262e-08 0.999989 5.01109e-07
2.67917e+11 1.72666e-05 1.95832e-08 0.999982 4.86608e-07
2.70396e+11 1.27722e-05 2.02563e-08 0.999987 4.71207e-07
2.72898e+11 3.55806e-06 1.95666e-08 0.999996 4.64281e-07
2.75423e+11 2.026e-06 1.79077e-08 0.999997 4.63849e-07
2.77971e+11 1.02346e-05 1.69226e-08 0.999989 4.59779e-07
2.80543e+11 1.76538e-05 1.73312e-08 0.999982 4.47179e-07
2.83139e+11 1.50058e-05 1.80816e-08 0.999985 4.32252e-07
2.85759e+11 5.78375e-06 1.77574e-08 0.999994 4.23998e-07
2.88403e+11 1.46096e-06 1.63209e-08 0.999998 4.23106e-07
2.91072e+11 7.32938e-06 1.50744e-08 0.999992 4.21594e-07
2.93765e+11 1.6464e-05 1.50459e-08 0.999983 4.12693e-07
2.96483e+11 1.82965e-05 1.58164e-08 0.999981 3.98611e-07
2.99226e+11 1.08989e-05 1.60852e-08 0.999989 3.87513e-07
3.01995e+11 2.81513e-06 1.51805e-08 0.999997 3.84028e-07
3.04789e+11 3.14734e-06 1.37605e-08 0.999996 3.84349e-07
3.0761e+11 1.15876e-05 1.30178e-08 0.999988 3.80835e-07
3.10456e+11 1.91286e-05 1.33761e-08 0.99998 3.7037e-07
3.13329e+11 1.79343e-05 1.40933e-08 0.999982 3.57369e-07
3.16228e+11 9.4365e-06 1.40992e-08 0.99999 3.48798e-07
3.19154e+11 2.49533e-06 1.30995e-08 0.999997 3.46962e-07
3.22107e+11 4.19439e-06 1.18211e-08 0.999995 3.47477e-07
3.25087e+11 1.29139e-05 1.12357e-08 0.999987 3.4394e-07
3.28095e+11 2.02594e-05 1.16079e-08 0.999979 3.34219e-07
3.31131e+11 1.93562e-05 1.22893e-08 0.99998 3.22222e-07
3.34195e+11 1.12434e-05 1.23792e-08 0.999988 3.13909e-07
3.37287e+11 3.59036e-06 1.15659e-08 0.999996 3.1172e-07
3.40408e+11 3.46431e-06 1.03697e-08 0.999996 3.12572e-07
3.43558e+11 1.10497e-05 9.62972e-09 0.999989 3.10908e-07
3.46737e+11 1.97695e-05 9.75348e-09 0.99998 3.03669e-07
3.49945e+11 2.22337e-05 1.03953e-08 0.999977 2.92766e-07
3.53183e+11 1.65352e-05 1.07949e-08 0.999983 2.83186e-07
3.56451e+11 7.61248e-06 1.04324e-08 0.999992 2.78692e-07
3.59749e+11 2.9234e-06 9.43546e-09 0.999997 2.78841e-07
3.63078e+11 6.3407e-06 8.43585e-09 0.999993 2.79572e-07
3.66438e+11 1.52378e-05 8.04097e-09 0.999984 2.76605e-07
3.69828e+11 2.27998e-05 8.36655e-09 0.999977 2.68747e-07
3.7325e+11 2.34019e-05 8.98028e-09 0.999976 2.58619e-07
3.76704e+11 1.6782e-05 9.25937e-09 0.999983 2.50483e-07
3.80189e+11 8.01101e-06 8.85922e-09 0.999992 2.47027e-07
3.83707e+11 3.59527e-06 7.94367e-09 0.999996 2.47524e-07
3.87258e+11 6.78378e-06 7.03611e-09 0.999993 2.48541e-07
3.90841e+11 1.54306e-05 6.63203e-09 0.999984 2.46479e-07
3.94457e+11 2.36957e-05 6.86198e-09 0.999976 2.40033e-07
3.98107e+11 2.6145e-05 7.42747e-09 0.999974 2.30936e-07
4.01791e+11 2.13392e-05 7.82593e-09 0.999978 2.2264e-07
4.05509e+11 1.26054e-05 7.69003e-09 0.999987 2.17979e-07
4.09261e+11 5.70506e-06 7.0131e-09 0.999994 2.17411e-07
4.13048e+11 5.10642e-06 6.12969e-09 0.999995 2.18862e-07
4.16869e+11 1.12764e-05 5.48727e-09 0.999988 2.19149e-07
4.20727e+11 2.05662e-05 5.36807e-09 0.999979 2.15959e-07
4.2462e+11 2.75615e-05 5.73207e-09 0.999972 2.09167e-07
4.28549e+11 2.83304e-05 6.26152e-09 0.999971 2.00779e-07
4.32514e+11 2.2623e-05 6.56155e-09 0.999977 1.93663e-07
4.36516e+11 1.38569e-05 6.38787e-09 0.999986 1.89891e-07
4.40555e+11 7.06353e-06 5.77218e-09 0.999993 1.8964e-07
4.44631e+11 6.07526e-06 4.98669e-09 0.999994 1.9121e-07
4.48745e+11 1.15243e-05 4.38255e-09 0.999988 1.92038e-07
4.52898e+11 2.06466e-05 4.20007e-09 0.999979 1.90079e-07
4.57088e+11 2.88557e-05 4.452e-09 0.999971 1.84828e-07
4.61318e+11 3.21473e-05 4.93209e-09 0.999968 1.77484e-07
4.65586e+11 2.90696e-05 5.33245e-09 0.999971 1.70249e-07
4.69894e+11 2.13237e-05 5.40099e-09 0.999979 1.6521e-07
4.74242e+11 1.28097e-05 5.059e-09 0.999987 1.63344e-07
4.7863e+11 7.69237e-06 4.42672e-09 0.999992 1.64128e-07
4.83059e+11 8.45983e-06 3.75422e-09 0.999991 1.65869e-07
4.87528e+11 1.48652e-05 3.29867e-09 0.999985 1.66537e-07
4.9204e+11 2.4156e-05 3.20862e-09 0.999976 1.64679e-07
4.96592e+11 3.23902e-05 3.46581e-09 0.999967 1.60022e-07
5.01187e+11 3.6186e-05 3.90428e-09 0.999964 1.53514e-07
5.05825e+11 3.4126e-05 4.2907e-09 0.999966 1.46857e-07
5.10505e+11 2.72593e-05 4.42632e-09 0.999973 1.41757e-07
5.15229e+11 1.8565e-05 4.22603e-09 0.999981 1.3924e-07
5.19996e+11 1.16753e-05 3.74508e-09 0.999988 1.39281e-07
5.24807e+11 9.42023e-06 3.14771e-09 0.99999 1.40878e-07
5.29663e+11 1.2773e-05 2.63601e-09 0.999987 1.42496e-07
5.34564e+11 2.05642e-05 2.37021e-09 0.999979 1.42671e-07
5.39511e+11 3.00127e-05 2.41133e-09 0.99997 1.40546e-07
5.44503e+11 3.78115e-05 2.7054e-09 0.999962 1.36146e-07
5.49541e+11 4.13353e-05 3.1107e-09 0.999959 1.30309e-07
5.54626e+11 3.95315e-05 3.45398e-09 0.99996 1.2435e-07
5.59758e+11 3.3212e-05 3.59315e-09 0.999967 1.19579e-07
5.64937e+11 2.46931e-05 3.46387e-09 0.999975 1.16866e-07
5.70164e+11 1.69577e-05 3.09605e-09 0.999983 1.16374e-07
5.7544e+11 1.26519e-05 2.59758e-09 0.999987 1.17558e-07
5.80764e+11 1.3254e-05 2.11405e-09 0.999987 1.19376e-07
5.86138e+11 1.86645e-05 1.77967e-09 0.999981 1.20646e-07
5.91562e+11 2.73093e-05 1.67594e-09 0.999973 1.20415e-07
5.97035e+11 3.6685e-05 1.80999e-09 0.999963 1.1823e-07
6.0256e+11 4.4145e-05 2.11742e-09 0.999956 1.14239e-07
6.08135e+11 4.76775e-05 2.48614e-09 0.999952 1.09112e-07
6.13762e+11 4.64501e-05 2.79233e-09 0.999953 1.03817e-07
6.19441e+11 4.09882e-05 2.93668e-09 0.999959 9.93318e-08
6.25173e+11 3.2965e-05 2.87076e-09 0.999967 9.63775e-08
6.30957e+11 2.46955e-05 2.60709e-09 0.999975 9.5242e-08
6.36796e+11 1.84917e-05 2.21166e-09 0.999981 9.5731e-08
6.42688e+11 1.60611e-05 1.78283e-09 0.999984 9.72497e-08
6.48634e+11 1.81007e-05 1.4234e-09 0.999982 9.89779e-08
6.54636e+11 2.41705e-05 1.21383e-09 0.999976 1.00089e-07
6.60693e+11 3.28579e-05 1.19334e-09 0.999967 9.99487e-08
6.66807e+11 4.2165e-05 1.35286e-09 0.999958 9.8258e-08
6.72977e+11 5.00103e-05 1.64031e-09 0.99995 9.50974e-08
6.79204e+11 5.4716e-05 1.97591e-09 0.999945 9.08851e-08
6.85488e+11 5.53702e-05 2.27267e-09 0.999945 8.62607e-08
6.91831e+11 5.19919e-05 2.45694e-09 0.999948 8.19283e-08
6.98232e+11 4.54811e-05 2.48423e-09 0.999954 7.85e-08
7.04693e+11 3.73801e-05 2.34728e-09 0.999963 7.63715e-08
7.11214e+11 2.95162e-05 2.07526e-09 0.99997 7.56535e-08
7.17794e+11 2.36083e-05 1.72518e-09 0.999976 7.61687e-08
7.24436e+11 2.09238e-05 1.36814e-09 0.999979 7.75058e-08
7.31139e+11 2.20485e-05 1.07374e-09 0.999978 7.91173e-08
7.37904e+11 2.68072e-05 8.96051e-10 0.999973 8.04335e-08
7.44732e+11 3.43367e-05 8.63769e-10 0.999966 8.09729e-08
7.51623e+11 4.32837e-05 9.76223e-10 0.999957 8.04251e-08
7.58578e+11 5.20799e-05 1.2053e-09 0.999948 7.86961e-08
7.65597e+11 5.92376e-05 1.50242e-09 0.999941 7.591e-08
7.72681e+11 6.36094e-05 1.80879e-09 0.999936 7.23719e-08
7.7983e+11 6.45702e-05 2.06666e-09 0.999935 6.85032e-08
7.87046e+11 6.20965e-05 2.22954e-09 0.999938 6.47618e-08
7.94328e+11 5.67381e-05 2.26962e-09 0.999943 6.15638e-08
8.01678e+11 4.94967e-05 2.18136e-09 0.99995 5.92185e-08
8.09096e+11 4.16403e-05 1.9811e-09 0.999958 5.78868e-08
8.16582e+11 3.44877e-05 1.70303e-09 0.999965 5.75663e-08
8.24138e+11 2.92008e-05 1.39254e-09 0.999971 5.81032e-08
8.31764e+11 2.66166e-05 1.09837e-09 0.999973 5.92265e-08
8.3946e+11 2.71392e-05 8.6482e-10 0.999973 6.05958e-08
8.47227e+11 3.07048e-05 7.25252e-10 0.999969 6.18564e-08
8.55067e+11 3.68166e-05 6.97748e-10 0.999963 6.26901e-08
8.62979e+11 4.46388e-05 7.83382e-10 0.999955 6.28569e-08
8.70964e+11 5.31312e-05 9.67076e-10 0.999947 6.22226e-08
8.79023e+11 6.12018e-05 1.22069e-09 0.999939 6.07685e-08
8.87156e+11 6.78549e-05 1.50771e-09 0.999932 5.85855e-08
8.95365e+11 7.23158e-05 1.78868e-09 0.999928 5.58545e-08
9.03649e+11 7.41173e-05 2.02663e-09 0.999926 5.28165e-08
9.12011e+11 7.31409e-05 2.19173e-09 0.999927 4.97385e-08
9.2045e+11 6.96114e-05 2.26471e-09 0.99993 4.68786e-08
9.28966e+11 6.40497e-05 2.23858e-09 0.999936 4.44562e-08
9.37562e+11 5.71942e-05 2.11878e-09 0.999943 4.2629e-08
9.46237e+11 4.9902e-05 1.92177e-09 0.99995 4.14794e-08
9.54993e+11 4.30443e-05 1.67238e-09 0.999957 4.10112e-08
9.63829e+11 3.74079e-05 1.40049e-09 0.999963 4.11547e-08
9.72747e+11 3.36142e-05 1.13728e-09 0.999966 4.17805e-08
9.81748e+11 3.20614e-05 9.11705e-10 0.999968 4.2717e-08
9.90832e+11 3.28965e-05 7.47462e-10 0.999967 4.37725e-08
1e+12 3.60142e-05 6.60789e-10 0.999964 4.47555e-08
1.00925e+12 4.10835e-05 6.59215e-10 0.999959 4.54946e-08
1.01859e+12 4.75935e-05 7.41318e-10 0.999952 4.58534e-08
1.02802e+12 5.49147e-05 8.97427e-10 0.999945 4.5741e-08
1.03753e+12 6.23663e-05 1.11107e-09 0.999938 4.51172e-08
1.04713e+12 6.92835e-05 1.36101e-09 0.999931 4.39922e-08
1.05682e+12 7.50774e-05 1.62352e-09 0.999925 4.24215e-08
1.0666e+12 7.92842e-05 1.87476e-09 0.999921 4.04975e-08
1.07647e+12 8.15981e-05 2.09294e-09 0.999918 3.83383e-08
1.08643e+12 8.18884e-05 2.26013e-09 0.999918 3.60755e-08
1.09648e+12 8.01996e-05 2.36359e-09 0.99992 3.38421e-08
1.10662e+12 7.67369e-05 2.39652e-09 0.999923 3.17611e-08
1.11686e+12 7.18391e-05 2.35824e-09 0.999928 2.99366e-08
1.1272e+12 6.5943e-05 2.25387e-09 0.999934 2.84466e-08
1.13763e+12 5.95426e-05 2.09353e-09 0.99994 2.73393e-08
1.14815e+12 5.31471e-05 1.89122e-09 0.999947 2.6632e-08
1.15878e+12 4.72416e-05 1.66347e-09 0.999953 2.63118e-08
1.1695e+12 4.2252e-05 1.42794e-09 0.999958 2.63394e-08
1.18032e+12 3.85178e-05 1.20202e-09 0.999961 2.66541e-08
1.19124e+12 3.62735e-05 1.00157e-09 0.999964 2.71797e-08
1.20226e+12 3.56386e-05 8.39908e-10 0.999964 2.78315e-08
1.21339e+12 3.66169e-05 7.27038e-10 0.999963 2.85222e-08
1.22462e+12 3.9104e-05 6.69184e-10 0.999961 2.91687e-08
1.23595e+12 4.2901e-05 6.68626e-10 0.999957 2.96965e-08
1.24738e+12 4.77337e-05 7.23815e-10 0.999952 3.00444e-08
1.25893e+12 5.32754e-05 8.2974e-10 0.999947 3.01671e-08
1.27057e+12 5.91704e-05 9.78478e-10 0.999941 3.00364e-08
1.28233e+12 6.50582e-05 1.15988e-09 0.999935 2.96417e-08
1.2942e+12 7.05954e-05 1.36236e-09 0.999929 2.89891e-08
1.30617e+12 7.54746e-05 1.57366e-09 0.999924 2.80998e-08
1.31826e+12 7.94406e-05 1.78164e-09 0.999921 2.70071e-08
1.33045e+12 8.23005e-05 1.97494e-09 0.999918 2.57538e-08
1.34276e+12 8.39311e-05 2.1436e-09 0.999916 2.43891e-08
1.35519e+12 8.42804e-05 2.27947e-09 0.999916 2.2965e-08
1.36773e+12 8.33656e-05 2.37654e-09 0.999917 2.15334e-08
1.38038e+12 8.1268e-05 2.4311e-09 0.999919 2.01435e-08
1.39316e+12 7.81237e-05 2.44178e-09 0.999922 1.88394e-08
1.40605e+12 7.41134e-05 2.40944e-09 0.999926 1.76582e-08
1.41906e+12 6.94504e-05 2.33696e-09 0.999931 1.66289e-08
1.43219e+12 6.43674e-05 2.22895e-09 0.999936 1.57716e-08
1.44544e+12 5.91048e-05 2.09143e-09 0.999941 1.50973e-08
1.45881e+12 5.38982e-05 1.9314e-09 0.999946 1.46083e-08
1.47231e+12 4.89681e-05 1.75649e-09 0.999951 1.42988e-08
1.48594e+12 4.45112e-05 1.5745e-09 0.999955 1.41559e-08
1.49968e+12 4.06929e-05 1.39313e-09 0.999959 1.41605e-08
1.51356e+12 3.76428e-05 1.21959e-09 0.999962 1.42894e-08
1.52757e+12 3.54512e-05 1.06032e-09 0.999965 1.45158e-08
1.5417e+12 3.41686e-05 9.20842e-10 0.999966 1.48114e-08
1.55597e+12 3.3806e-05 8.05532e-10 0.999966 1.51474e-08
1.57036e+12 3.43376e-05 7.1758e-10 0.999966 1.54958e-08
1.58489e+12 3.57041e-05 6.58929e-10 0.999964 1.58305e-08
1.59956e+12 3.78179e-05 6.30308e-10 0.999962 1.61278e-08
1.61436e+12 4.05679e-05 6.31296e-10 0.999959 1.63678e-08
1.6293e+12 4.38259e-05 6.60422e-10 0.999956 1.65339e-08
1.64437e+12 4.74523e-05 7.15308e-10 0.999953 1.66141e-08
1.65959e+12 5.13017e-05 7.92823e-10 0.999949 1.66e-08
1.67494e+12 5.5229e-05 8.89248e-10 0.999945 1.64876e-08
1.69044e+12 5.9094e-05 1.00046e-09 0.999941 1.62765e-08
1.70608e+12 6.27661e-05 1.12211e-09 0.999937 1.59701e-08
1.72187e+12 6.61277e-05 1.24975e-09 0.999934 1.55744e-08
1.7378e+12 6.90775e-05 1.37904e-09 0.999931 1.50984e-08
1.75388e+12 7.1532e-05 1.50585e-09 0.999928 1.45526e-08
1.77011e+12 7.34275e-05 1.62635e-09 0.999927 1.39496e-08
1.78649e+12 7.47201e-05 1.73717e-09 0.999925 1.33024e-08
1.80302e+12 7.53859e-05 1.8354e-09 0.999925 1.26249e-08
1.8197e+12 7.542e-05 1.91867e-09 0.999925 1.19307e-08
1.83654e+12 7.48355e-05 1.98518e-09 0.999925 1.1233e-08
1.85353e+12 7.36616e-05 2.03369e-09 0.999926 1.05445e-08
1.87068e+12 7.19417e-05 2.06351e-09 0.999928 9.87649e-09
1.88799e+12 6.9731e-05 2.0745e-09 0.99993 9.23914e-09
1.90546e+12 6.70942e-05 2.06699e-09 0.999933 8.64113e-09
1.92309e+12 6.41033e-05 2.04175e-09 0.999936 8.08959e-09
1.94089e+12 6.08346e-05 1.99996e-09 0.999939 7.59002e-09
1.95884e+12 5.73671e-05 1.9431e-09 0.999943 7.14632e-09
1.97697e+12 5.37798e-05 1.8729e-09 0.999946 6.76081e-09
1.99526e+12 5.015e-05 1.79131e-09 0.99995 6.43437e-09
2.01372e+12 4.65513e-05 1.70039e-09 0.999953 6.16647e-09
2.03236e+12 4.30526e-05 1.60228e-09 0.999957 5.95541e-09
2.05116e+12 3.97163e-05 1.49913e-09 0.99996 5.79839e-09
2.07014e+12 3.65977e-05 1.39304e-09 0.999963 5.69172e-09
2.0893e+12 3.37442e-05 1.28605e-09 0.999966 5.63096e-09
2.10863e+12 3.11949e-05 1.18007e-09 0.999969 5.61114e-09
2.12814e+12 2.89802e-05 1.07686e-09 0.999971 5.62687e-09
2.14783e+12 2.71221e-05 9.78007e-10 0.999973 5.67252e-09
2.1677e+12 2.56341e-05 8.84894e-10 0.999974 5.74238e-09
2.18776e+12 2.45219e-05 7.98702e-10 0.999975 5.83074e-09
2.208e+12 2.37836e-05 7.20401e-10 0.999976 5.93209e-09
2.22844e+12 2.34104e-05 6.50747e-10 0.999977 6.04113e-09
2.24905e+12 2.33874e-05 5.90283e-10 0.999977 6.1529e-09
2.26986e+12 2.36943e-05 5.39352e-10 0.999976 6.26284e-09
2.29087e+12 2.43061e-05 4.98106e-10 0.999976 6.36686e-09
2.31206e+12 2.51942e-05 4.66514e-10 0.999975 6.46133e-09
2.33346e+12 2.6327e-05 4.44391e-10 0.999974 6.54315e-09
2.35505e+12 2.76705e-05 4.31403e-10 0.999972 6.60971e-09
2.37684e+12 2.91897e-05 4.27091e-10 0.999971 6.65894e-09
2.39883e+12 3.08485e-05 4.30892e-10 0.999969 6.68926e-09
2.42103e+12 3.26112e-05 4.42152e-10 0.999967 6.69957e-09
2.44343e+12 3.44423e-05 4.60151e-10 0.999966 6.68924e-09
2.46604e+12 3.63077e-05 4.8412e-10 0.999964 6.65802e-09
2.48886e+12 3.81747e-05 5.13252e-10 0.999962 6.6061e-09
2.51189e+12 4.00126e-05 5.46727e-10 0.99996 6.53395e-09
2.53513e+12 4.17932e-05 5.8372e-10 0.999958 6.44241e-09
2.55859e+12 4.34906e-05 6.23413e-10 0.999957 6.33251e-09
2.58226e+12 4.50817e-05 6.65016e-10 0.999955 6.20554e-09
2.60615e+12 4.65464e-05 7.07766e-10 0.999953 6.06296e-09
2.63027e+12 4.78672e-05 7.50942e-10 0.999952 5.90634e-09
2.65461e+12 4.903e-05 7.93873e-10 0.999951 5.73737e-09
2.67917e+12 5.00233e-05 8.35938e-10 0.99995 5.55779e-09
2.70396e+12 5.08385e-05 8.76571e-10 0.999949 5.36938e-09
2.72898e+12 5.14698e-05 9.15266e-10 0.999949 5.1739e-09
2.75423e+12 5.1914e-05 9.51583e-10 0.999948 4.97311e-09
2.77971e+12 5.21702e-05 9.85141e-10 0.999948 4.7687e-09
2.80543e+12 5.224e-05 1.01562e-09 0.999948 4.56231e-09
2.83139e+12 5.21268e-05 1.04276e-09 0.999948 4.35547e-09
2.85759e+12 5.1836e-05 1.06636e-09 0.999948 4.14964e-09
2.88403e+12 5.13747e-05 1.08626e-09 0.999949 3.94616e-09
2.91072e+12 5.07513e-05 1.10239e-09 0.999949 3.74626e-09
2.93765e+12 4.99755e-05 1.1147e-09 0.99995 3.55104e-09
2.96483e+12 4.90579e-05 1.12317e-09 0.999951 3.36148e-09
2.99226e+12 4.801e-05 1.12786e-09 0.999952 3.17845e-09
3.01995e+12 4.6844e-05 1.12884e-09 0.999953 3.00268e-09
3.04789e+12 4.55724e-05 1.12622e-09 0.999954 2.83478e-09
3.0761e+12 4.4208e-05 1.12015e-09 0.999956 2.67525e-09
3.10456e+12 4.27637e-05 1.11078e-09 0.999957 2.52448e-09
3.13329e+12 4.12525e-05 1.0983e-09 0.999959 2.38275e-09
3.16228e+12 3.9687e-05 1.0829e-09 0.99996 2.25024e-09
3.19154e+12 3.80798e-05 1.06482e-09 0.999962 2.12704e-09
3.22107e+12 3.64428e-05 1.04426e-09 0.999964 2.01315e-09
3.25087e+12 3.47877e-05 1.02146e-09 0.999965 1.9085e-09
3.28095e+12 3.31255e-05 9.96658e-10 0.999967 1.81296e-09
3.31131e+12 3.14667e-05 9.70081e-10 0.999969 1.7263e-09
3.34195e+12 2.98212e-05 9.41965e-10 0.99997 1.64829e-09
3.37287e+12 2.8198e-05 9.12541e-10 0.999972 1.57861e-09
3.40408e+12 2.66056e-05 8.82035e-10 0.999973 1.51691e-09
3.43558e+12 2.50515e-05 8.50663e-10 0.999975 1.46284e-09
3.46737e+12 2.35428e-05 8.18637e-10 0.999976 1.41597e-09
3.49945e+12 2.20856e-05 7.86154e-10 0.999978 1.3759e-09
3.53183e+12 2.06853e-05 7.53406e-10 0.999979 1.34218e-09
3.56451e+12 1.93467e-05 7.2057e-10 0.999981 1.31436e-09
3.59749e+12 1.80738e-05 6.87815e-10 0.999982 1.29201e-09
3.63078e+12 1.68698e-05 6.55293e-10 0.999983 1.27468e-09
3.66438e+12 1.57376e-05 6.23146e-10 0.999984 1.2619e-09
3.69828e+12 1.4679e-05 5.91503e-10 0.999985 1.25325e-09
3.7325e+12 1.36957e-05 5.60487e-10 0.999986 1.2483e-09
3.76704e+12 1.27884e-05 5.30198e-10 0.999987 1.24662e-09
3.80189e+12 1.19576e-05 5.0073e-10 0.999988 1.24782e-09
3.83707e+12 1.12031e-05 4.72164e-10 0.999989 1.25152e-09
3.87258e+12 1.05245e-05 4.4457e-10 0.999989 1.25734e-09
3.90841e+12 9.92071e-06 4.18009e-10 0.99999 1.26494e-09
3.94457e+12 9.39053e-06 3.92529e-10 0.999991 1.27398e-09
3.98107e+12 8.93227e-06 3.68166e-10 0.999991 1.28416e-09
4.01791e+12 8.54401e-06 3.44955e-10 0.999991 1.29519e-09
4.05509e+12 8.22355e-06 3.22915e-10 0.999992 1.30681e-09
4.09261e+12 7.96849e-06 3.02061e-10 0.999992 1.31877e-09
4.13048e+12 7.77622e-06 2.82396e-10 0.999992 1.33084e-09
4.16869e+12 7.64398e-06 2.63921e-10 0.999992 1.34283e-09
4.20727e+12 7.56889e-06 2.46629e-10 0.999992 1.35453e-09
4.2462e+12 7.54796e-06 2.30504e-10 0.999992 1.3658e-09
4.28549e+12 7.5781e-06 2.15534e-10 0.999992 1.37647e-09
4.32514e+12 7.65622e-06 2.01692e-10 0.999992 1.38643e-09
4.36516e+12 7.77915e-06 1.88954e-10 0.999992 1.39555e-09
4.40555e+12 7.94373e-06 1.77288e-10 0.999992 1.40375e-09
4.44631e+12 8.14683e-06 1.66663e-10 0.999992 1.41094e-09
4.48745e+12 8.38531e-06 1.57044e-10 0.999992 1.41705e-09
4.52898e+12 8.65609e-06 1.48393e-10 0.999991 1.42203e-09
4.57088e+12 8.95615e-06 1.4067e-10 0.999991 1.42583e-09
4.61318e+12 9.28251e-06 1.33835e-10 0.999991 1.42843e-09
4.65586e+12 9.63229e-06 1.27846e-10 0.99999 1.4298e-09
4.69894e+12 1.00027e-05 1.22663e-10 0.99999 1.42994e-09
4.74242e+12 1.0391e-05 1.18241e-10 0.99999 1.42885e-09
4.7863e+12 1.07946e-05 1.14537e-10 0.999989 1.42652e-09
4.83059e+12 1.12111e-05 1.11508e-10 0.999989 1.42298e-09
4.87528e+12 1.16379e-05 1.09117e-10 0.999988 1.41824e-09
4.9204e+12 1.20729e-05 1.07317e-10 0.999988 1.41233e-09
4.96592e+12 1.25138e-05 1.06066e-10 0.999987 1.40528e-09
5.01187e+12 1.29586e-05 1.05327e-10 0.999987 1.39713e-09
5.05825e+12 1.34054e-05 1.05059e-10 0.999987 1.3879e-09
5.10505e+12 1.38524e-05 1.05225e-10 0.999986 1.37766e-09
5.15229e+12 1.42978e-05 1.05787e-10 0.999986 1.36643e-09
5.19996e+12 1.474e-05 1.06709e-10 0.999985 1.35427e-09
5.24807e+12 1.51776e-05 1.07957e-10 0.999985 1.34122e-09
5.29663e+12 1.56093e-05 1.09499e-10 0.999984 1.32733e-09
5.34564e+12 1.60337e-05 1.11303e-10 0.999984 1.31266e-09
5.39511e+12 1.64497e-05 1.13336e-10 0.999984 1.29725e-09
5.44503e+12 1.68562e-05 1.15572e-10 0.999983 1.28116e-09
5.49541e+12 1.72523e-05 1.17981e-10 0.999983 1.26444e-09
5.54626e+12 1.76371e-05 1.20538e-10 0.999982 1.24714e-09
5.59758e+12 1.80099e-05 1.23222e-10 0.999982 1.22929e-09
5.64937e+12 1.837e-05 1.26007e-10 0.999982 1.21097e-09
5.70164e+12 1.87168e-05 1.2887e-10 0.999981 1.1922e-09
5.7544e+12 1.90497e-05 1.31794e-10 0.999981 1.17305e-09
5.80764e+12 1.93683e-05 1.34759e-10 0.999981 1.15356e-09
5.86138e+12 1.96723e-05 1.37747e-10 0.99998 1.13377e-09
5.91562e+12 1.99613e-05 1.4074e-10 0.99998 1.11372e-09
5.97035e+12 2.02352e-05 1.43724e-10 0.99998 1.09346e-09
6.0256e+12 2.04936e-05 1.46687e-10 0.99998 1.07302e-09
6.08135e+12 2.07365e-05 1.49616e-10 0.999979 1.05244e-09
6.13762e+12 2.09639e-05 1.52496e-10 0.999979 1.03177e-09
6.19441e+12 2.11756e-05 1.5532e-10 0.999979 1.01103e-09
6.25173e+12 2.13718e-05 1.58079e-10 0.999979 9.90258e-10
6.30957e+12 2.15525e-05 1.60761e-10 0.999978 9.69486e-10
6.36796e+12 2.17177e-05 1.6336e-10 0.999978 9.48746e-10
6.42688e+12 2.18677e-05 1.6587e-10 0.999978 9.2806e-10
6.48634e+12 2.20026e-05 1.68283e-10 0.999978 9.07458e-10
6.54636e+12 2.21226e-05 1.70594e-10 0.999978 8.86964e-10
6.60693e+12 2.22278e-05 1.72801e-10 0.999978 8.66601e-10
6.66807e+12 2.23187e-05 1.749e-10 0.999978 8.4639e-10
6.72977e+12 2.23954e-05 1.76886e-10 0.999978 8.2635e-10
6.79204e+12 2.24582e-05 1.78756e-10 0.999978 8.06502e-10
6.85488e+12 2.25075e-05 1.80509e-10 0.999977 7.86861e-10
6.91831e+12 2.25436e-05 1.82144e-10 0.999977 7.67443e-10
6.98232e+12 2.25668e-05 1.83658e-10 0.999977 7.48265e-10
7.04693e+12 2.25774e-05 1.85053e-10 0.999977 7.29336e-10
7.11214e+12 2.25758e-05 1.86328e-10 0.999977 7.10668e-10
7.17794e+12 2.25625e-05 1.87485e-10 0.999977 6.92274e-10
7.24436e+12 2.25376e-05 1.88521e-10 0.999977 6.74162e-10
7.31139e+12 2.25017e-05 1.89439e-10 0.999977 6.56339e-10
7.37904e+12 2.24551e-05 1.90239e-10 0.999978 6.38814e-10
7.44732e+12 2.23982e-05 1.90921e-10 0.999978 6.21595e-10
7.51623e+12 2.23314e-05 1.91493e-10 0.999978 6.04684e-10
7.58578e+12 2.2255e-05 1.91953e-10 0.999978 5.88086e-10
7.65597e+12 2.21695e-05 1.92301e-10 0.999978 5.71806e-10
7.72681e+12 2.20751e-05 1.92542e-10 0.999978 5.55845e-10
7.7983e+12 2.19724e-05 1.92679e-10 0.999978 5.40209e-10
7.87046e+12 2.18616e-05 1.92712e-10 0.999978 5.24897e-10
7.94328e+12 2.17431e-05 1.92647e-10 0.999978 5.09906e-10
8.01678e+12 2.16174e-05 1.92484e-10 0.999978 4.95243e-10
8.09096e+12 2.14846e-05 1.92227e-10 0.999979 4.80905e-10
8.16582e+12 2.13453e-05 1.91878e-10 0.999979 4.6689e-10
8.24138e+12 2.11998e-05 1.9144e-10 0.999979 4.53197e-10
8.31764e+12 2.10483e-05 1.9092e-10 0.999979 4.39825e-10
8.3946e+12 2.08912e-05 1.90317e-10 0.999979 4.26771e-10
8.47227e+12 2.07289e-05 1.89632e-10 0.999979 4.14032e-10
8.55067e+12 2.05617e-05 1.88872e-10 0.999979 4.01609e-10
8.62979e+12 2.03898e-05 1.88041e-10 0.99998 3.89493e-10
8.70964e+12 2.02137e-05 1.87139e-10 0.99998 3.77683e-10
8.79023e+12 2.00334e-05 1.86169e-10 0.99998 3.66176e-10
8.87156e+12 1.98495e-05 1.85137e-10 0.99998 3.54967e-10
8.95365e+12 1.9662e-05 1.84042e-10 0.99998 3.44054e-10
9.03649e+12 1.94714e-05 1.8289e-10 0.999981 3.3343e-10
9.12011e+12 1.92778e-05 1.81684e-10 0.999981 3.23091e-10
9.2045e+12 1.90816e-05 1.80425e-10 0.999981 3.13032e-10
9.28966e+12 1.88829e-05 1.79117e-10 0.999981 3.03248e-10
9.37562e+12 1.8682e-05 1.77761e-10 0.999981 2.93736e-10
9.46237e+12 1.84791e-05 1.76363e-10 0.999982 2.84489e-10
9.54993e+12 1.82744e-05 1.74923e-10 0.999982 2.75502e-10
9.63829e+12 1.80683e-05 1.73445e-10 0.999982 2.66771e-10
9.72747e+12 1.78607e-05 1.7193e-10 0.999982 2.58289e-10
9.81748e+12 1.76521e-05 1.70383e-10 0.999982 2.50052e-10
9.90832e+12 1.74424e-05 1.68802e-10 0.999983 2.42058e-10
1e+13 1.7232e-05 1.67195e-10 0.999983 2.34294e-10
1.00925e+13 1.7021e-05 1.65559e-10 0.999983 2.2676e-10
1.01859e+13 1.68095e-05 1.639e-10 0.999983 2.1945e-10
1.02802e+13 1.65978e-05 1.62217e-10 0.999983 2.12359e-10
1.03753e+13 1.63859e-05 1.60513e-10 0.999984 2.05482e-10
1.04713e+13 1.61741e-05 1.58794e-10 0.999984 1.9881e-10
1.05682e+13 1.59624e-05 1.57057e-10 0.999984 1.92345e-10
1.0666e+13 1.57509e-05 1.55306e-10 0.999984 1.86078e-10
1.07647e+13 1.55399e-05 1.53542e-10 0.999984 1.8e-10
1.08643e+13 1.53295e-05 1.51766e-10 0.999985 1.74113e-10
1.09648e+13 1.51197e-05 1.49982e-10 0.999985 1.68409e-10
1.10662e+13 1.49106e-05 1.4819e-10 0.999985 1.62883e-10
1.11686e+13 1.47024e-05 1.4639e-10 0.999985 1.5753e-10
1.1272e+13 1.44951e-05 1.44587e-10 0.999986 1.52347e-10
1.13763e+13 1.42889e-05 1.42781e-10 0.999986 1.47326e-10
1.14815e+13 1.40838e-05 1.40971e-10 0.999986 1.42464e-10
1.15878e+13 1.38799e-05 1.39162e-10 0.999986 1.37759e-10
1.1695e+13 1.36773e-05 1.37353e-10 0.999986 1.33204e-10
1.18032e+13 1.34761e-05 1.35545e-10 0.999987 1.28796e-10
1.19124e+13 1.32763e-05 1.33739e-10 0.999987 1.24529e-10
1.20226e+13 1.3078e-05 1.31938e-10 0.999987 1.20402e-10
1.21339e+13 1.28812e-05 1.30142e-10 0.999987 1.16408e-10
1.22462e+13 1.2686e-05 1.2835e-10 0.999987 1.12546e-10
1.23595e+13 1.24925e-05 1.26567e-10 0.999988 1.08807e-10
1.24738e+13 1.23007e-05 1.2479e-10 0.999988 1.05193e-10
1.25893e+13 1.21106e-05 1.23024e-10 0.999988 1.01696e-10
1.27057e+13 1.19223e-05 1.21265e-10 0.999988 9.83145e-11
1.28233e+13 1.17359e-05 1.19516e-10 0.999988 9.50434e-11
1.2942e+13 1.15513e-05 1.17778e-10 0.999988 9.18849e-11
1.30617e+13 1.13685e-05 1.16052e-10 0.999989 8.8829e-11
1.31826e+13 1.11877e-05 1.14336e-10 0.999989 8.58738e-11
1.33045e+13 1.10088e-05 1.12632e-10 0.999989 8.30183e-11
1.34276e+13 1.08319e-05 1.10943e-10 0.999989 8.02565e-11
1.35519e+13 1.0657e-05 1.09267e-10 0.999989 7.75885e-11
1.36773e+13 1.04841e-05 1.07604e-10 0.99999 7.50097e-11
1.38038e+13 1.03132e-05 1.05954e-10 0.99999 7.25198e-11
1.39316e+13 1.01443e-05 1.04321e-10 0.99999 7.01109e-11
1.40605e+13 9.97743e-06 1.02702e-10 0.99999 6.77844e-11
1.41906e+13 9.81263e-06 1.01098e-10 0.99999 6.55358e-11
1.43219e+13 9.64988e-06 9.95112e-11 0.99999 6.33648e-11
1.44544e+13 9.48919e-06 9.79401e-11 0.999991 6.1265e-11
1.45881e+13 9.33055e-06 9.63831e-11 0.999991 5.92398e-11
1.47231e+13 9.17398e-06 9.48455e-11 0.999991 5.72807e-11
1.48594e+13 9.01948e-06 9.33237e-11 0.999991 5.53876e-11
1.49968e+13 8.86703e-06 9.18178e-11 0.999991 5.35596e-11
1.51356e+13 8.71665e-06 9.03296e-11 0.999991 5.17942e-11
1.52757e+13 8.56831e-06 8.88575e-11 0.999991 5.00888e-11
1.5417e+13 8.42203e-06 8.74042e-11 0.999992 4.84398e-11
1.55597e+13 8.27779e-06 8.59679e-11 0.999992 4.68496e-11
1.57036e+13 8.13558e-06 8.45459e-11 0.999992 4.53148e-11
1.58489e+13 7.99539e-06 8.31468e-11 0.999992 4.38293e-11
1.59956e+13 7.85723e-06 8.1764e-11 0.999992 4.23958e-11
1.61436e+13 7.72106e-06 8.03981e-11 0.999992 4.10108e-11
1.6293e+13 7.58689e-06 7.90491e-11 0.999992 3.96759e-11
1.64437e+13 7.4547e-06 7.77179e-11 0.999993 3.83839e-11
1.65959e+13 7.32448e-06 7.6404e-11 0.999993 3.71377e-11
1.67494e+13 7.19621e-06 7.51099e-11 0.999993 3.59312e-11
1.69044e+13 7.06988e-06 7.3831e-11 0.999993 3.47683e-11
1.70608e+13 6.94547e-06 7.25701e-11 0.999993 3.36454e-11
1.72187e+13 6.82297e-06 7.13289e-11 0.999993 3.25621e-11
1.7378e+13 6.70236e-06 7.01028e-11 0.999993 3.15128e-11
1.75388e+13 6.58362e-06 6.88943e-11 0.999993 3.05014e-11
1.77011e+13 6.46674e-06 6.77031e-11 0.999994 2.95249e-11
1.78649e+13 6.3517e-06 6.65319e-11 0.999994 2.85806e-11
1.80302e+13 6.23848e-06 6.53745e-11 0.999994 2.76705e-11
1.8197e+13 6.12707e-06 6.42365e-11 0.999994 2.67877e-11
1.83654e+13 6.01743e-06 6.31144e-11 0.999994 2.59382e-11
1.85353e+13 5.90957e-06 6.20082e-11 0.999994 2.51181e-11
1.87068e+13 5.80344e-06 6.09189e-11 0.999994 2.43251e-11
1.88799e+13 5.69904e-06 5.98476e-11 0.999994 2.35577e-11
1.90546e+13 5.59635e-06 5.87913e-11 0.999994 2.28184e-11
1.92309e+13 5.49535e-06 5.77528e-11 0.999995 2.21033e-11
1.94089e+13 5.39601e-06 5.67284e-11 0.999995 2.14142e-11
1.95884e+13 5.29831e-06 5.57215e-11 0.999995 2.07458e-11
1.97697e+13 5.20224e-06 5.47279e-11 0.999995 2.01028e-11
1.99526e+13 5.10778e-06 5.37533e-11 0.999995 1.94803e-11
2.01372e+13 5.0149e-06 5.27926e-11 0.999995 1.88799e-11
2.03236e+13 4.92359e-06 5.18496e-11 0.999995 1.82965e-11
2.05116e+13 4.83382e-06 5.09187e-11 0.999995 1.77369e-11
2.07014e+13 4.74557e-06 5.00052e-11 0.999995 1.71931e-11
2.0893e+13 4.65883e-06 4.91037e-11 0.999995 1.66718e-11
2.10863e+13 4.57356e-06 4.8218e-11 0.999995 1.6165e-11
2.12814e+13 4.48976e-06 4.73495e-11 0.999996 1.5674e-11
2.14783e+13 4.4074e-06 4.6494e-11 0.999996 1.52016e-11
2.1677e+13 4.32647e-06 4.56498e-11 0.999996 1.4747e-11
2.18776e+13 4.24693e-06 4.4821e-11 0.999996 1.43061e-11
2.208e+13 4.16877e-06 4.40072e-11 0.999996 1.38785e-11
2.22844e+13 4.09198e-06 4.32078e-11 0.999996 1.34646e-11
2.24905e+13 4.01652e-06 4.24202e-11 0.999996 1.30662e-11
2.26986e+13 3.94239e-06 4.16466e-11 0.999996 1.26807e-11
2.29087e+13 3.86956e-06 4.08854e-11 0.999996 1.23077e-11
2.31206e+13 3.79801e-06 4.01369e-11 0.999996 1.19478e-11
2.33346e+13 3.72772e-06 3.94031e-11 0.999996 1.15991e-11
2.35505e+13 3.65867e-06 3.86806e-11 0.999996 1.12629e-11
2.37684e+13 3.59085e-06 3.7971e-11 0.999996 1.09359e-11
2.39883e+13 3.52424e-06 3.72733e-11 0.999996 1.06211e-11
2.42103e+13 3.45881e-06 3.65871e-11 0.999997 1.03168e-11
2.44343e+13 3.39454e-06 3.5915e-11 0.999997 1.00209e-11
2.46604e+13 3.33143e-06 3.5252e-11 0.999997 9.73673e-12
2.48886e+13 3.26945e-06 3.46026e-11 0.999997 9.46097e-12
2.51189e+13 3.20858e-06 3.39636e-11 0.999997 9.19335e-12
2.53513e+13 3.1488e-06 3.33354e-11 0.999997 8.93557e-12
2.55859e+13 3.09011e-06 3.27186e-11 0.999997 8.68693e-12
2.58226e+13 3.03247e-06 3.2113e-11 0.999997 8.44318e-12
2.60615e+13 2.97587e-06 3.1519e-11 0.999997 8.20823e-12
2.63027e+13 2.9203e-06 3.09346e-11 0.999997 7.98318e-12
2.65461e+13 2.86574e-06 3.03587e-11 0.999997 7.76416e-12
2.67917e+13 2.81217e-06 2.97961e-11 0.999997 7.55185e-12
2.70396e+13 2.75957e-06 2.92423e-11 0.999997 7.346e-12
2.72898e+13 2.70793e-06 2.86983e-11 0.999997 7.14732e-12
2.75423e+13 2.65724e-06 2.81653e-11 0.999997 6.95216e-12
2.77971e+13 2.60747e-06 2.76405e-11 0.999997 6.7667e-12
2.80543e+13 2.55861e-06 2.71251e-11 0.999997 6.58656e-12
2.83139e+13 2.51065e-06 2.66205e-11 0.999997 6.40968e-12
2.85759e+13 2.46357e-06 2.61226e-11 0.999998 6.24037e-12
2.88403e+13 2.41736e-06 2.56338e-11 0.999998 6.07572e-12
2.91072e+13 2.37199e-06 2.51565e-11 0.999998 5.91432e-12
2.93765e+13 2.32746e-06 2.4685e-11 0.999998 5.76197e-12
2.96483e+13 2.28375e-06 2.42238e-11 0.999998 5.61205e-12
2.99226e+13 2.24085e-06 2.37705e-11 0.999998 5.46792e-12
3.01995e+13 2.19874e-06 2.3328e-11 0.999998 5.32485e-12
3.04789e+13 2.15741e-06 2.2889e-11 0.999998 5.18864e-12
3.0761e+13 2.11684e-06 2.24606e-11 0.999998 5.05687e-12
3.10456e+13 2.07703e-06 2.20403e-11 0.999998 4.92655e-12
3.13329e+13 2.03796e-06 2.16261e-11 0.999998 4.80409e-12
3.16228e+13 1.99961e-06 2.12205e-11 0.999998 4.68302e-12
3.19154e+13 1.96197e-06 2.08231e-11 0.999998 4.56496e-12
3.22107e+13 1.92503e-06 2.0433e-11 0.999998 4.45194e-12
3.25087e+13 1.88879e-06 2.00472e-11 0.999998 4.34179e-12
3.28095e+13 1.85321e-06 1.96714e-11 0.999998 4.23339e-12
3.31131e+13 1.8183e-06 1.93027e-11 0.999998 4.13038e-12
3.34195e+13 1.78404e-06 1.89388e-11 0.999998 4.03051e-12
3.37287e+13 1.75043e-06 1.85837e-11 0.999998 3.93073e-12
3.40408e+13 1.71744e-06 1.82357e-11 0.999998 3.83635e-12
3.43558e+13 1.68506e-06 1.78931e-11 0.999998 3.74328e-12
3.46737e+13 1.65329e-06 1.75551e-11 0.999998 3.65433e-12
3.49945e+13 1.62212e-06 1.72252e-11 0.999998 3.56563e-12
3.53183e+13 1.59153e-06 1.69001e-11 0.999998 3.48248e-12
3.56451e+13 1.56152e-06 1.65833e-11 0.999998 3.39814e-12
3.59749e+13 1.53206e-06 1.62692e-11 0.999998 3.31964e-12
3.63078e+13 1.50316e-06 1.59639e-11 0.999998 3.24155e-12
3.66438e+13 1.47481e-06 1.56634e-11 0.999999 3.16544e-12
3.69828e+13 1.44698e-06 1.53694e-11 0.999999 3.09069e-12
3.7325e+13 1.41968e-06 1.50777e-11 0.999999 3.02063e-12
3.76704e+13 1.39289e-06 1.47945e-11 0.999999 2.95074e-12
3.80189e+13 1.36661e-06 1.45142e-11 0.999999 2.88382e-12
3.83707e+13 1.34082e-06 1.4241e-11 0.999999 2.8179e-12
3.87258e+13 1.31551e-06 1.39729e-11 0.999999 2.75269e-12
3.90841e+13 1.29068e-06 1.37094e-11 0.999999 2.69242e-12
3.94457e+13 1.26632e-06 1.34517e-11 0.999999 2.63113e-12
3.98107e+13 1.24242e-06 1.31969e-11 0.999999 2.57107e-12
4.01791e+13 1.21897e-06 1.29489e-11 0.999999 2.51416e-12
4.05509e+13 1.19597e-06 1.27043e-11 0.999999 2.45802e-12
4.09261e+13 1.17339e-06 1.24652e-11 0.999999 2.40498e-12
4.13048e+13 1.15124e-06 1.22306e-11 0.999999 2.35172e-12
4.16869e+13 1.12951e-06 1.19992e-11 0.999999 2.3008e-12
4.20727e+13 1.1082e-06 1.17734e-11 0.999999 2.24923e-12
4.2462e+13 1.08728e-06 1.15518e-11 0.999999 2.20086e-12
4.28549e+13 1.06676e-06 1.13336e-11 0.999999 2.15386e-12
4.32514e+13 1.04662e-06 1.11183e-11 0.999999 2.10781e-12
4.36516e+13 1.02687e-06 1.09079e-11 0.999999 2.06229e-12
4.40555e+13 1.00749e-06 1.07048e-11 0.999999 2.0169e-12
4.44631e+13 9.88477e-07 1.05e-11 0.999999 1.97543e-12
4.48745e+13 9.69824e-07 1.03023e-11 0.999999 1.93141e-12
4.52898e+13 9.51523e-07 1.011e-11 0.999999 1.89063e-12
4.57088e+13 9.33568e-07 9.91789e-12 0.999999 1.85173e-12
4.61318e+13 9.15954e-07 9.73058e-12 0.999999 1.81297e-12
4.65586e+13 8.98672e-07 9.54768e-12 0.999999 1.77522e-12
4.69894e+13 8.81718e-07 9.36579e-12 0.999999 1.73965e-12
4.74242e+13 8.65085e-07 9.19158e-12 0.999999 1.70026e-12
4.7863e+13 8.48767e-07 9.01688e-12 0.999999 1.66482e-12
4.83059e+13 8.32757e-07 8.84759e-12 0.999999 1.63103e-12
4.87528e+13 8.17051e-07 8.67992e-12 0.999999 1.59735e-12
4.9204e+13 8.01642e-07 8.51642e-12 0.999999 1.56371e-12
4.96592e+13 7.86525e-07 8.35519e-12 0.999999 1.53341e-12
5.01187e+13 7.71695e-07 8.19719e-12 0.999999 1.50052e-12
5.05825e+13 7.57145e-07 8.04287e-12 0.999999 1.47166e-12
5.10505e+13 7.42871e-07 7.89292e-12 0.999999 1.44186e-12
5.15229e+13 7.28868e-07 7.74289e-12 0.999999 1.41288e-12
5.19996e+13 7.15129e-07 7.59667e-12 0.999999 1.38529e-12
5.24807e+13 7.01652e-07 7.45352e-12 0.999999 1.35655e-12
5.29663e+13 6.88429e-07 7.31276e-12 0.999999 1.32999e-12
5.34564e+13 6.75457e-07 7.17423e-12 0.999999 1.30401e-12
5.39511e+13 6.62731e-07 7.03856e-12 0.999999 1.27767e-12
5.44503e+13 6.50246e-07 6.90584e-12 0.999999 1.25358e-12
5.49541e+13 6.37997e-07 6.77691e-12 0.999999 1.22767e-12
5.54626e+13 6.25981e-07 6.64985e-12 0.999999 1.2024e-12
5.59758e+13 6.14192e-07 6.52257e-12 0.999999 1.1821e-12
5.64937e+13 6.02627e-07 6.40132e-12 0.999999 1.15569e-12
5.70164e+13 5.91281e-07 6.28168e-12 0.999999 1.1333e-12
5.7544e+13 5.80149e-07 6.16265e-12 0.999999 1.11146e-12
5.80764e+13 5.69229e-07 6.04447e-12 0.999999 1.09117e-12
5.86138e+13 5.58516e-07 5.93374e-12 0.999999 1.06984e-12
5.91562e+13 5.48005e-07 5.82252e-12 0.999999 1.04836e-12
5.97035e+13 5.37694e-07 5.71208e-12 0.999999 1.02798e-12
6.0256e+13 5.27578e-07 5.60377e-12 0.999999 1.00936e-12
6.08135e+13 5.17654e-07 5.49816e-12 0.999999 9.9e-13
6.13762e+13 5.07917e-07 5.39487e-12 0.999999 9.69447e-13
6.19441e+13 4.98365e-07 5.29249e-12 1 9.51419e-13
6.25173e+13 4.88994e-07 5.19301e-12 1 9.32421e-13
6.30957e+13 4.79801e-07 5.0962e-12 1 9.14296e-13
6.36796e+13 4.70781e-07 5.00137e-12 1 8.99822e-13
6.42688e+13 4.61932e-07 4.90644e-12 1 8.79741e-13
6.48634e+13 4.53251e-07 4.81415e-12 1 8.63518e-13
6.54636e+13 4.44734e-07 4.72272e-12 1 8.49085e-13
6.60693e+13 4.36379e-07 4.63352e-12 1 8.32112e-13
6.66807e+13 4.28181e-07 4.54756e-12 1 8.16486e-13
6.72977e+13 4.20139e-07 4.46138e-12 1 8.0197e-13
6.79204e+13 4.12249e-07 4.37739e-12 1 7.86787e-13
6.85488e+13 4.04508e-07 4.29647e-12 1 7.71716e-13
6.91831e+13 3.96914e-07 4.21572e-12 1 7.56312e-13
6.98232e+13 3.89463e-07 4.13677e-12 1 7.43031e-13
7.04693e+13 3.82153e-07 4.05907e-12 1 7.3011e-13
7.11214e+13 3.74982e-07 3.98107e-12 1 7.15469e-13
7.17794e+13 3.67946e-07 3.90787e-12 1 7.01092e-13
7.24436e+13 3.61043e-07 3.83064e-12 1 6.91072e-13
7.31139e+13 3.54271e-07 3.76131e-12 1 6.75932e-13
7.37904e+13 3.47626e-07 3.68859e-12 1 6.65995e-13
7.44732e+13 3.41108e-07 3.62194e-12 1 6.5048e-13
7.51623e+13 3.34712e-07 3.55438e-12 1 6.39724e-13
7.58578e+13 3.28437e-07 3.48778e-12 1 6.27359e-13
7.65597e+13 3.22281e-07 3.42246e-12 1 6.14994e-13
7.72681e+13 3.16242e-07 3.35758e-12 1 6.04683e-13
7.7983e+13 3.10316e-07 3.29574e-12 1 5.94219e-13
7.87046e+13 3.04502e-07 3.23425e-12 1 5.81327e-13
7.94328e+13 2.98798e-07 3.17128e-12 1 5.73069e-13
8.01678e+13 2.93202e-07 3.11182e-12 1 5.63244e-13
8.09096e+13 2.87711e-07 3.05474e-12 1 5.52974e-13
8.16582e+13 2.82324e-07 2.99713e-12 1 5.42372e-13
8.24138e+13 2.77039e-07 2.94145e-12 1 5.31492e-13
8.31764e+13 2.71853e-07 2.88722e-12 1 5.2211e-13
8.3946e+13 2.66766e-07 2.83078e-12 1 5.12868e-13
8.47227e+13 2.61774e-07 2.77682e-12 1 5.04013e-13
8.55067e+13 2.56876e-07 2.72571e-12 1 4.95645e-13
8.62979e+13 2.52071e-07 2.67569e-12 1 4.86666e-13
8.70964e+13 2.47356e-07 2.62654e-12 1 4.77299e-13
8.79023e+13 2.4273e-07 2.57551e-12 1 4.69319e-13
8.87156e+13 2.38192e-07 2.52777e-12 1 4.61728e-13
8.95365e+13 2.33739e-07 2.48133e-12 1 4.51944e-13
9.03649e+13 2.2937e-07 2.43415e-12 1 4.43506e-13
9.12011e+13 2.25083e-07 2.38744e-12 1 4.35443e-13
9.2045e+13 2.20877e-07 2.34303e-12 1 4.27686e-13
9.28966e+13 2.1675e-07 2.29934e-12 1 4.20927e-13
9.37562e+13 2.12701e-07 2.25638e-12 1 4.12961e-13
9.46237e+13 2.08728e-07 2.21366e-12 1 4.05037e-13
9.54993e+13 2.0483e-07 2.17261e-12 1 3.97168e-13
9.63829e+13 2.01005e-07 2.13153e-12 1 3.91312e-13
9.72747e+13 1.97253e-07 2.0929e-12 1 3.85025e-13
9.81748e+13 1.93571e-07 2.05397e-12 1 3.7563e-13
9.90832e+13 1.89958e-07 2.0165e-12 1 3.70828e-13
1e+14 1.86413e-07 1.97746e-12 1 3.65749e-13
