1e+10 7.50513e-06 7.332e-05 0.998667 0.00125245
1.00925e+10 2.23347e-06 7.19008e-05 0.998696 0.00123002
1.01859e+10 1.05831e-05 7.06296e-05 0.998711 0.00120737
1.02802e+10 3.09415e-06 6.93637e-05 0.998742 0.00118523
1.03753e+10 -1.10382e-08 6.80526e-05 0.998768 0.00116384
1.04713e+10 1.02639e-06 6.6782e-05 0.998789 0.00114275
1.05682e+10 1.1262e-06 6.55566e-05 0.998811 0.00112194
1.0666e+10 1.79514e-08 6.43765e-05 0.998834 0.00110139
1.07647e+10 2.50502e-06 6.32366e-05 0.998853 0.00108112
1.08643e+10 1.01537e-05 6.20621e-05 0.998866 0.0010615
1.09648e+10 3.9866e-06 6.08671e-05 0.998893 0.00104245
1.10662e+10 4.91579e-06 5.98308e-05 0.998912 0.00102305
1.11686e+10 4.54949e-06 5.86552e-05 0.998932 0.00100482
1.1272e+10 9.37221e-06 5.76439e-05 0.998947 0.000986179
1.13763e+10 9.80823e-07 5.65839e-05 0.998974 0.000968229
1.14815e+10 1.14838e-06 5.55006e-05 0.998993 0.000950825
1.15878e+10 4.64349e-06 5.44694e-05 0.999007 0.000933571
1.1695e+10 5.94558e-06 5.34707e-05 0.999024 0.000916562
1.18032e+10 4.52182e-06 5.24897e-05 0.999043 0.000899866
1.19124e+10 1.06772e-06 5.15401e-05 0.999064 0.000883405
1.20226e+10 1.10001e-06 5.064e-05 0.999081 0.000867079
1.21339e+10 9.34462e-06 4.97134e-05 0.99909 0.000851271
1.22462e+10 4.97173e-06 4.87424e-05 0.99911 0.000836066
1.23595e+10 3.82778e-06 4.79181e-05 0.999128 0.000820477
1.24738e+10 5.92604e-06 4.69706e-05 0.999141 0.000805882
1.25893e+10 7.9082e-06 4.61744e-05 0.999155 0.000790864
1.27057e+10 6.72747e-09 4.52983e-05 0.999178 0.000776606
1.28233e+10 4.646e-06 4.44319e-05 0.999188 0.00076264
1.2942e+10 9.50549e-06 4.36311e-05 0.999198 0.000748673
1.30617e+10 1.05709e-05 4.2849e-05 0.999212 0.000734939
1.31826e+10 1.04617e-05 4.20669e-05 0.999226 0.00072153
1.33045e+10 1.0272e-05 4.1284e-05 0.99924 0.000708442
1.34276e+10 7.82954e-06 4.05058e-05 0.999256 0.000695643
1.35519e+10 1.73281e-06 3.97653e-05 0.999276 0.000682956
1.36773e+10 1.8315e-06 3.90836e-05 0.999289 0.000670268
1.38038e+10 1.04544e-05 3.83479e-05 0.999293 0.000658153
1.39316e+10 1.20807e-06 3.76182e-05 0.999315 0.000646297
1.40605e+10 8.83557e-06 3.69712e-05 0.99932 0.000634301
1.41906e+10 5.83571e-07 3.62556e-05 0.99934 0.000622937
1.43219e+10 1.028e-05 3.55972e-05 0.999343 0.000611553
1.44544e+10 4.44758e-06 3.49803e-05 0.99936 0.000600225
1.45881e+10 3.21355e-08 3.4305e-05 0.999376 0.000589463
1.47231e+10 3.58413e-06 3.36508e-05 0.999384 0.000578851
1.48594e+10 7.28583e-06 3.30339e-05 0.999391 0.000568302
1.49968e+10 8.70788e-06 3.24318e-05 0.999401 0.000557928
1.51356e+10 8.21427e-06 3.18345e-05 0.999412 0.000547775
1.52757e+10 5.81422e-06 3.12443e-05 0.999425 0.000537826
1.5417e+10 1.54595e-06 3.06776e-05 0.99944 0.000527994
1.55597e+10 6.29545e-07 3.01471e-05 0.999451 0.000518209
1.57036e+10 8.11834e-06 2.96035e-05 0.999454 0.000508718
1.58489e+10 7.50192e-06 2.9013e-05 0.999464 0.000499693
1.59956e+10 4.52879e-07 2.85143e-05 0.999481 0.000490416
1.61436e+10 1.03693e-05 2.79774e-05 0.99948 0.000481551
1.6293e+10 9.63743e-08 2.74706e-05 0.9995 0.000472745
1.64437e+10 9.30855e-06 2.69461e-05 0.9995 0.000464237
1.65959e+10 4.58942e-06 2.64918e-05 0.999513 0.000455572
1.67494e+10 6.31347e-07 2.59667e-05 0.999526 0.000447473
1.69044e+10 7.75627e-06 2.54802e-05 0.999527 0.000439372
1.70608e+10 1.02553e-05 2.50386e-05 0.999533 0.000431233
1.72187e+10 7.686e-06 2.45954e-05 0.999544 0.000423293
1.7378e+10 5.07667e-06 2.41463e-05 0.999555 0.000415569
1.75388e+10 4.16842e-06 2.3702e-05 0.999564 0.000408004
1.77011e+10 5.0224e-06 2.32668e-05 0.999571 0.000400572
1.78649e+10 7.64117e-06 2.28367e-05 0.999576 0.00039329
1.80302e+10 1.01852e-05 2.24012e-05 0.999581 0.000386209
1.8197e+10 7.9383e-06 2.19646e-05 0.999591 0.000379304
1.83654e+10 9.52844e-07 2.15659e-05 0.999605 0.000372371
1.85353e+10 3.45893e-06 2.12045e-05 0.99961 0.00036541
1.87068e+10 1.00006e-05 2.0787e-05 0.99961 0.000358898
1.88799e+10 2.81887e-07 2.04029e-05 0.999627 0.000352373
1.90546e+10 9.18451e-06 2.00488e-05 0.999625 0.000345849
1.92309e+10 9.55992e-07 1.96533e-05 0.99964 0.00033969
1.94089e+10 1.00086e-05 1.93112e-05 0.999637 0.000333404
1.95884e+10 3.40371e-07 1.8957e-05 0.999653 0.000327329
1.97697e+10 6.41759e-06 1.85798e-05 0.999653 0.000321517
1.99526e+10 9.47342e-06 1.827e-05 0.999657 0.000315498
2.01372e+10 2.39396e-06 1.79399e-05 0.99967 0.000309723
2.03236e+10 1.59816e-07 1.75869e-05 0.999678 0.000304203
2.05116e+10 3.30709e-06 1.72492e-05 0.999681 0.000298737
2.07014e+10 6.71337e-06 1.69312e-05 0.999683 0.000293302
2.0893e+10 8.45119e-06 1.6623e-05 0.999687 0.000287945
2.10863e+10 8.6868e-06 1.63181e-05 0.999692 0.000282698
2.12814e+10 7.87265e-06 1.60148e-05 0.999699 0.000277567
2.14783e+10 5.51777e-06 1.57165e-05 0.999706 0.000272532
2.1677e+10 1.82942e-06 1.54313e-05 0.999715 0.00026755
2.18776e+10 7.55476e-08 1.51648e-05 0.999722 0.000262589
2.208e+10 4.80168e-06 1.49019e-05 0.999723 0.000257725
2.22844e+10 1.02536e-05 1.46092e-05 0.999722 0.000253129
2.24905e+10 3.63867e-06 1.43211e-05 0.999733 0.00024862
2.26986e+10 1.79522e-06 1.4089e-05 0.99974 0.000243931
2.29087e+10 1.01648e-05 1.38132e-05 0.999736 0.000239576
2.31206e+10 2.35865e-07 1.35553e-05 0.999751 0.000235234
2.33346e+10 9.65965e-06 1.33201e-05 0.999746 0.000230878
2.35505e+10 4.60193e-07 1.3058e-05 0.99976 0.000226762
2.37684e+10 1.01451e-05 1.28268e-05 0.999754 0.000222586
2.39883e+10 5.78418e-07 1.25962e-05 0.999768 0.000218506
2.42103e+10 6.4425e-06 1.2339e-05 0.999767 0.000214659
2.44343e+10 8.78448e-06 1.214e-05 0.999768 0.000210607
2.46604e+10 8.92095e-07 1.1914e-05 0.99978 0.000206786
2.48886e+10 2.15778e-06 1.16709e-05 0.999783 0.000203145
2.51189e+10 8.36837e-06 1.14565e-05 0.999781 0.000199444
2.53513e+10 1.01296e-05 1.12612e-05 0.999783 0.000195733
2.55859e+10 7.74661e-06 1.10643e-05 0.999789 0.000192116
2.58226e+10 4.89713e-06 1.08626e-05 0.999796 0.000188608
2.60615e+10 3.13793e-06 1.06609e-05 0.999801 0.000185184
2.63027e+10 2.56644e-06 1.04633e-05 0.999805 0.00018182
2.65461e+10 3.09289e-06 1.02712e-05 0.999808 0.000178507
2.67917e+10 4.74895e-06 1.0083e-05 0.99981 0.000175253
2.70396e+10 7.45546e-06 9.89505e-06 0.999811 0.000172075
2.72898e+10 9.8927e-06 9.7033e-06 0.999811 0.000168992
2.75423e+10 8.75285e-06 9.50972e-06 0.999816 0.000165993
2.77971e+10 2.98884e-06 9.33036e-06 0.999825 0.000162994
2.80543e+10 2.376e-07 9.17594e-06 0.999831 0.000159937
2.83139e+10 7.05248e-06 9.01586e-06 0.999827 0.00015698
2.85759e+10 8.90006e-06 8.82618e-06 0.999828 0.000154245
2.88403e+10 2.72186e-07 8.66759e-06 0.99984 0.000151417
2.91072e+10 7.11965e-06 8.52547e-06 0.999836 0.00014857
2.93765e+10 6.03271e-06 8.34098e-06 0.99984 0.000146008
2.96483e+10 2.16872e-06 8.21205e-06 0.999846 0.000143223
2.99226e+10 8.77629e-06 8.03938e-06 0.999842 0.000140727
3.01995e+10 1.33507e-06 7.90924e-06 0.999853 0.000138072
3.04789e+10 8.09645e-06 7.74277e-06 0.999848 0.000135667
3.0761e+10 3.89471e-06 7.62373e-06 0.999855 0.000133075
3.10456e+10 3.30345e-06 7.45687e-06 0.999858 0.000130791
3.13329e+10 9.7374e-06 7.33711e-06 0.999855 0.000128319
3.16228e+10 7.85661e-07 7.20275e-06 0.999866 0.000125979
3.19154e+10 4.22107e-06 7.04959e-06 0.999865 0.000123792
3.22107e+10 1.01897e-05 6.93248e-06 0.999861 0.000121473
3.25087e+10 4.79683e-06 6.81638e-06 0.999869 0.000119202
3.28095e+10 4.6137e-08 6.6791e-06 0.999876 0.000117093
3.31131e+10 2.69429e-06 6.54271e-06 0.999876 0.000115031
3.34195e+10 7.65698e-06 6.4219e-06 0.999873 0.000112939
3.37287e+10 9.95165e-06 6.3113e-06 0.999873 0.000110844
3.40408e+10 9.4988e-06 6.20226e-06 0.999876 0.000108789
3.43558e+10 7.8708e-06 6.0917e-06 0.999879 0.000106789
3.46737e+10 6.48142e-06 5.98048e-06 0.999883 0.00010484
3.49945e+10 5.88411e-06 5.87019e-06 0.999885 0.000102933
3.53183e+10 6.05409e-06 5.76134e-06 0.999887 0.000101063
3.56451e+10 7.11185e-06 5.65395e-06 0.999888 9.92301e-05
3.59749e+10 8.66587e-06 5.54667e-06 0.999888 9.74403e-05
3.63078e+10 9.85299e-06 5.43835e-06 0.999889 9.56988e-05
3.66438e+10 9.33419e-06 5.32963e-06 0.999891 9.40014e-05
3.69828e+10 5.74591e-06 5.22528e-06 0.999897 9.23227e-05
3.7325e+10 1.07277e-06 5.13228e-06 0.999903 9.06252e-05
3.76704e+10 7.30613e-07 5.04937e-06 0.999905 8.89151e-05
3.80189e+10 6.74775e-06 4.96047e-06 0.999901 8.72753e-05
3.83707e+10 9.72843e-06 4.85502e-06 0.9999 8.57602e-05
3.87258e+10 2.79695e-06 4.75862e-06 0.999908 8.42355e-05
3.90841e+10 1.29477e-06 4.68664e-06 0.999911 8.26205e-05
3.94457e+10 9.63625e-06 4.5969e-06 0.999905 8.11345e-05
3.98107e+10 4.07346e-06 4.49713e-06 0.999912 7.97365e-05
4.01791e+10 2.08895e-06 4.43206e-06 0.999915 7.81924e-05
4.05509e+10 9.91885e-06 4.33887e-06 0.999909 7.68295e-05
4.09261e+10 1.69752e-07 4.2582e-06 0.99992 7.54349e-05
4.13048e+10 9.10215e-06 4.18762e-06 0.999913 7.40209e-05
4.16869e+10 1.73604e-06 4.09632e-06 0.999921 7.27475e-05
4.20727e+10 8.03299e-06 4.0356e-06 0.999917 7.13464e-05
4.2462e+10 1.82431e-06 3.94504e-06 0.999924 7.01325e-05
4.28549e+10 9.04597e-06 3.88523e-06 0.999918 6.87888e-05
4.32514e+10 2.73069e-07 3.80374e-06 0.999928 6.75886e-05
4.36516e+10 1.00717e-05 3.73455e-06 0.99992 6.63538e-05
4.40555e+10 1.5434e-06 3.67329e-06 0.99993 6.51066e-05
4.44631e+10 5.10728e-06 3.58885e-06 0.999927 6.40093e-05
4.48745e+10 9.02444e-06 3.53712e-06 0.999925 6.2769e-05
4.52898e+10 3.43975e-07 3.46869e-06 0.999935 6.16436e-05
4.57088e+10 5.2067e-06 3.39181e-06 0.999931 6.05896e-05
4.61318e+10 9.93353e-06 3.34024e-06 0.999927 5.94296e-05
4.65586e+10 2.98171e-06 3.28347e-06 0.999935 5.83229e-05
4.69894e+10 4.5553e-07 3.21057e-06 0.999939 5.73263e-05
4.74242e+10 6.58824e-06 3.14591e-06 0.999934 5.63119e-05
4.7863e+10 1.00989e-05 3.09594e-06 0.999932 5.52451e-05
4.83059e+10 6.69464e-06 3.04582e-06 0.999936 5.42032e-05
4.87528e+10 1.70399e-06 2.98733e-06 0.999942 5.32291e-05
4.9204e+10 2.47516e-08 2.92474e-06 0.999945 5.22999e-05
4.96592e+10 1.84276e-06 2.86443e-06 0.999944 5.13817e-05
5.01187e+10 5.04747e-06 2.80905e-06 0.999942 5.04602e-05
5.05825e+10 7.73191e-06 2.75785e-06 0.99994 4.95389e-05
5.10505e+10 9.26612e-06 2.70887e-06 0.999939 4.86277e-05
5.15229e+10 9.83859e-06 2.66064e-06 0.99994 4.77337e-05
5.19996e+10 9.9895e-06 2.61254e-06 0.999941 4.68601e-05
5.24807e+10 9.92166e-06 2.56442e-06 0.999942 4.60071e-05
5.29663e+10 9.93826e-06 2.5163e-06 0.999942 4.51743e-05
5.34564e+10 9.88952e-06 2.46819e-06 0.999943 4.43613e-05
5.39511e+10 9.62832e-06 2.42015e-06 0.999944 4.35674e-05
5.44503e+10 8.67249e-06 2.37251e-06 0.999946 4.27904e-05
5.49541e+10 6.7856e-06 2.326e-06 0.999949 4.20263e-05
5.54626e+10 3.8869e-06 2.28208e-06 0.999953 4.1267e-05
5.59758e+10 1.04075e-06 2.24188e-06 0.999956 4.05061e-05
5.64937e+10 6.98677e-08 2.20537e-06 0.999958 3.97435e-05
5.70164e+10 2.57003e-06 2.16922e-06 0.999956 3.89966e-05
5.7544e+10 7.41252e-06 2.12863e-06 0.999952 3.82901e-05
5.80764e+10 9.84271e-06 2.08222e-06 0.99995 3.76311e-05
5.86138e+10 6.19019e-06 2.03704e-06 0.999955 3.69821e-05
5.91562e+10 5.81687e-07 2.00218e-06 0.999961 3.62948e-05
5.97035e+10 2.10015e-06 1.97329e-06 0.99996 3.5592e-05
6.0256e+10 8.9302e-06 1.93496e-06 0.999954 3.49547e-05
6.08135e+10 7.60814e-06 1.88908e-06 0.999956 3.43725e-05
6.13762e+10 3.99944e-07 1.85651e-06 0.999964 3.3735e-05
6.19441e+10 4.38928e-06 1.83072e-06 0.999961 3.30765e-05
6.25173e+10 9.78119e-06 1.78838e-06 0.999956 3.25201e-05
6.30957e+10 1.72055e-06 1.75143e-06 0.999965 3.19492e-05
6.36796e+10 3.59894e-06 1.72945e-06 0.999963 3.13132e-05
6.42688e+10 9.65215e-06 1.68864e-06 0.999958 3.07907e-05
6.48634e+10 5.02699e-07 1.65639e-06 0.999968 3.02362e-05
6.54636e+10 7.01634e-06 1.63368e-06 0.999962 2.96446e-05
6.60693e+10 6.15409e-06 1.59123e-06 0.999963 2.91704e-05
6.66807e+10 1.59455e-06 1.57167e-06 0.999968 2.85877e-05
6.72977e+10 9.77202e-06 1.53556e-06 0.999961 2.81054e-05
6.79204e+10 2.5507e-08 1.50874e-06 0.999971 2.75859e-05
6.85488e+10 1.00121e-05 1.48188e-06 0.999961 2.70789e-05
6.91831e+10 4.931e-07 1.44986e-06 0.999971 2.6611e-05
6.98232e+10 9.52327e-06 1.42802e-06 0.999963 2.61008e-05
7.04693e+10 7.20415e-07 1.39511e-06 0.999972 2.56607e-05
7.11214e+10 9.78903e-06 1.3743e-06 0.999964 2.51678e-05
7.17794e+10 2.16545e-07 1.34424e-06 0.999974 2.47347e-05
7.24436e+10 1.03313e-05 1.32058e-06 0.999964 2.42788e-05
7.31139e+10 2.89039e-07 1.29726e-06 0.999975 2.38313e-05
7.37904e+10 9.00779e-06 1.26718e-06 0.999966 2.34306e-05
7.44732e+10 3.53835e-06 1.2523e-06 0.999972 2.29589e-05
7.51623e+10 3.90959e-06 1.2179e-06 0.999972 2.26014e-05
7.58578e+10 9.40772e-06 1.20362e-06 0.999967 2.21466e-05
7.65597e+10 5.27559e-08 1.17801e-06 0.999977 2.17616e-05
7.72681e+10 8.41269e-06 1.15081e-06 0.999969 2.1395e-05
7.7983e+10 6.62087e-06 1.1386e-06 0.999971 2.09575e-05
7.87046e+10 3.04757e-07 1.11004e-06 0.999978 2.06164e-05
7.94328e+10 9.19104e-06 1.08718e-06 0.999969 2.02542e-05
8.01678e+10 6.81797e-06 1.07514e-06 0.999972 1.98428e-05
8.09096e+10 3.44792e-08 1.04934e-06 0.999979 1.95135e-05
8.16582e+10 7.10402e-06 1.02486e-06 0.999973 1.9186e-05
8.24138e+10 9.80054e-06 1.013e-06 0.99997 1.87992e-05
8.31764e+10 1.93589e-06 9.9496e-07 0.999979 1.84535e-05
8.3946e+10 1.46379e-06 9.68628e-07 0.999979 1.81605e-05
8.47227e+10 8.93938e-06 9.49954e-07 0.999972 1.78345e-05
8.55067e+10 9.54314e-06 9.38642e-07 0.999972 1.74767e-05
8.62979e+10 2.75573e-06 9.22054e-07 0.999979 1.71547e-05
8.70964e+10 2.30453e-07 8.98804e-07 0.999982 1.6876e-05
8.79023e+10 5.29641e-06 8.78155e-07 0.999977 1.65909e-05
8.87156e+10 1.0325e-05 8.64477e-07 0.999973 1.62755e-05
8.95365e+10 9.21109e-06 8.53058e-07 0.999974 1.5955e-05
9.03649e+10 3.96081e-06 8.38082e-07 0.99998 1.56605e-05
9.12011e+10 2.56458e-07 8.18949e-07 0.999984 1.53953e-05
9.2045e+10 1.04397e-06 7.99154e-07 0.999983 1.51404e-05
9.28966e+10 4.98255e-06 7.81994e-07 0.999979 1.4878e-05
9.37562e+10 8.92426e-06 7.68198e-07 0.999976 1.4604e-05
9.46237e+10 1.06493e-05 7.56412e-07 0.999974 1.43254e-05
9.54993e+10 9.80501e-06 7.44816e-07 0.999975 1.4052e-05
9.63829e+10 7.32812e-06 7.32264e-07 0.999978 1.37898e-05
9.72747e+10 4.46183e-06 7.18518e-07 0.999981 1.35401e-05
9.81748e+10 2.10739e-06 7.03937e-07 0.999984 1.33009e-05
9.90832e+10 6.45674e-07 6.89069e-07 0.999986 1.3069e-05
1e+11 4.94336e-08 6.74377e-07 0.999986 1.28419e-05
1.00925e+11 7.98761e-08 6.60144e-07 0.999987 1.2618e-05
1.01859e+11 4.48731e-07 6.46479e-07 0.999987 1.23964e-05
1.02802e+11 9.11571e-07 6.33379e-07 0.999986 1.21773e-05
1.03753e+11 1.3013e-06 6.20784e-07 0.999986 1.19606e-05
1.04713e+11 1.52358e-06 6.0863e-07 0.999986 1.17468e-05
1.05682e+11 1.53785e-06 5.96873e-07 0.999986 1.15359e-05
1.0666e+11 1.3433e-06 5.855e-07 0.999987 1.1328e-05
1.07647e+11 9.77855e-07 5.74526e-07 0.999987 1.11228e-05
1.08643e+11 5.27105e-07 5.63983e-07 0.999988 1.09201e-05
1.09648e+11 1.35589e-07 5.53894e-07 0.999989 1.07197e-05
1.10662e+11 9.61493e-09 5.44249e-07 0.999989 1.05215e-05
1.11686e+11 3.96186e-07 5.34963e-07 0.999989 1.03259e-05
1.1272e+11 1.52003e-06 5.25843e-07 0.999988 1.01339e-05
1.13763e+11 3.46924e-06 5.16581e-07 0.999986 9.94716e-06
1.14815e+11 6.04705e-06 5.06806e-07 0.999984 9.76753e-06
1.15878e+11 8.65758e-06 4.96229e-07 0.999981 9.59656e-06
1.1695e+11 1.03514e-05 4.84855e-07 0.99998 9.43412e-06
1.18032e+11 1.01606e-05 4.73178e-07 0.99998 9.27744e-06
1.19124e+11 7.71513e-06 4.62168e-07 0.999983 9.12111e-06
1.20226e+11 3.84667e-06 4.52877e-07 0.999987 8.95928e-06
1.21339e+11 6.30868e-07 4.45724e-07 0.99999 8.78959e-06
1.22462e+11 3.73404e-07 4.39864e-07 0.999991 8.61664e-06
1.23595e+11 3.75149e-06 4.33334e-07 0.999987 8.45117e-06
1.24738e+11 8.49519e-06 4.24374e-07 0.999983 8.30278e-06
1.25893e+11 1.04685e-05 4.13209e-07 0.999981 8.17013e-06
1.27057e+11 7.36753e-06 4.02478e-07 0.999984 8.03856e-06
1.28233e+11 1.93948e-06 3.95032e-07 0.99999 7.89232e-06
1.2942e+11 2.24034e-07 3.90595e-07 0.999992 7.7329e-06
1.30617e+11 4.71679e-06 3.85289e-07 0.999987 7.58175e-06
1.31826e+11 1.00051e-05 3.75997e-07 0.999982 7.45596e-06
1.33045e+11 8.66806e-06 3.65004e-07 0.999984 7.34275e-06
1.34276e+11 2.21183e-06 3.57642e-07 0.99999 7.21252e-06
1.35519e+11 5.48592e-07 3.54338e-07 0.999992 7.06295e-06
1.36773e+11 6.78366e-06 3.49021e-07 0.999986 6.92774e-06
1.38038e+11 1.03891e-05 3.38787e-07 0.999982 6.82285e-06
1.39316e+11 4.55396e-06 3.29754e-07 0.999988 6.71409e-06
1.40605e+11 1.20742e-07 3.26477e-07 0.999993 6.57619e-06
1.41906e+11 6.13186e-06 3.22548e-07 0.999987 6.44494e-06
1.43219e+11 1.03653e-05 3.12746e-07 0.999983 6.34924e-06
1.44544e+11 3.49383e-06 3.04555e-07 0.99999 6.24712e-06
1.45881e+11 7.7771e-07 3.02508e-07 0.999993 6.1134e-06
1.47231e+11 8.75146e-06 2.97296e-07 0.999985 6.00023e-06
1.48594e+11 8.3193e-06 2.87112e-07 0.999985 5.91738e-06
1.49968e+11 3.93195e-07 2.82732e-07 0.999994 5.80441e-06
1.51356e+11 5.35042e-06 2.80694e-07 0.999989 5.68101e-06
1.52757e+11 1.02456e-05 2.71546e-07 0.999984 5.60004e-06
1.5417e+11 1.72701e-06 2.65157e-07 0.999993 5.50575e-06
1.55597e+11 3.56612e-06 2.64211e-07 0.999991 5.38335e-06
1.57036e+11 1.05987e-05 2.56233e-07 0.999984 5.30302e-06
1.58489e+11 2.22538e-06 2.49378e-07 0.999992 5.21838e-06
1.59956e+11 3.59099e-06 2.48807e-07 0.999991 5.10066e-06
1.61436e+11 1.05513e-05 2.40912e-07 0.999984 5.02667e-06
1.6293e+11 1.39536e-06 2.3506e-07 0.999993 4.94301e-06
1.64437e+11 5.39232e-06 2.34424e-07 0.99999 4.83213e-06
1.65959e+11 9.55119e-06 2.25723e-07 0.999985 4.76913e-06
1.67494e+11 2.55849e-07 2.22404e-07 0.999995 4.67736e-06
1.69044e+11 8.78172e-06 2.20188e-07 0.999986 4.58165e-06
1.70608e+11 6.03188e-06 2.11475e-07 0.999989 4.52474e-06
1.72187e+11 1.732e-06 2.11205e-07 0.999994 4.42158e-06
1.7378e+11 1.09145e-05 2.05153e-07 0.999985 4.35361e-06
1.75388e+11 1.06797e-06 1.99941e-07 0.999994 4.28236e-06
1.77011e+11 7.76123e-06 1.9928e-07 0.999988 4.1872e-06
1.78649e+11 6.56358e-06 1.90866e-07 0.999989 4.13816e-06
1.80302e+11 2.18047e-06 1.90961e-07 0.999994 4.04199e-06
1.8197e+11 1.07861e-05 1.84615e-07 0.999985 3.98484e-06
1.83654e+11 3.53487e-07 1.81343e-07 0.999996 3.91134e-06
1.85353e+11 1.03926e-05 1.79133e-07 0.999986 3.8338e-06
1.87068e+11 2.6822e-06 1.72465e-07 0.999993 3.78331e-06
1.88799e+11 7.09673e-06 1.72909e-07 0.999989 3.69357e-06
1.90546e+11 6.45524e-06 1.6508e-07 0.99999 3.65321e-06
1.92309e+11 3.65121e-06 1.65827e-07 0.999993 3.56466e-06
1.94089e+11 9.47648e-06 1.58834e-07 0.999987 3.52277e-06
1.95884e+11 1.46107e-06 1.58438e-07 0.999995 3.44374e-06
1.97697e+11 1.11043e-05 1.53123e-07 0.999985 3.39521e-06
1.99526e+11 5.75058e-07 1.51247e-07 0.999996 3.32766e-06
2.01372e+11 1.16719e-05 1.4755e-07 0.999985 3.27263e-06
2.03236e+11 4.69813e-07 1.44501e-07 0.999996 3.21475e-06
2.05116e+11 1.17495e-05 1.41964e-07 0.999985 3.15572e-06
2.07014e+11 6.19814e-07 1.38249e-07 0.999996 3.10449e-06
2.0893e+11 1.17691e-05 1.36347e-07 0.999985 3.0444e-06
2.10863e+11 7.08042e-07 1.32469e-07 0.999996 2.99679e-06
2.12814e+11 1.19298e-05 1.30713e-07 0.999985 2.93843e-06
2.14783e+11 6.52058e-07 1.27133e-07 0.999996 2.89162e-06
2.1677e+11 1.22008e-05 1.25064e-07 0.999985 2.8376e-06
2.18776e+11 5.96622e-07 1.22228e-07 0.999996 2.78884e-06
2.208e+11 1.23229e-05 1.19398e-07 0.999985 2.74176e-06
2.22844e+11 9.13875e-07 1.17729e-07 0.999996 2.68842e-06
2.24905e+11 1.18234e-05 1.13757e-07 0.999985 2.65048e-06
2.26986e+11 2.14685e-06 1.13529e-07 0.999995 2.59083e-06
2.29087e+11 1.01507e-05 1.08299e-07 0.999987 2.56264e-06
2.31206e+11 4.75818e-06 1.09375e-07 0.999993 2.49743e-06
2.33346e+11 7.07045e-06 1.03343e-07 0.99999 2.47616e-06
2.35505e+11 8.58762e-06 1.04875e-07 0.999989 2.41041e-06
2.37684e+11 3.30545e-06 9.92752e-08 0.999994 2.38854e-06
2.39883e+11 1.2237e-05 9.97055e-08 0.999985 2.3316e-06
2.42103e+11 9.20646e-07 9.6227e-08 0.999997 2.29883e-06
2.44343e+11 1.31866e-05 9.40148e-08 0.999984 2.25993e-06
2.46604e+11 2.42744e-06 9.36545e-08 0.999995 2.21017e-06
2.48886e+11 9.63987e-06 8.8728e-08 0.999988 2.18964e-06
2.51189e+11 8.08546e-06 9.03393e-08 0.99999 2.12988e-06
2.53513e+11 3.56469e-06 8.50751e-08 0.999994 2.11305e-06
2.55859e+11 1.34987e-05 8.53963e-08 0.999984 2.06322e-06
2.58226e+11 1.15659e-06 8.31627e-08 0.999997 2.02941e-06
2.60615e+11 1.22892e-05 7.97545e-08 0.999986 2.00432e-06
2.63027e+11 6.62273e-06 8.10408e-08 0.999991 1.95063e-06
2.65461e+11 4.75888e-06 7.58851e-08 0.999993 1.93778e-06
2.67917e+11 1.39907e-05 7.65756e-08 0.999984 1.88975e-06
2.70396e+11 1.43539e-06 7.45528e-08 0.999997 1.85882e-06
2.72898e+11 1.19421e-05 7.10176e-08 0.999986 1.83877e-06
2.75423e+11 9.03788e-06 7.26379e-08 0.999989 1.78686e-06
2.77971e+11 2.91047e-06 6.81319e-08 0.999995 1.77405e-06
2.80543e+11 1.5304e-05 6.76019e-08 0.999983 1.73753e-06
2.83139e+11 4.00753e-06 6.75606e-08 0.999994 1.69796e-06
2.85759e+11 7.60288e-06 6.29691e-08 0.999991 1.68834e-06
2.88403e+11 1.45859e-05 6.42605e-08 0.999984 1.64224e-06
2.91072e+11 1.82099e-06 6.22534e-08 0.999996 1.6172e-06
2.93765e+11 1.18522e-05 5.88313e-08 0.999986 1.60258e-06
2.96483e+11 1.24106e-05 6.05842e-08 0.999986 1.55525e-06
2.99226e+11 1.82195e-06 5.73667e-08 0.999997 1.5401e-06
3.01995e+11 1.45378e-05 5.51544e-08 0.999984 1.5199e-06
3.04789e+11 1.06878e-05 5.67508e-08 0.999988 1.47522e-06
3.0761e+11 2.53091e-06 5.30581e-08 0.999996 1.46526e-06
3.10456e+11 1.59818e-05 5.15868e-08 0.999983 1.44223e-06
3.13329e+11 1.0147e-05 5.3002e-08 0.999988 1.40034e-06
3.16228e+11 2.97716e-06 4.92747e-08 0.999996 1.39262e-06
3.19154e+11 1.66326e-05 4.79991e-08 0.999982 1.37015e-06
3.22107e+11 1.09768e-05 4.94441e-08 0.999988 1.32964e-06
3.25087e+11 2.87665e-06 4.59669e-08 0.999996 1.32212e-06
3.28095e+11 1.6481e-05 4.43844e-08 0.999982 1.30343e-06
3.31131e+11 1.32308e-05 4.60276e-08 0.999985 1.26317e-06
3.34195e+11 2.61481e-06 4.31401e-08 0.999996 1.25342e-06
3.37287e+11 1.50032e-05 4.08373e-08 0.999984 1.2412e-06
3.40408e+11 1.66618e-05 4.25747e-08 0.999982 1.20188e-06
3.43558e+11 3.34649e-06 4.07777e-08 0.999995 1.18632e-06
3.46737e+11 1.16062e-05 3.76037e-08 0.999987 1.18153e-06
3.49945e+11 2.00688e-05 3.8876e-08 0.999979 1.14696e-06
3.53183e+11 6.78989e-06 3.86673e-08 0.999992 1.12203e-06
3.56451e+11 6.80996e-06 3.50736e-08 0.999992 1.12144e-06
3.59749e+11 2.08179e-05 3.49422e-08 0.999978 1.09809e-06
3.63078e+11 1.37826e-05 3.62615e-08 0.999985 1.06414e-06
3.66438e+11 3.72188e-06 3.34993e-08 0.999995 1.05891e-06
3.69828e+11 1.62115e-05 3.13404e-08 0.999983 1.05104e-06
3.7325e+11 2.14845e-05 3.29297e-08 0.999977 1.0169e-06
3.76704e+11 7.2755e-06 3.24003e-08 0.999992 9.97138e-07
3.80189e+11 7.90267e-06 2.90813e-08 0.999991 9.98377e-07
3.83707e+11 2.27115e-05 2.88562e-08 0.999976 9.78758e-07
3.87258e+11 1.80926e-05 3.03793e-08 0.999981 9.45936e-07
3.90841e+11 5.04406e-06 2.84166e-08 0.999994 9.38134e-07
3.94457e+11 1.36368e-05 2.5703e-08 0.999985 9.37446e-07
3.98107e+11 2.56629e-05 2.65853e-08 0.999973 9.11186e-07
4.01791e+11 1.54176e-05 2.75082e-08 0.999984 8.83624e-07
4.05509e+11 5.54123e-06 2.49636e-08 0.999994 8.81985e-07
4.09261e+11 1.78656e-05 2.28975e-08 0.999981 8.78639e-07
4.13048e+11 2.74412e-05 2.4174e-08 0.999972 8.50587e-07
4.16869e+11 1.5107e-05 2.47448e-08 0.999984 8.26655e-07
4.20727e+11 6.59891e-06 2.21386e-08 0.999993 8.27293e-07
4.2462e+11 1.98985e-05 2.0316e-08 0.999979 8.23949e-07
4.28549e+11 2.96437e-05 2.16041e-08 0.99997 7.96942e-07
4.32514e+11 1.75298e-05 2.22666e-08 0.999982 7.73364e-07
4.36516e+11 7.48536e-06 1.99023e-08 0.999992 7.7369e-07
4.40555e+11 1.94609e-05 1.78933e-08 0.99998 7.73413e-07
4.44631e+11 3.21692e-05 1.88797e-08 0.999967 7.50043e-07
4.48745e+11 2.30751e-05 1.99822e-08 0.999976 7.24141e-07
4.52898e+11 9.3249e-06 1.823e-08 0.99999 7.20823e-07
4.57088e+11 1.63552e-05 1.58176e-08 0.999983 7.25067e-07
4.61318e+11 3.29623e-05 1.60361e-08 0.999966 7.09319e-07
4.65586e+11 3.14212e-05 1.75771e-08 0.999968 6.81283e-07
4.69894e+11 1.51165e-05 1.6965e-08 0.999984 6.69648e-07
4.74242e+11 1.22513e-05 1.44414e-08 0.999987 6.75546e-07
4.7863e+11 2.87175e-05 1.33861e-08 0.999971 6.7166e-07
4.83059e+11 3.89494e-05 1.47135e-08 0.99996 6.47323e-07
4.87528e+11 2.75192e-05 1.55453e-08 0.999972 6.24872e-07
4.9204e+11 1.32613e-05 1.38972e-08 0.999986 6.2353e-07
4.96592e+11 1.93422e-05 1.1685e-08 0.99998 6.29932e-07
5.01187e+11 3.77932e-05 1.16248e-08 0.999962 6.1953e-07
5.05825e+11 4.21361e-05 1.31449e-08 0.999957 5.93573e-07
5.10505e+11 2.69234e-05 1.33949e-08 0.999972 5.76332e-07
5.15229e+11 1.52153e-05 1.14785e-08 0.999984 5.79246e-07
5.19996e+11 2.49664e-05 9.62368e-09 0.999974 5.85156e-07
5.24807e+11 4.38623e-05 9.90291e-09 0.999956 5.73307e-07
5.29663e+11 4.70376e-05 1.13897e-08 0.999952 5.47972e-07
5.34564e+11 3.12219e-05 1.15735e-08 0.999968 5.31742e-07
5.39511e+11 1.86366e-05 9.79005e-09 0.999981 5.34835e-07
5.44503e+11 2.71432e-05 7.99238e-09 0.999972 5.42212e-07
5.49541e+11 4.7205e-05 8.08849e-09 0.999952 5.33848e-07
5.54626e+11 5.46716e-05 9.52134e-09 0.999945 5.10202e-07
5.59758e+11 4.1373e-05 1.00998e-08 0.999958 4.90857e-07
5.64937e+11 2.48024e-05 8.78198e-09 0.999975 4.89871e-07
5.70164e+11 2.63203e-05 6.87253e-09 0.999973 4.99123e-07
5.7544e+11 4.56356e-05 6.33962e-09 0.999954 4.98755e-07
5.80764e+11 6.1679e-05 7.47304e-09 0.999938 4.8066e-07
5.86138e+11 5.73534e-05 8.6431e-09 0.999942 4.57247e-07
5.91562e+11 3.87632e-05 8.25512e-09 0.999961 4.46719e-07
5.97035e+11 2.78398e-05 6.52701e-09 0.999972 4.52796e-07
6.0256e+11 3.79838e-05 5.14976e-09 0.999962 4.61279e-07
6.08135e+11 5.99067e-05 5.37903e-09 0.99994 4.55874e-07
6.13762e+11 7.2028e-05 6.72403e-09 0.999928 4.35295e-07
6.19441e+11 6.31687e-05 7.55649e-09 0.999936 4.13955e-07
6.25173e+11 4.36519e-05 6.84869e-09 0.999956 4.0677e-07
6.30957e+11 3.43822e-05 5.18199e-09 0.999965 4.14362e-07
6.36796e+11 4.60022e-05 4.08108e-09 0.999954 4.23061e-07
6.42688e+11 6.89053e-05 4.4685e-09 0.999931 4.18587e-07
6.48634e+11 8.29297e-05 5.80598e-09 0.999917 3.99483e-07
6.54636e+11 7.64542e-05 6.68131e-09 0.999923 3.77889e-07
6.60693e+11 5.67835e-05 6.17228e-09 0.999943 3.67943e-07
6.66807e+11 4.30149e-05 4.66952e-09 0.999957 3.73112e-07
6.72977e+11 4.88142e-05 3.45802e-09 0.999951 3.83643e-07
6.79204e+11 7.07295e-05 3.53051e-09 0.999929 3.85535e-07
6.85488e+11 9.16639e-05 4.73272e-09 0.999908 3.72527e-07
6.91831e+11 9.56091e-05 5.94982e-09 0.999904 3.50911e-07
6.98232e+11 8.07602e-05 6.09393e-09 0.999919 3.33829e-07
7.04693e+11 6.05097e-05 5.00829e-09 0.999939 3.30468e-07
7.11214e+11 5.23366e-05 3.55483e-09 0.999947 3.39054e-07
7.17794e+11 6.40745e-05 2.87713e-09 0.999936 3.48751e-07
7.24436e+11 8.8255e-05 3.48416e-09 0.999911 3.4828e-07
7.31139e+11 0.000108233 4.88012e-09 0.999891 3.3429e-07
7.37904e+11 0.000110758 5.98253e-09 0.999889 3.13395e-07
7.44732e+11 9.54281e-05 5.95704e-09 0.999904 2.96947e-07
7.51623e+11 7.45128e-05 4.82336e-09 0.999925 2.92839e-07
7.58578e+11 6.39466e-05 3.41e-09 0.999936 3.0026e-07
7.65597e+11 7.22992e-05 2.73636e-09 0.999927 3.10702e-07
7.72681e+11 9.52997e-05 3.2942e-09 0.999904 3.13997e-07
7.7983e+11 0.000119135 4.72795e-09 0.999881 3.05015e-07
7.87046e+11 0.000129747 6.10157e-09 0.99987 2.86657e-07
7.94328e+11 0.000121756 6.53509e-09 0.999878 2.67595e-07
8.01678e+11 0.00010147 5.77281e-09 0.999898 2.56629e-07
8.09096e+11 8.25597e-05 4.32643e-09 0.999917 2.57377e-07
8.16582e+11 7.75542e-05 3.13249e-09 0.999922 2.66433e-07
8.24138e+11 9.05178e-05 2.96684e-09 0.999909 2.75749e-07
8.31764e+11 0.000115052 3.98408e-09 0.999885 2.7748e-07
8.3946e+11 0.000138363 5.64505e-09 0.999861 2.68354e-07
8.47227e+11 0.000148652 7.04786e-09 0.999851 2.51187e-07
8.55067e+11 0.000141505 7.44788e-09 0.999858 2.33001e-07
8.62979e+11 0.000121933 6.66511e-09 0.999878 2.21069e-07
8.70964e+11 0.000101314 5.16474e-09 0.999898 2.19135e-07
8.79023e+11 9.12424e-05 3.79022e-09 0.999909 2.25743e-07
8.87156e+11 9.76539e-05 3.3123e-09 0.999902 2.35285e-07
8.95365e+11 0.000118141 4.03777e-09 0.999882 2.41007e-07
9.03649e+11 0.000143514 5.67061e-09 0.999856 2.38314e-07
9.12011e+11 0.000162515 7.47597e-09 0.999837 2.26783e-07
9.2045e+11 0.000167183 8.64684e-09 0.999833 2.10085e-07
9.28966e+11 0.000156354 8.68542e-09 0.999843 1.94049e-07
9.37562e+11 0.000135848 7.62155e-09 0.999864 1.83935e-07
9.46237e+11 0.000115544 5.9808e-09 0.999884 1.82191e-07
9.54993e+11 0.000104893 4.53473e-09 0.999895 1.87601e-07
9.63829e+11 0.000108913 3.95831e-09 0.999891 1.96053e-07
9.72747e+11 0.00012633 4.54764e-09 0.999873 2.0243e-07
9.81748e+11 0.000150424 6.1115e-09 0.999849 2.02735e-07
9.90832e+11 0.000172015 8.06792e-09 0.999828 1.95589e-07
1e+12 0.000183207 9.6911e-09 0.999817 1.8257e-07
1.00925e+12 0.000180368 1.03997e-08 0.999819 1.67396e-07
1.01859e+12 0.000165267 9.9723e-09 0.999835 1.54387e-07
1.02802e+12 0.000144121 8.61437e-09 0.999856 1.46839e-07
1.03753e+12 0.000125077 6.8642e-09 0.999875 1.45931e-07
1.04713e+12 0.000115196 5.385e-09 0.999885 1.50469e-07
1.05682e+12 0.000118039 4.72656e-09 0.999882 1.57486e-07
1.0666e+12 0.000132649 5.14187e-09 0.999867 1.63378e-07
1.07647e+12 0.000154137 6.5164e-09 0.999846 1.65149e-07
1.08643e+12 0.000175528 8.42407e-09 0.999824 1.61332e-07
1.09648e+12 0.000190141 1.02803e-08 0.99981 1.52331e-07
1.10662e+12 0.000193698 1.15348e-08 0.999806 1.40145e-07
1.11686e+12 0.000185501 1.18394e-08 0.999814 1.27624e-07
1.1272e+12 0.000168431 1.11428e-08 0.999831 1.17542e-07
1.13763e+12 0.000147856 9.68891e-09 0.999852 1.11795e-07
1.14815e+12 0.000129908 7.92929e-09 0.99987 1.10922e-07
1.15878e+12 0.000119663 6.3829e-09 0.99988 1.14073e-07
1.1695e+12 0.000119784 5.48764e-09 0.99988 1.19362e-07
1.18032e+12 0.000129936 5.48583e-09 0.99987 1.24471e-07
1.19124e+12 0.000147078 6.37155e-09 0.999853 1.27305e-07
1.20226e+12 0.000166446 7.90769e-09 0.999833 1.26521e-07
1.21339e+12 0.000182907 9.70131e-09 0.999817 1.21801e-07
1.22462e+12 0.000192299 1.13122e-08 0.999808 1.13846e-07
1.23595e+12 0.000192404 1.23641e-08 0.999807 1.04107e-07
1.24738e+12 0.000183356 1.26305e-08 0.999817 9.43678e-08
1.25893e+12 0.000167454 1.20783e-08 0.999832 8.62914e-08
1.27057e+12 0.000148463 1.08614e-08 0.999851 8.10461e-08
1.28233e+12 0.000130647 9.27323e-09 0.999869 7.90846e-08
1.2942e+12 0.000117765 7.67161e-09 0.999882 8.01107e-08
1.30617e+12 0.000112277 6.39672e-09 0.999888 8.32141e-08
1.31826e+12 0.000114901 5.70025e-09 0.999885 8.71249e-08
1.33045e+12 0.000124588 5.69977e-09 0.999875 9.05149e-08
1.34276e+12 0.000138869 6.36502e-09 0.999861 9.22771e-08
1.35519e+12 0.00015447 7.53536e-09 0.999845 9.17288e-08
1.36773e+12 0.000168023 8.9613e-09 0.999832 8.87051e-08
1.38038e+12 0.000176738 1.03593e-08 0.999823 8.35405e-08
1.39316e+12 0.000178898 1.14674e-08 0.999821 7.69556e-08
1.40605e+12 0.0001741 1.20917e-08 0.999826 6.98843e-08
1.41906e+12 0.000163231 1.21357e-08 0.999837 6.32808e-08
1.43219e+12 0.000148205 1.16087e-08 0.999852 5.79464e-08
1.44544e+12 0.000131547 1.06158e-08 0.999868 5.44035e-08
1.45881e+12 0.000115906 9.33177e-09 0.999884 5.28333e-08
1.47231e+12 0.000103596 7.96627e-09 0.999896 5.30801e-08
1.48594e+12 9.62311e-05 6.72689e-09 0.999904 5.47111e-08
1.49968e+12 9.45269e-05 5.78644e-09 0.999905 5.71156e-08
1.51356e+12 9.82519e-05 5.25929e-09 0.999902 5.96205e-08
1.52757e+12 0.000106344 5.18923e-09 0.999894 6.16017e-08
1.5417e+12 0.000117142 5.54941e-09 0.999883 6.2575e-08
1.55597e+12 0.000128683 6.25277e-09 0.999871 6.22538e-08
1.57036e+12 0.000139019 7.1701e-09 0.999861 6.05706e-08
1.58489e+12 0.000146497 8.15205e-09 0.999853 5.76634e-08
1.59956e+12 0.000149966 9.05155e-09 0.99985 5.38346e-08
1.61436e+12 0.000148898 9.74337e-09 0.999851 4.94914e-08
1.6293e+12 0.000143405 1.01385e-08 0.999857 4.50791e-08
1.64437e+12 0.000134169 1.01921e-08 0.999866 4.10181e-08
1.65959e+12 0.000122309 9.90495e-09 0.999878 3.76509e-08
1.67494e+12 0.000109198 9.31882e-09 0.999891 3.52073e-08
1.69044e+12 9.62696e-05 8.50744e-09 0.999904 3.37873e-08
1.70608e+12 8.48427e-05 7.56456e-09 0.999915 3.33627e-08
1.72187e+12 7.59705e-05 6.5911e-09 0.999924 3.37943e-08
1.7378e+12 7.03423e-05 5.683e-09 0.99993 3.48602e-08
1.75388e+12 6.8237e-05 4.92103e-09 0.999932 3.62903e-08
1.77011e+12 6.95281e-05 4.3636e-09 0.99993 3.78019e-08
1.78649e+12 7.37336e-05 4.04283e-09 0.999926 3.91321e-08
1.80302e+12 8.00999e-05 3.96388e-09 0.99992 4.0064e-08
1.8197e+12 8.77047e-05 4.10732e-09 0.999912 4.04449e-08
1.83654e+12 9.55675e-05 4.43358e-09 0.999904 4.01946e-08
1.85353e+12 0.000102753 4.88902e-09 0.999897 3.93058e-08
1.87068e+12 0.000108458 5.41252e-09 0.999891 3.78364e-08
1.88799e+12 0.00011208 5.94206e-09 0.999888 3.5897e-08
1.90546e+12 0.000113252 6.42056e-09 0.999887 3.36344e-08
1.92309e+12 0.000111858 6.80045e-09 0.999888 3.12136e-08
1.94089e+12 0.000108018 7.04692e-09 0.999892 2.8801e-08
1.95884e+12 0.000102058 7.13955e-09 0.999898 2.65491e-08
1.97697e+12 9.44619e-05 7.0725e-09 0.999906 2.45847e-08
1.99526e+12 8.58189e-05 6.85346e-09 0.999914 2.30008e-08
2.01372e+12 7.67623e-05 6.50155e-09 0.999923 2.18524e-08
2.03236e+12 6.79165e-05 6.04459e-09 0.999932 2.11563e-08
2.05116e+12 5.98479e-05 5.51602e-09 0.99994 2.08938e-08
2.07014e+12 5.30273e-05 4.95174e-09 0.999947 2.10157e-08
2.0893e+12 4.78028e-05 4.3872e-09 0.999952 2.14498e-08
2.10863e+12 4.43855e-05 3.85487e-09 0.999956 2.21085e-08
2.12814e+12 4.2847e-05 3.38222e-09 0.999957 2.28969e-08
2.14783e+12 4.31268e-05 2.99039e-09 0.999957 2.37204e-08
2.1677e+12 4.50485e-05 2.69341e-09 0.999955 2.4491e-08
2.18776e+12 4.83422e-05 2.49802e-09 0.999952 2.51329e-08
2.208e+12 5.26706e-05 2.40401e-09 0.999947 2.55861e-08
2.22844e+12 5.76565e-05 2.40501e-09 0.999942 2.58085e-08
2.24905e+12 6.29103e-05 2.48951e-09 0.999937 2.57766e-08
2.26986e+12 6.80546e-05 2.64211e-09 0.999932 2.54854e-08
2.29087e+12 7.27459e-05 2.84487e-09 0.999927 2.49461e-08
2.31206e+12 7.66918e-05 3.07863e-09 0.999923 2.41841e-08
2.33346e+12 7.96629e-05 3.32424e-09 0.99992 2.32358e-08
2.35505e+12 8.15003e-05 3.56359e-09 0.999918 2.21457e-08
2.37684e+12 8.21178e-05 3.78058e-09 0.999918 2.09624e-08
2.39883e+12 8.15007e-05 3.96169e-09 0.999918 1.9736e-08
2.42103e+12 7.97e-05 4.0965e-09 0.99992 1.85153e-08
2.44343e+12 7.68242e-05 4.17785e-09 0.999923 1.7345e-08
2.46604e+12 7.3029e-05 4.20194e-09 0.999927 1.6264e-08
2.48886e+12 6.85057e-05 4.16809e-09 0.999931 1.53041e-08
2.51189e+12 6.34689e-05 4.07855e-09 0.999937 1.4489e-08
2.53513e+12 5.81447e-05 3.93804e-09 0.999942 1.38341e-08
2.55859e+12 5.27589e-05 3.7533e-09 0.999947 1.33463e-08
2.58226e+12 4.75275e-05 3.53261e-09 0.999952 1.30249e-08
2.60615e+12 4.26473e-05 3.28523e-09 0.999957 1.28622e-08
2.63027e+12 3.82894e-05 3.02093e-09 0.999962 1.28444e-08
2.65461e+12 3.4594e-05 2.74952e-09 0.999965 1.29528e-08
2.67917e+12 3.16665e-05 2.48039e-09 0.999968 1.31654e-08
2.70396e+12 2.95765e-05 2.22223e-09 0.99997 1.34574e-08
2.72898e+12 2.83578e-05 1.98269e-09 0.999972 1.38033e-08
2.75423e+12 2.80092e-05 1.76818e-09 0.999972 1.41774e-08
2.77971e+12 2.84978e-05 1.58376e-09 0.999971 1.45549e-08
2.80543e+12 2.97624e-05 1.43303e-09 0.99997 1.49131e-08
2.83139e+12 3.1718e-05 1.31815e-09 0.999968 1.52315e-08
2.85759e+12 3.42601e-05 1.2399e-09 0.999966 1.54929e-08
2.88403e+12 3.72703e-05 1.19774e-09 0.999963 1.56833e-08
2.91072e+12 4.06214e-05 1.18996e-09 0.999959 1.57925e-08
2.93765e+12 4.4182e-05 1.21385e-09 0.999956 1.58135e-08
2.96483e+12 4.78214e-05 1.26587e-09 0.999952 1.57431e-08
2.99226e+12 5.14136e-05 1.34184e-09 0.999949 1.55814e-08
3.01995e+12 5.48414e-05 1.43714e-09 0.999945 1.53315e-08
3.04789e+12 5.79989e-05 1.54686e-09 0.999942 1.49989e-08
3.0761e+12 6.07943e-05 1.66603e-09 0.999939 1.45915e-08
3.10456e+12 6.31516e-05 1.78977e-09 0.999937 1.41191e-08
3.13329e+12 6.50119e-05 1.91338e-09 0.999935 1.35927e-08
3.16228e+12 6.63334e-05 2.03254e-09 0.999934 1.30241e-08
3.19154e+12 6.7092e-05 2.14335e-09 0.999933 1.24256e-08
3.22107e+12 6.72805e-05 2.24242e-09 0.999933 1.18096e-08
3.25087e+12 6.69075e-05 2.32697e-09 0.999933 1.11882e-08
3.28095e+12 6.5996e-05 2.39477e-09 0.999934 1.05728e-08
3.31131e+12 6.45821e-05 2.44422e-09 0.999935 9.97393e-09
3.34195e+12 6.27129e-05 2.47435e-09 0.999937 9.40113e-09
3.37287e+12 6.04445e-05 2.48473e-09 0.99994 8.86254e-09
3.40408e+12 5.78401e-05 2.47549e-09 0.999942 8.36501e-09
3.43558e+12 5.49675e-05 2.44727e-09 0.999945 7.91394e-09
3.46737e+12 5.18977e-05 2.40112e-09 0.999948 7.51328e-09
3.49945e+12 4.87024e-05 2.33847e-09 0.999951 7.16558e-09
3.53183e+12 4.54527e-05 2.26107e-09 0.999955 6.87203e-09
3.56451e+12 4.22169e-05 2.1709e-09 0.999958 6.63253e-09
3.59749e+12 3.90596e-05 2.07012e-09 0.999961 6.44585e-09
3.63078e+12 3.60404e-05 1.96098e-09 0.999964 6.30971e-09
3.66438e+12 3.32126e-05 1.84579e-09 0.999967 6.22092e-09
3.69828e+12 3.06228e-05 1.72684e-09 0.999969 6.17558e-09
3.7325e+12 2.83102e-05 1.60636e-09 0.999972 6.16918e-09
3.76704e+12 2.63064e-05 1.48648e-09 0.999974 6.19679e-09
3.80189e+12 2.46348e-05 1.36919e-09 0.999975 6.25314e-09
3.83707e+12 2.33116e-05 1.25628e-09 0.999977 6.33285e-09
3.87258e+12 2.23448e-05 1.14935e-09 0.999978 6.43048e-09
3.90841e+12 2.17358e-05 1.04979e-09 0.999978 6.54069e-09
3.94457e+12 2.14789e-05 9.58783e-10 0.999979 6.6583e-09
3.98107e+12 2.15623e-05 8.77237e-10 0.999978 6.77843e-09
4.01791e+12 2.19688e-05 8.05858e-10 0.999978 6.89652e-09
4.05509e+12 2.26765e-05 7.45115e-10 0.999977 7.00844e-09
4.09261e+12 2.36592e-05 6.95262e-10 0.999976 7.11049e-09
4.13048e+12 2.48877e-05 6.56353e-10 0.999975 7.19942e-09
4.16869e+12 2.63301e-05 6.28249e-10 0.999974 7.27254e-09
4.20727e+12 2.79527e-05 6.10641e-10 0.999972 7.3276e-09
4.2462e+12 2.97207e-05 6.03071e-10 0.99997 7.36288e-09
4.28549e+12 3.15991e-05 6.04951e-10 0.999968 7.37712e-09
4.32514e+12 3.35528e-05 6.15582e-10 0.999966 7.36955e-09
4.36516e+12 3.55475e-05 6.34175e-10 0.999964 7.33981e-09
4.40555e+12 3.75504e-05 6.59879e-10 0.999962 7.28795e-09
4.44631e+12 3.953e-05 6.91786e-10 0.99996 7.21438e-09
4.48745e+12 4.14571e-05 7.28964e-10 0.999959 7.11985e-09
4.52898e+12 4.33049e-05 7.70471e-10 0.999957 7.00538e-09
4.57088e+12 4.50489e-05 8.15358e-10 0.999955 6.87223e-09
4.61318e+12 4.66675e-05 8.62705e-10 0.999953 6.72187e-09
4.65586e+12 4.81421e-05 9.11618e-10 0.999952 6.55593e-09
4.69894e+12 4.94569e-05 9.61239e-10 0.999951 6.37615e-09
4.74242e+12 5.0599e-05 1.01077e-09 0.999949 6.18436e-09
4.7863e+12 5.15584e-05 1.05946e-09 0.999948 5.98243e-09
4.83059e+12 5.23281e-05 1.10663e-09 0.999948 5.77226e-09
4.87528e+12 5.29036e-05 1.15166e-09 0.999947 5.55573e-09
4.9204e+12 5.32831e-05 1.19402e-09 0.999947 5.33469e-09
4.96592e+12 5.34671e-05 1.23322e-09 0.999947 5.1109e-09
5.01187e+12 5.34584e-05 1.26887e-09 0.999947 4.88608e-09
5.05825e+12 5.32618e-05 1.30063e-09 0.999947 4.66184e-09
5.10505e+12 5.2884e-05 1.32825e-09 0.999947 4.43966e-09
5.15229e+12 5.23331e-05 1.35153e-09 0.999948 4.22094e-09
5.19996e+12 5.16188e-05 1.37034e-09 0.999948 4.00691e-09
5.24807e+12 5.07518e-05 1.38461e-09 0.999949 3.79871e-09
5.29663e+12 4.97438e-05 1.39433e-09 0.99995 3.59733e-09
5.34564e+12 4.86074e-05 1.39952e-09 0.999951 3.40361e-09
5.39511e+12 4.73554e-05 1.40028e-09 0.999953 3.21829e-09
5.44503e+12 4.60013e-05 1.39673e-09 0.999954 3.04196e-09
5.49541e+12 4.45588e-05 1.38901e-09 0.999955 2.87509e-09
5.54626e+12 4.30414e-05 1.37733e-09 0.999957 2.71804e-09
5.59758e+12 4.14627e-05 1.3619e-09 0.999959 2.57104e-09
5.64937e+12 3.9836e-05 1.34295e-09 0.99996 2.43423e-09
5.70164e+12 3.81741e-05 1.32074e-09 0.999962 2.30765e-09
5.7544e+12 3.64897e-05 1.29555e-09 0.999964 2.19125e-09
5.80764e+12 3.47946e-05 1.26764e-09 0.999965 2.08489e-09
5.86138e+12 3.31002e-05 1.23731e-09 0.999967 1.98838e-09
5.91562e+12 3.14171e-05 1.20483e-09 0.999969 1.90146e-09
5.97035e+12 2.97553e-05 1.17049e-09 0.99997 1.82378e-09
6.0256e+12 2.81239e-05 1.13457e-09 0.999972 1.755e-09
6.08135e+12 2.65314e-05 1.09735e-09 0.999973 1.6947e-09
6.13762e+12 2.49853e-05 1.05909e-09 0.999975 1.64245e-09
6.19441e+12 2.34924e-05 1.02005e-09 0.999977 1.59778e-09
6.25173e+12 2.20588e-05 9.80482e-10 0.999978 1.5602e-09
6.30957e+12 2.06895e-05 9.40606e-10 0.999979 1.52923e-09
6.36796e+12 1.93892e-05 9.00649e-10 0.999981 1.50436e-09
6.42688e+12 1.81614e-05 8.60813e-10 0.999982 1.48508e-09
6.48634e+12 1.70092e-05 8.21286e-10 0.999983 1.4709e-09
6.54636e+12 1.59347e-05 7.8225e-10 0.999984 1.46133e-09
6.60693e+12 1.49398e-05 7.43855e-10 0.999985 1.45587e-09
6.66807e+12 1.40252e-05 7.06249e-10 0.999986 1.45406e-09
6.72977e+12 1.31917e-05 6.6956e-10 0.999987 1.45544e-09
6.79204e+12 1.24389e-05 6.33904e-10 0.999988 1.45959e-09
6.85488e+12 1.17664e-05 5.99374e-10 0.999988 1.46607e-09
6.91831e+12 1.11731e-05 5.66059e-10 0.999989 1.47449e-09
6.98232e+12 1.06576e-05 5.3403e-10 0.999989 1.4845e-09
7.04693e+12 1.02182e-05 5.03347e-10 0.99999 1.49572e-09
7.11214e+12 9.85259e-06 4.74052e-10 0.99999 1.50784e-09
7.17794e+12 9.55849e-06 4.46183e-10 0.99999 1.52055e-09
7.24436e+12 9.33322e-06 4.19763e-10 0.999991 1.53359e-09
7.31139e+12 9.17393e-06 3.94805e-10 0.999991 1.54668e-09
7.37904e+12 9.07759e-06 3.71317e-10 0.999991 1.55961e-09
7.44732e+12 9.04102e-06 3.49295e-10 0.999991 1.57215e-09
7.51623e+12 9.06094e-06 3.28725e-10 0.999991 1.58414e-09
7.58578e+12 9.13399e-06 3.0959e-10 0.999991 1.5954e-09
7.65597e+12 9.25674e-06 2.91868e-10 0.999991 1.60578e-09
7.72681e+12 9.42576e-06 2.75524e-10 0.999991 1.61517e-09
7.7983e+12 9.63758e-06 2.6053e-10 0.99999 1.62345e-09
7.87046e+12 9.88876e-06 2.46841e-10 0.99999 1.63053e-09
7.94328e+12 1.01759e-05 2.34415e-10 0.99999 1.63635e-09
8.01678e+12 1.04956e-05 2.2321e-10 0.99999 1.64084e-09
8.09096e+12 1.08447e-05 2.13174e-10 0.999989 1.64396e-09
8.16582e+12 1.12198e-05 2.04258e-10 0.999989 1.64568e-09
8.24138e+12 1.16179e-05 1.96412e-10 0.999988 1.64598e-09
8.31764e+12 1.20359e-05 1.89585e-10 0.999988 1.64485e-09
8.3946e+12 1.2471e-05 1.83718e-10 0.999988 1.6423e-09
8.47227e+12 1.29202e-05 1.78758e-10 0.999987 1.63833e-09
8.55067e+12 1.3381e-05 1.74652e-10 0.999987 1.63297e-09
8.62979e+12 1.38507e-05 1.7135e-10 0.999986 1.62625e-09
8.70964e+12 1.4327e-05 1.68795e-10 0.999986 1.61819e-09
8.79023e+12 1.48075e-05 1.66936e-10 0.999985 1.60883e-09
8.87156e+12 1.529e-05 1.65723e-10 0.999985 1.59822e-09
8.95365e+12 1.57725e-05 1.65102e-10 0.999984 1.58642e-09
9.03649e+12 1.62532e-05 1.65027e-10 0.999984 1.57345e-09
9.12011e+12 1.67301e-05 1.65451e-10 0.999983 1.55939e-09
9.2045e+12 1.72017e-05 1.6633e-10 0.999983 1.54427e-09
9.28966e+12 1.76664e-05 1.67617e-10 0.999982 1.52818e-09
9.37562e+12 1.81228e-05 1.69273e-10 0.999982 1.51116e-09
9.46237e+12 1.85697e-05 1.71257e-10 0.999981 1.49327e-09
9.54993e+12 1.90058e-05 1.73528e-10 0.999981 1.47458e-09
9.63829e+12 1.94301e-05 1.76051e-10 0.999981 1.45513e-09
9.72747e+12 1.98416e-05 1.7879e-10 0.99998 1.435e-09
9.81748e+12 2.02396e-05 1.81711e-10 0.99998 1.41423e-09
9.90832e+12 2.06231e-05 1.84785e-10 0.999979 1.3929e-09
1e+13 2.09917e-05 1.87985e-10 0.999979 1.37106e-09
1.00925e+13 2.13447e-05 1.91281e-10 0.999979 1.34875e-09
1.01859e+13 2.16816e-05 1.94648e-10 0.999978 1.32605e-09
1.02802e+13 2.20021e-05 1.9806e-10 0.999978 1.30299e-09
1.03753e+13 2.23057e-05 2.01495e-10 0.999978 1.27964e-09
1.04713e+13 2.25924e-05 2.04934e-10 0.999977 1.25603e-09
1.05682e+13 2.28619e-05 2.08358e-10 0.999977 1.23222e-09
1.0666e+13 2.3114e-05 2.11751e-10 0.999977 1.20826e-09
1.07647e+13 2.33488e-05 2.15094e-10 0.999977 1.18417e-09
1.08643e+13 2.35662e-05 2.18375e-10 0.999976 1.16002e-09
1.09648e+13 2.37662e-05 2.21579e-10 0.999976 1.13583e-09
1.10662e+13 2.3949e-05 2.24697e-10 0.999976 1.11165e-09
1.11686e+13 2.41147e-05 2.27716e-10 0.999976 1.0875e-09
1.1272e+13 2.42634e-05 2.30627e-10 0.999976 1.06342e-09
1.13763e+13 2.43954e-05 2.33419e-10 0.999976 1.03945e-09
1.14815e+13 2.4511e-05 2.36086e-10 0.999975 1.0156e-09
1.15878e+13 2.46103e-05 2.38624e-10 0.999975 9.91923e-10
1.1695e+13 2.46938e-05 2.41026e-10 0.999975 9.6843e-10
1.18032e+13 2.47616e-05 2.43294e-10 0.999975 9.45143e-10
1.19124e+13 2.48143e-05 2.45416e-10 0.999975 9.22082e-10
1.20226e+13 2.4852e-05 2.4739e-10 0.999975 8.99269e-10
1.21339e+13 2.48753e-05 2.49217e-10 0.999975 8.76726e-10
1.22462e+13 2.48845e-05 2.50894e-10 0.999975 8.54465e-10
1.23595e+13 2.48799e-05 2.52421e-10 0.999975 8.32506e-10
1.24738e+13 2.48621e-05 2.53794e-10 0.999975 8.1086e-10
1.25893e+13 2.48315e-05 2.55016e-10 0.999975 7.89538e-10
1.27057e+13 2.47884e-05 2.56089e-10 0.999975 7.6855e-10
1.28233e+13 2.47333e-05 2.57012e-10 0.999975 7.47909e-10
1.2942e+13 2.46666e-05 2.57789e-10 0.999975 7.27622e-10
1.30617e+13 2.45888e-05 2.58417e-10 0.999975 7.07697e-10
1.31826e+13 2.45003e-05 2.58902e-10 0.999975 6.88138e-10
1.33045e+13 2.44015e-05 2.59246e-10 0.999976 6.68947e-10
1.34276e+13 2.42929e-05 2.59451e-10 0.999976 6.50137e-10
1.35519e+13 2.41749e-05 2.59518e-10 0.999976 6.31703e-10
1.36773e+13 2.40479e-05 2.59456e-10 0.999976 6.13651e-10
1.38038e+13 2.39124e-05 2.59265e-10 0.999976 5.95981e-10
1.39316e+13 2.37687e-05 2.58945e-10 0.999976 5.78694e-10
1.40605e+13 2.36173e-05 2.58503e-10 0.999976 5.61793e-10
1.41906e+13 2.34586e-05 2.57942e-10 0.999977 5.45273e-10
1.43219e+13 2.32929e-05 2.57266e-10 0.999977 5.29134e-10
1.44544e+13 2.31206e-05 2.56481e-10 0.999977 5.13373e-10
1.45881e+13 2.29422e-05 2.55588e-10 0.999977 4.97993e-10
1.47231e+13 2.2758e-05 2.54591e-10 0.999977 4.82984e-10
1.48594e+13 2.25683e-05 2.53495e-10 0.999977 4.68347e-10
1.49968e+13 2.23736e-05 2.52303e-10 0.999978 4.54076e-10
1.51356e+13 2.21741e-05 2.51022e-10 0.999978 4.40169e-10
1.52757e+13 2.19701e-05 2.49653e-10 0.999978 4.26622e-10
1.5417e+13 2.17621e-05 2.482e-10 0.999978 4.13427e-10
1.55597e+13 2.15503e-05 2.46667e-10 0.999978 4.00579e-10
1.57036e+13 2.13351e-05 2.45058e-10 0.999979 3.88075e-10
1.58489e+13 2.11166e-05 2.43379e-10 0.999979 3.75914e-10
1.59956e+13 2.08953e-05 2.41632e-10 0.999979 3.64086e-10
1.61436e+13 2.06713e-05 2.39821e-10 0.999979 3.52583e-10
1.6293e+13 2.0445e-05 2.3795e-10 0.99998 3.41399e-10
1.64437e+13 2.02166e-05 2.36017e-10 0.99998 3.30536e-10
1.65959e+13 1.99863e-05 2.34036e-10 0.99998 3.19977e-10
1.67494e+13 1.97545e-05 2.32004e-10 0.99998 3.09723e-10
1.69044e+13 1.95212e-05 2.29924e-10 0.99998 2.99766e-10
1.70608e+13 1.92868e-05 2.27801e-10 0.999981 2.901e-10
1.72187e+13 1.90514e-05 2.25636e-10 0.999981 2.80717e-10
1.7378e+13 1.88153e-05 2.23435e-10 0.999981 2.71612e-10
1.75388e+13 1.85787e-05 2.21199e-10 0.999981 2.62781e-10
1.77011e+13 1.83417e-05 2.18934e-10 0.999982 2.54214e-10
1.78649e+13 1.81044e-05 2.16639e-10 0.999982 2.45908e-10
1.80302e+13 1.78672e-05 2.14318e-10 0.999982 2.37852e-10
1.8197e+13 1.76301e-05 2.11975e-10 0.999982 2.30044e-10
1.83654e+13 1.73933e-05 2.09609e-10 0.999983 2.22477e-10
1.85353e+13 1.7157e-05 2.07225e-10 0.999983 2.15144e-10
1.87068e+13 1.69212e-05 2.04828e-10 0.999983 2.08038e-10
1.88799e+13 1.66861e-05 2.02417e-10 0.999983 2.01155e-10
1.90546e+13 1.64519e-05 1.99994e-10 0.999984 1.94491e-10
1.92309e+13 1.62186e-05 1.97561e-10 0.999984 1.88037e-10
1.94089e+13 1.59864e-05 1.95122e-10 0.999984 1.81787e-10
1.95884e+13 1.57554e-05 1.92675e-10 0.999984 1.7574e-10
1.97697e+13 1.55256e-05 1.90226e-10 0.999984 1.69885e-10
1.99526e+13 1.52973e-05 1.87777e-10 0.999985 1.64215e-10
2.01372e+13 1.50703e-05 1.85328e-10 0.999985 1.58731e-10
2.03236e+13 1.4845e-05 1.82881e-10 0.999985 1.53426e-10
2.05116e+13 1.46212e-05 1.80435e-10 0.999985 1.48293e-10
2.07014e+13 1.43991e-05 1.77995e-10 0.999986 1.43328e-10
2.0893e+13 1.41788e-05 1.75563e-10 0.999986 1.38527e-10
2.10863e+13 1.39604e-05 1.73136e-10 0.999986 1.33882e-10
2.12814e+13 1.37438e-05 1.7072e-10 0.999986 1.29389e-10
2.14783e+13 1.35291e-05 1.68312e-10 0.999986 1.25049e-10
2.1677e+13 1.33165e-05 1.65913e-10 0.999987 1.20853e-10
2.18776e+13 1.31058e-05 1.63529e-10 0.999987 1.16795e-10
2.208e+13 1.28973e-05 1.61158e-10 0.999987 1.12873e-10
2.22844e+13 1.26908e-05 1.58802e-10 0.999987 1.09083e-10
2.24905e+13 1.24866e-05 1.5646e-10 0.999988 1.05418e-10
2.26986e+13 1.22845e-05 1.54134e-10 0.999988 1.01878e-10
2.29087e+13 1.20846e-05 1.51825e-10 0.999988 9.84554e-11
2.31206e+13 1.18869e-05 1.49535e-10 0.999988 9.51502e-11
2.33346e+13 1.16915e-05 1.47262e-10 0.999988 9.19569e-11
2.35505e+13 1.14984e-05 1.45004e-10 0.999989 8.88741e-11
2.37684e+13 1.13076e-05 1.42769e-10 0.999989 8.58938e-11
2.39883e+13 1.11191e-05 1.40554e-10 0.999989 8.30141e-11
2.42103e+13 1.09329e-05 1.38357e-10 0.999989 8.02343e-11
2.44343e+13 1.07491e-05 1.36183e-10 0.999989 7.75498e-11
2.46604e+13 1.05676e-05 1.34029e-10 0.999989 7.49574e-11
2.48886e+13 1.03884e-05 1.31898e-10 0.99999 7.24527e-11
2.51189e+13 1.02116e-05 1.2979e-10 0.99999 7.00333e-11
2.53513e+13 1.00371e-05 1.27704e-10 0.99999 6.76963e-11
2.55859e+13 9.86498e-06 1.25639e-10 0.99999 6.54435e-11
2.58226e+13 9.69521e-06 1.23601e-10 0.99999 6.32635e-11
2.60615e+13 9.52778e-06 1.21582e-10 0.99999 6.116e-11
2.63027e+13 9.36268e-06 1.19585e-10 0.999991 5.91333e-11
2.65461e+13 9.19992e-06 1.17615e-10 0.999991 5.71731e-11
2.67917e+13 9.03948e-06 1.15669e-10 0.999991 5.52813e-11
2.70396e+13 8.88135e-06 1.13746e-10 0.999991 5.34543e-11
2.72898e+13 8.72552e-06 1.11845e-10 0.999991 5.16949e-11
2.75423e+13 8.57198e-06 1.09969e-10 0.999991 4.99894e-11
2.77971e+13 8.42072e-06 1.08118e-10 0.999992 4.83496e-11
2.80543e+13 8.27172e-06 1.06292e-10 0.999992 4.67633e-11
2.83139e+13 8.12497e-06 1.0449e-10 0.999992 4.5229e-11
2.85759e+13 7.98045e-06 1.0271e-10 0.999992 4.37517e-11
2.88403e+13 7.83814e-06 1.00956e-10 0.999992 4.23247e-11
2.91072e+13 7.69804e-06 9.92235e-11 0.999992 4.09484e-11
2.93765e+13 7.56011e-06 9.7519e-11 0.999992 3.96176e-11
2.96483e+13 7.42435e-06 9.58367e-11 0.999993 3.83353e-11
2.99226e+13 7.29072e-06 9.41764e-11 0.999993 3.70979e-11
3.01995e+13 7.15922e-06 9.25412e-11 0.999993 3.59007e-11
3.04789e+13 7.02982e-06 9.09296e-11 0.999993 3.47449e-11
3.0761e+13 6.9025e-06 8.9342e-11 0.999993 3.36327e-11
3.10456e+13 6.77724e-06 8.77776e-11 0.999993 3.2555e-11
3.13329e+13 6.65402e-06 8.62338e-11 0.999993 3.1518e-11
3.16228e+13 6.53282e-06 8.47158e-11 0.999993 3.05152e-11
3.19154e+13 6.4136e-06 8.32217e-11 0.999994 2.95469e-11
3.22107e+13 6.29636e-06 8.17498e-11 0.999994 2.86128e-11
3.25087e+13 6.18107e-06 8.02992e-11 0.999994 2.77109e-11
3.28095e+13 6.0677e-06 7.88717e-11 0.999994 2.68395e-11
3.31131e+13 5.95623e-06 7.74658e-11 0.999994 2.59973e-11
3.34195e+13 5.84665e-06 7.60811e-11 0.999994 2.51839e-11
3.37287e+13 5.73891e-06 7.47204e-11 0.999994 2.43988e-11
3.40408e+13 5.63301e-06 7.33799e-11 0.999994 2.36453e-11
3.43558e+13 5.52892e-06 7.20628e-11 0.999994 2.29116e-11
3.46737e+13 5.42661e-06 7.0764e-11 0.999995 2.22052e-11
3.49945e+13 5.32606e-06 6.94896e-11 0.999995 2.15235e-11
3.53183e+13 5.22725e-06 6.82325e-11 0.999995 2.08658e-11
3.56451e+13 5.13015e-06 6.69975e-11 0.999995 2.02289e-11
3.59749e+13 5.03473e-06 6.5783e-11 0.999995 1.96159e-11
3.63078e+13 4.94099e-06 6.45872e-11 0.999995 1.90227e-11
3.66438e+13 4.84888e-06 6.34127e-11 0.999995 1.84476e-11
3.69828e+13 4.7584e-06 6.22566e-11 0.999995 1.78971e-11
3.7325e+13 4.6695e-06 6.11234e-11 0.999995 1.73627e-11
3.76704e+13 4.58218e-06 6.00025e-11 0.999995 1.6846e-11
3.80189e+13 4.49641e-06 5.89071e-11 0.999996 1.63443e-11
3.83707e+13 4.41216e-06 5.78273e-11 0.999996 1.58603e-11
3.87258e+13 4.32942e-06 5.67659e-11 0.999996 1.53936e-11
3.90841e+13 4.24815e-06 5.57235e-11 0.999996 1.49431e-11
3.94457e+13 4.16834e-06 5.46977e-11 0.999996 1.45085e-11
3.98107e+13 4.08996e-06 5.36918e-11 0.999996 1.40861e-11
4.01791e+13 4.013e-06 5.27001e-11 0.999996 1.36799e-11
4.05509e+13 3.93742e-06 5.17282e-11 0.999996 1.32847e-11
4.09261e+13 3.86321e-06 5.07714e-11 0.999996 1.29059e-11
4.13048e+13 3.79035e-06 4.98309e-11 0.999996 1.25388e-11
4.16869e+13 3.71881e-06 4.89102e-11 0.999996 1.21816e-11
4.20727e+13 3.64858e-06 4.80028e-11 0.999996 1.18373e-11
4.2462e+13 3.57962e-06 4.71098e-11 0.999996 1.15061e-11
4.28549e+13 3.51193e-06 4.62339e-11 0.999996 1.11835e-11
4.32514e+13 3.44548e-06 4.53729e-11 0.999997 1.08715e-11
4.36516e+13 3.38024e-06 4.45302e-11 0.999997 1.05683e-11
4.40555e+13 3.31621e-06 4.37026e-11 0.999997 1.02756e-11
4.44631e+13 3.25335e-06 4.28874e-11 0.999997 9.99487e-12
4.48745e+13 3.19166e-06 4.20831e-11 0.999997 9.72365e-12
4.52898e+13 3.1311e-06 4.1301e-11 0.999997 9.45739e-12
4.57088e+13 3.07167e-06 4.0529e-11 0.999997 9.20029e-12
4.61318e+13 3.01333e-06 3.97705e-11 0.999997 8.95388e-12
4.65586e+13 2.95608e-06 3.9028e-11 0.999997 8.71329e-12
4.69894e+13 2.8999e-06 3.82933e-11 0.999997 8.48495e-12
4.74242e+13 2.84476e-06 3.75776e-11 0.999997 8.25806e-12
4.7863e+13 2.79065e-06 3.6876e-11 0.999997 8.03906e-12
4.83059e+13 2.73754e-06 3.61809e-11 0.999997 7.82928e-12
4.87528e+13 2.68543e-06 3.55027e-11 0.999997 7.62353e-12
4.9204e+13 2.6343e-06 3.48351e-11 0.999997 7.42741e-12
4.96592e+13 2.58412e-06 3.41812e-11 0.999997 7.23385e-12
5.01187e+13 2.53488e-06 3.35397e-11 0.999997 7.04739e-12
5.05825e+13 2.48657e-06 3.29074e-11 0.999998 6.86858e-12
5.10505e+13 2.43917e-06 3.22888e-11 0.999998 6.69319e-12
5.15229e+13 2.39266e-06 3.16805e-11 0.999998 6.52384e-12
5.19996e+13 2.34702e-06 3.10841e-11 0.999998 6.35998e-12
5.24807e+13 2.30224e-06 3.04978e-11 0.999998 6.19912e-12
5.29663e+13 2.25831e-06 2.99226e-11 0.999998 6.04534e-12
5.34564e+13 2.21521e-06 2.93586e-11 0.999998 5.89524e-12
5.39511e+13 2.17292e-06 2.88064e-11 0.999998 5.75047e-12
5.44503e+13 2.13144e-06 2.82595e-11 0.999998 5.61062e-12
5.49541e+13 2.09074e-06 2.77267e-11 0.999998 5.47065e-12
5.54626e+13 2.0508e-06 2.72052e-11 0.999998 5.33876e-12
5.59758e+13 2.01163e-06 2.66899e-11 0.999998 5.21019e-12
5.64937e+13 1.9732e-06 2.61862e-11 0.999998 5.08266e-12
5.70164e+13 1.9355e-06 2.56896e-11 0.999998 4.96481e-12
5.7544e+13 1.89852e-06 2.5204e-11 0.999998 4.84673e-12
5.80764e+13 1.86224e-06 2.47275e-11 0.999998 4.73158e-12
5.86138e+13 1.82664e-06 2.4262e-11 0.999998 4.61632e-12
5.91562e+13 1.79173e-06 2.38022e-11 0.999998 4.50906e-12
5.97035e+13 1.75748e-06 2.33515e-11 0.999998 4.40548e-12
6.0256e+13 1.72389e-06 2.2909e-11 0.999998 4.30411e-12
6.08135e+13 1.69093e-06 2.24748e-11 0.999998 4.20364e-12
6.13762e+13 1.65861e-06 2.20523e-11 0.999998 4.10592e-12
6.19441e+13 1.6269e-06 2.16331e-11 0.999998 4.0115e-12
6.25173e+13 1.59579e-06 2.12239e-11 0.999998 3.92431e-12
6.30957e+13 1.56528e-06 2.08219e-11 0.999998 3.83478e-12
6.36796e+13 1.53536e-06 2.0426e-11 0.999998 3.74922e-12
6.42688e+13 1.506e-06 2.00375e-11 0.999998 3.6646e-12
6.48634e+13 1.47721e-06 1.96592e-11 0.999999 3.58369e-12
6.54636e+13 1.44897e-06 1.92867e-11 0.999999 3.5011e-12
6.60693e+13 1.42126e-06 1.89239e-11 0.999999 3.42476e-12
6.66807e+13 1.39409e-06 1.85632e-11 0.999999 3.34999e-12
6.72977e+13 1.36744e-06 1.82108e-11 0.999999 3.27559e-12
6.79204e+13 1.3413e-06 1.78656e-11 0.999999 3.20642e-12
6.85488e+13 1.31566e-06 1.75275e-11 0.999999 3.13456e-12
6.91831e+13 1.29051e-06 1.7195e-11 0.999999 3.06763e-12
6.98232e+13 1.26585e-06 1.68692e-11 0.999999 3.00193e-12
7.04693e+13 1.24165e-06 1.65472e-11 0.999999 2.93617e-12
7.11214e+13 1.21793e-06 1.62344e-11 0.999999 2.87279e-12
7.17794e+13 1.19465e-06 1.59261e-11 0.999999 2.81283e-12
7.24436e+13 1.17183e-06 1.56243e-11 0.999999 2.75283e-12
7.31139e+13 1.14944e-06 1.53256e-11 0.999999 2.69836e-12
7.37904e+13 1.12748e-06 1.50368e-11 0.999999 2.63986e-12
7.44732e+13 1.10594e-06 1.47535e-11 0.999999 2.58356e-12
7.51623e+13 1.08482e-06 1.44723e-11 0.999999 2.53064e-12
7.58578e+13 1.0641e-06 1.41999e-11 0.999999 2.4757e-12
7.65597e+13 1.04378e-06 1.39295e-11 0.999999 2.42539e-12
7.72681e+13 1.02385e-06 1.36646e-11 0.999999 2.37745e-12
7.7983e+13 1.0043e-06 1.34052e-11 0.999999 2.32558e-12
7.87046e+13 9.85129e-07 1.31515e-11 0.999999 2.27959e-12
7.94328e+13 9.66326e-07 1.29039e-11 0.999999 2.23249e-12
8.01678e+13 9.47884e-07 1.2658e-11 0.999999 2.19173e-12
8.09096e+13 9.29796e-07 1.24149e-11 0.999999 2.14588e-12
8.16582e+13 9.12056e-07 1.21833e-11 0.999999 2.10032e-12
8.24138e+13 8.94658e-07 1.19519e-11 0.999999 2.06135e-12
8.31764e+13 8.77593e-07 1.17247e-11 0.999999 2.01776e-12
8.3946e+13 8.60856e-07 1.15046e-11 0.999999 1.97768e-12
8.47227e+13 8.44441e-07 1.1287e-11 0.999999 1.93842e-12
8.55067e+13 8.28342e-07 1.1072e-11 0.999999 1.90264e-12
8.62979e+13 8.12552e-07 1.08633e-11 0.999999 1.86447e-12
8.70964e+13 7.97065e-07 1.06563e-11 0.999999 1.82643e-12
8.79023e+13 7.81876e-07 1.04541e-11 0.999999 1.79101e-12
8.87156e+13 7.66979e-07 1.02549e-11 0.999999 1.75752e-12
8.95365e+13 7.52369e-07 1.0059e-11 0.999999 1.72215e-12
9.03649e+13 7.38039e-07 9.87187e-12 0.999999 1.68697e-12
9.12011e+13 7.23984e-07 9.68753e-12 0.999999 1.65376e-12
9.2045e+13 7.10199e-07 9.50094e-12 0.999999 1.62227e-12
9.28966e+13 6.9668e-07 9.32071e-12 0.999999 1.59137e-12
9.37562e+13 6.8342e-07 9.14688e-12 0.999999 1.56097e-12
9.46237e+13 6.70414e-07 8.97284e-12 0.999999 1.5284e-12
9.54993e+13 6.57659e-07 8.80271e-12 0.999999 1.50188e-12
9.63829e+13 6.45149e-07 8.63647e-12 0.999999 1.47518e-12
9.72747e+13 6.32878e-07 8.47225e-12 0.999999 1.44458e-12
9.81748e+13 6.20844e-07 8.31191e-12 0.999999 1.41703e-12
9.90832e+13 6.0904e-07 8.15566e-12 0.999999 1.39383e-12
1e+14 5.97463e-07 8.00061e-12 0.999999 1.36513e-12
