1e+10 -7.14025e-08 0.00103349 0.981242 0.0177247
1.00925e+10 1.08383e-05 0.00101472 0.981571 0.0174033
1.01859e+10 8.46979e-06 0.000996351 0.981908 0.0170875
1.02802e+10 9.95321e-06 0.000978008 0.982233 0.0167789
1.03753e+10 1.62923e-06 0.000960329 0.982564 0.0164742
1.04713e+10 2.38661e-07 0.000942757 0.982881 0.016176
1.05682e+10 7.8134e-06 0.000925687 0.983184 0.0158823
1.0666e+10 1.88032e-07 0.000908603 0.983496 0.0155955
1.07647e+10 8.32615e-07 0.000891991 0.983794 0.0153131
1.08643e+10 3.84689e-06 0.000875963 0.984086 0.0150343
1.09648e+10 2.21043e-06 0.000859712 0.984375 0.0147632
1.10662e+10 2.93727e-06 0.00084402 0.984657 0.0144956
1.11686e+10 1.39459e-06 0.000828845 0.984938 0.0142316
1.1272e+10 5.1577e-06 0.000813486 0.985207 0.0139748
1.13763e+10 6.65545e-06 0.000798647 0.985473 0.0137213
1.14815e+10 1.34445e-08 0.000784161 0.985744 0.013472
1.15878e+10 9.67012e-06 0.000769832 0.985993 0.0132277
1.1695e+10 1.01632e-05 0.000755851 0.986247 0.0129874
1.18032e+10 7.05012e-06 0.000741883 0.986498 0.0127527
1.19124e+10 4.13008e-06 0.000728581 0.986747 0.0125201
1.20226e+10 3.66267e-07 0.000715187 0.986991 0.0122934
1.21339e+10 3.64032e-06 0.000702202 0.987224 0.0120699
1.22462e+10 8.44604e-06 0.000689149 0.98745 0.0118521
1.23595e+10 8.96224e-06 0.000676743 0.987678 0.0116361
1.24738e+10 9.65916e-06 0.00066435 0.987901 0.011425
1.25893e+10 5.13929e-06 0.000652002 0.988124 0.0112188
1.27057e+10 8.78317e-06 0.000640309 0.988337 0.011014
1.28233e+10 6.12548e-06 0.000628626 0.988551 0.010814
1.2942e+10 1.07305e-05 0.000617038 0.988754 0.0106182
1.30617e+10 2.95875e-07 0.000605657 0.988968 0.010426
1.31826e+10 6.91554e-06 0.000594514 0.989162 0.010237
1.33045e+10 6.09447e-06 0.000583622 0.989359 0.0100513
1.34276e+10 7.85771e-08 0.000573072 0.989559 0.00986817
1.35519e+10 9.65165e-06 0.000562497 0.989738 0.00968946
1.36773e+10 1.08475e-05 0.000552313 0.989924 0.00951298
1.38038e+10 1.01763e-05 0.000542112 0.990107 0.00934073
1.39316e+10 1.75836e-07 0.000532188 0.990296 0.00917115
1.40605e+10 9.76029e-06 0.00052242 0.990463 0.00900474
1.41906e+10 1.07542e-05 0.00051292 0.990635 0.00884089
1.43219e+10 8.09741e-06 0.00050342 0.990808 0.0086809
1.44544e+10 6.18632e-07 0.000494335 0.990982 0.00852257
1.45881e+10 5.39478e-06 0.000485117 0.991141 0.00836863
1.47231e+10 8.04038e-06 0.000476244 0.991299 0.00821657
1.48594e+10 2.60716e-06 0.000467506 0.991462 0.00806742
1.49968e+10 5.21788e-06 0.000459145 0.991616 0.00791983
1.51356e+10 8.85379e-07 0.00045055 0.991772 0.00777692
1.52757e+10 3.49336e-06 0.00044225 0.991918 0.00763588
1.5417e+10 3.01705e-07 0.000434199 0.992069 0.00749689
1.55597e+10 7.54287e-06 0.00042638 0.992206 0.00735999
1.57036e+10 5.71112e-07 0.0004184 0.992354 0.00722713
1.58489e+10 4.61162e-06 0.000410676 0.992489 0.00709612
1.59956e+10 2.35681e-06 0.000403152 0.992627 0.00696717
1.61436e+10 2.00673e-06 0.000395918 0.992762 0.00683978
1.6293e+10 7.63363e-06 0.000388491 0.992888 0.00671636
1.64437e+10 9.83162e-06 0.000381495 0.993015 0.00659366
1.65959e+10 9.33683e-06 0.000374504 0.993142 0.00647383
1.67494e+10 9.31443e-06 0.000367517 0.993266 0.0063568
1.69044e+10 -3.86707e-09 0.000360812 0.993398 0.00624111
1.70608e+10 8.55805e-06 0.00035412 0.993509 0.00612807
1.72187e+10 1.04052e-05 0.0003477 0.993626 0.00601631
1.7378e+10 1.0056e-05 0.00034128 0.993741 0.00590719
1.75388e+10 3.35176e-06 0.000334937 0.993861 0.00580026
1.77011e+10 6.09329e-06 0.000328959 0.993971 0.00569398
1.78649e+10 9.74699e-08 0.000322804 0.994086 0.00559111
1.80302e+10 2.06647e-06 0.000316818 0.994191 0.00548981
1.8197e+10 3.21287e-07 0.000311032 0.994299 0.00538988
1.83654e+10 4.64983e-06 0.000305438 0.994399 0.00529132
1.85353e+10 5.97505e-06 0.000299652 0.994498 0.00519607
1.87068e+10 9.43171e-06 0.000294276 0.994595 0.00510098
1.88799e+10 6.29348e-06 0.000288895 0.994697 0.00500814
1.90546e+10 8.46351e-06 0.000283567 0.994791 0.00491723
1.92309e+10 8.57969e-06 0.000278227 0.994885 0.00482853
1.94089e+10 8.17184e-07 0.000273206 0.994986 0.00474031
1.95884e+10 5.47723e-06 0.000268059 0.995072 0.0046548
1.97697e+10 9.5707e-06 0.000263175 0.995157 0.00456998
1.99526e+10 9.52867e-06 0.000258323 0.995245 0.004487
2.01372e+10 4.06887e-06 0.000253523 0.995337 0.00440571
2.03236e+10 2.56661e-06 0.000249 0.995424 0.00432492
2.05116e+10 5.89204e-06 0.000244273 0.995503 0.00424708
2.07014e+10 1.01285e-05 0.00023987 0.995581 0.00416943
2.0893e+10 8.92544e-06 0.000235487 0.995662 0.0040935
2.10863e+10 1.01053e-05 0.000231112 0.995739 0.00401933
2.12814e+10 5.277e-06 0.000226765 0.995821 0.00394677
2.14783e+10 2.86714e-06 0.000222724 0.9959 0.00387435
2.1677e+10 4.03139e-06 0.000218483 0.995973 0.00380468
2.18776e+10 9.83855e-06 0.000214505 0.99604 0.0037353
2.208e+10 1.01656e-05 0.000210577 0.996112 0.00366731
2.22844e+10 8.88948e-06 0.000206649 0.996184 0.00360092
2.24905e+10 1.2462e-06 0.000202833 0.99626 0.00353554
2.26986e+10 7.37207e-06 0.000199207 0.996323 0.00347072
2.29087e+10 7.5244e-07 0.000195427 0.996396 0.00340822
2.31206e+10 7.68492e-06 0.000191802 0.996454 0.00334641
2.33346e+10 9.37409e-06 0.000188292 0.996517 0.00328548
2.35505e+10 7.95112e-06 0.000184795 0.996581 0.00322591
2.37684e+10 1.42563e-06 0.000181388 0.99665 0.0031673
2.39883e+10 5.38519e-06 0.000178155 0.996707 0.00310917
2.42103e+10 3.97356e-06 0.000174735 0.996768 0.00305338
2.44343e+10 1.00642e-05 0.000171589 0.996821 0.0029975
2.46604e+10 6.66797e-06 0.000168467 0.996882 0.00294281
2.48886e+10 6.05493e-06 0.000165358 0.996939 0.00288935
2.51189e+10 9.31461e-06 0.000162279 0.996991 0.002837
2.53513e+10 7.20472e-06 0.00015919 0.997048 0.00278595
2.55859e+10 9.28201e-07 0.000156337 0.997108 0.00273489
2.58226e+10 7.91322e-06 0.000153366 0.997153 0.00268565
2.60615e+10 8.33467e-06 0.00015063 0.997205 0.00263636
2.63027e+10 3.50462e-06 0.000147854 0.99726 0.00258844
2.65461e+10 2.91322e-06 0.000145118 0.997311 0.00254145
2.67917e+10 6.50734e-06 0.000142439 0.997356 0.00249527
2.70396e+10 9.89532e-06 0.000139733 0.9974 0.00245033
2.72898e+10 3.31804e-07 0.000137142 0.997457 0.00240587
2.75423e+10 1.01741e-05 0.000134643 0.997493 0.00236198
2.77971e+10 1.41354e-06 0.000132175 0.997547 0.00231897
2.80543e+10 7.96726e-07 0.00012966 0.997592 0.00227723
2.83139e+10 2.61014e-06 0.000127243 0.997634 0.00223597
2.85759e+10 1.43283e-06 0.000124897 0.997678 0.00219532
2.88403e+10 2.66963e-07 0.000122639 0.997722 0.00215518
2.91072e+10 8.12044e-06 0.000120398 0.997756 0.00211589
2.93765e+10 4.09447e-06 0.000118071 0.9978 0.00207799
2.96483e+10 7.52419e-06 0.000115984 0.997837 0.00203974
2.99226e+10 9.92786e-09 0.00011379 0.997883 0.00200295
3.01995e+10 3.35405e-06 0.000111631 0.997918 0.00196685
3.04789e+10 5.80815e-06 0.000109562 0.997953 0.00193115
3.0761e+10 4.63619e-06 0.000107529 0.997992 0.00189611
3.10456e+10 6.17657e-07 0.00010556 0.998032 0.00186156
3.13329e+10 3.33106e-06 0.000103675 0.998066 0.0018274
3.16228e+10 9.40331e-06 0.000101683 0.998094 0.00179459
3.19154e+10 8.26767e-07 9.98455e-05 0.998138 0.00176177
3.22107e+10 6.19845e-06 9.79213e-05 0.998166 0.00173017
3.25087e+10 9.70096e-06 9.61677e-05 0.998196 0.00169844
3.28095e+10 6.3963e-06 9.44123e-05 0.998232 0.00166746
3.31131e+10 5.27988e-06 9.26632e-05 0.998265 0.00163719
3.34195e+10 7.52858e-06 9.09398e-05 0.998294 0.00160749
3.37287e+10 1.01237e-05 8.9209e-05 0.998322 0.00157855
3.40408e+10 3.66727e-06 8.75079e-05 0.998359 0.00155014
3.43558e+10 3.14802e-06 8.59682e-05 0.998389 0.00152156
3.46737e+10 7.01728e-06 8.42882e-05 0.998414 0.00149439
3.49945e+10 6.34282e-06 8.28058e-05 0.998444 0.00146684
3.53183e+10 6.99704e-09 8.12238e-05 0.998478 0.00144046
3.56451e+10 2.90033e-06 7.96747e-05 0.998503 0.00141453
3.59749e+10 5.46652e-06 7.81898e-05 0.998527 0.00138889
3.63078e+10 4.87151e-06 7.67351e-05 0.998555 0.0013637
3.66438e+10 1.48125e-06 7.53192e-05 0.998584 0.0013389
3.69828e+10 8.29237e-07 7.39703e-05 0.998611 0.00131435
3.7325e+10 9.25145e-06 7.2596e-05 0.998628 0.0012905
3.76704e+10 2.77037e-06 7.11838e-05 0.998659 0.00126741
3.80189e+10 7.5506e-06 6.9931e-05 0.998678 0.00124405
3.83707e+10 2.97075e-07 6.85796e-05 0.998709 0.00122175
3.87258e+10 8.0327e-06 6.7285e-05 0.998725 0.00119969
3.90841e+10 9.58704e-06 6.60767e-05 0.998747 0.0011777
3.94457e+10 7.56472e-06 6.48656e-05 0.998771 0.00115624
3.98107e+10 7.065e-06 6.36584e-05 0.998794 0.00113527
4.01791e+10 8.94054e-06 6.24614e-05 0.998814 0.00111474
4.05509e+10 9.37808e-06 6.12596e-05 0.998835 0.00109473
4.09261e+10 2.65947e-06 6.00981e-05 0.998862 0.00107499
4.13048e+10 2.70708e-06 5.90431e-05 0.998883 0.00105516
4.16869e+10 8.88116e-06 5.78868e-05 0.998897 0.00103632
4.20727e+10 1.60402e-06 5.68548e-05 0.998924 0.00101729
4.2462e+10 5.32837e-06 5.57313e-05 0.99894 0.000999178
4.28549e+10 9.49769e-06 5.47416e-05 0.998955 0.000980805
4.32514e+10 3.89399e-06 5.37387e-05 0.998979 0.000962931
4.36516e+10 6.57351e-07 5.27179e-05 0.999001 0.000945574
4.40555e+10 1.07878e-07 5.17227e-05 0.99902 0.000928496
4.44631e+10 3.93695e-07 5.07624e-05 0.999037 0.000911642
4.48745e+10 2.8721e-06 4.98328e-05 0.999052 0.000895026
4.52898e+10 8.43895e-06 4.88953e-05 0.999064 0.000878843
4.57088e+10 7.74837e-06 4.79302e-05 0.999081 0.000863191
4.61318e+10 2.48523e-08 4.70614e-05 0.999106 0.000847411
4.65586e+10 9.69453e-06 4.61914e-05 0.999112 0.000832008
4.69894e+10 1.52868e-07 4.53068e-05 0.999137 0.000817047
4.74242e+10 9.74045e-06 4.44571e-05 0.999144 0.000802259
4.7863e+10 4.12641e-06 4.36657e-05 0.999165 0.000787516
4.83059e+10 1.28895e-07 4.28086e-05 0.999184 0.000773465
4.87528e+10 3.86994e-06 4.19831e-05 0.999195 0.000759585
4.9204e+10 7.0052e-06 4.11986e-05 0.999206 0.000745822
4.96592e+10 7.7526e-06 4.04292e-05 0.99922 0.000732306
5.01187e+10 6.42142e-06 3.96673e-05 0.999235 0.000719071
5.05825e+10 2.83611e-06 3.89242e-05 0.999252 0.000706052
5.10505e+10 2.16526e-08 3.82218e-05 0.999269 0.000693127
5.15229e+10 5.58681e-06 3.75331e-05 0.999276 0.000680433
5.19996e+10 8.95046e-06 3.67824e-05 0.999286 0.000668364
5.24807e+10 1.77537e-08 3.61093e-05 0.999308 0.000656178
5.29663e+10 1.00941e-05 3.54352e-05 0.99931 0.000644284
5.34564e+10 4.69703e-08 3.47673e-05 0.999333 0.000632641
5.39511e+10 8.69513e-06 3.40906e-05 0.999336 0.00062132
5.44503e+10 6.78917e-06 3.34971e-05 0.99935 0.000609831
5.49541e+10 2.22542e-07 3.28474e-05 0.999368 0.000598906
5.54626e+10 1.97486e-06 3.21989e-05 0.999378 0.000588237
5.59758e+10 5.73089e-06 3.15873e-05 0.999385 0.000577631
5.64937e+10 7.40797e-06 3.09959e-05 0.999394 0.000567169
5.70164e+10 7.11586e-06 3.04118e-05 0.999406 0.000556917
5.7544e+10 4.92258e-06 2.98361e-05 0.999418 0.000546865
5.80764e+10 1.18449e-06 2.92829e-05 0.999433 0.000536932
5.86138e+10 7.27869e-07 2.87612e-05 0.999443 0.000527066
5.91562e+10 7.93472e-06 2.82281e-05 0.999446 0.000517492
5.97035e+10 7.52277e-06 2.76519e-05 0.999456 0.000508373
6.0256e+10 3.17136e-07 2.7161e-05 0.999473 0.000499023
6.08135e+10 1.03279e-05 2.6641e-05 0.999473 0.000490046
6.13762e+10 1.86145e-08 2.61361e-05 0.999493 0.000481203
6.19441e+10 1.01367e-05 2.56335e-05 0.999492 0.000472558
6.25173e+10 3.26311e-06 2.51826e-05 0.999508 0.000463844
6.30957e+10 1.79993e-06 2.46632e-05 0.999518 0.000455698
6.36796e+10 9.59915e-06 2.42009e-05 0.999519 0.000447447
6.42688e+10 9.68301e-06 2.37735e-05 0.999527 0.000439206
6.48634e+10 5.365e-06 2.33333e-05 0.99954 0.000431224
6.54636e+10 2.43592e-06 2.28873e-05 0.999551 0.000423463
6.60693e+10 1.58402e-06 2.24512e-05 0.99956 0.000415833
6.66807e+10 1.98486e-06 2.2027e-05 0.999568 0.000408322
6.72977e+10 4.33081e-06 2.16153e-05 0.999573 0.000400922
6.79204e+10 8.43069e-06 2.12019e-05 0.999577 0.000393707
6.85488e+10 1.04871e-05 2.0776e-05 0.999582 0.00038673
6.91831e+10 4.61058e-06 2.03631e-05 0.999595 0.000379854
6.98232e+10 4.12458e-07 2.00079e-05 0.999607 0.000372834
7.04693e+10 9.74875e-06 1.96332e-05 0.999605 0.000366081
7.11214e+10 3.71036e-06 1.92253e-05 0.999617 0.000359666
7.17794e+10 5.29536e-06 1.89045e-05 0.999623 0.000352941
7.24436e+10 5.68499e-06 1.84998e-05 0.999629 0.00034682
7.31139e+10 6.89325e-06 1.81926e-05 0.999635 0.000340327
7.37904e+10 1.35854e-06 1.78094e-05 0.999646 0.000334392
7.44732e+10 1.10587e-05 1.74808e-05 0.999643 0.000328308
7.51623e+10 4.92242e-06 1.71746e-05 0.999656 0.000322247
7.58578e+10 1.15401e-07 1.68209e-05 0.999666 0.000316583
7.65597e+10 5.24321e-06 1.64816e-05 0.999667 0.00031098
7.72681e+10 1.04068e-05 1.61759e-05 0.999668 0.000305331
7.7983e+10 1.15756e-05 1.58821e-05 0.999673 0.000299751
7.87046e+10 1.0896e-05 1.55876e-05 0.999679 0.000294305
7.94328e+10 1.05086e-05 1.52922e-05 0.999685 0.000288993
8.01678e+10 1.10012e-05 1.4997e-05 0.99969 0.000283806
8.09096e+10 1.15642e-05 1.47008e-05 0.999695 0.000278748
8.16582e+10 1.00137e-05 1.44052e-05 0.999702 0.000273809
8.24138e+10 4.67002e-06 1.41226e-05 0.999712 0.000268918
8.31764e+10 5.14577e-08 1.38705e-05 0.999722 0.00026398
8.3946e+10 5.25808e-06 1.36271e-05 0.999722 0.000259109
8.47227e+10 1.11743e-05 1.33422e-05 0.999721 0.000254576
8.55067e+10 1.78343e-06 1.30756e-05 0.999735 0.000250056
8.62979e+10 5.75123e-06 1.28589e-05 0.999736 0.000245373
8.70964e+10 8.18255e-06 1.25755e-05 0.999738 0.000241159
8.79023e+10 2.15705e-06 1.2366e-05 0.999749 0.00023665
8.87156e+10 9.06312e-06 1.20984e-05 0.999746 0.000232558
8.95365e+10 3.90811e-06 1.1899e-05 0.999756 0.000228197
9.03649e+10 4.45041e-06 1.16339e-05 0.99976 0.000224294
9.12011e+10 1.08445e-05 1.14381e-05 0.999758 0.00022011
9.2045e+10 8.92661e-07 1.12177e-05 0.999772 0.000216156
9.28966e+10 4.30606e-06 1.09738e-05 0.999772 0.000212425
9.37562e+10 1.1723e-05 1.07755e-05 0.999769 0.000208538
9.46237e+10 8.89379e-06 1.0589e-05 0.999776 0.000204676
9.54993e+10 2.68537e-06 1.03835e-05 0.999786 0.000201007
9.63829e+10 1.11579e-07 1.01693e-05 0.999792 0.000197474
9.72747e+10 8.69305e-07 9.96135e-06 0.999795 0.000193992
9.81748e+10 2.42472e-06 9.76293e-06 0.999797 0.000190543
9.90832e+10 3.21374e-06 9.57209e-06 0.9998 0.000187134
1e+11 2.82887e-06 9.38702e-06 0.999804 0.000183776
1.00925e+11 1.43118e-06 9.20857e-06 0.999809 0.000180461
1.01859e+11 1.46511e-07 9.03841e-06 0.999814 0.000177179
1.02802e+11 1.2426e-06 8.87588e-06 0.999816 0.000173932
1.03753e+11 6.42604e-06 8.71097e-06 0.999814 0.000170774
1.04713e+11 1.19527e-05 8.53008e-06 0.999812 0.000167777
1.05682e+11 8.89655e-06 8.34321e-06 0.999818 0.000164887
1.0666e+11 5.54481e-07 8.18901e-06 0.999829 0.000161888
1.07647e+11 5.4384e-06 8.05237e-06 0.999828 0.000158863
1.08643e+11 1.14395e-05 7.87311e-06 0.999825 0.000156142
1.09648e+11 6.77417e-07 7.71855e-06 0.999838 0.000153352
1.10662e+11 8.64418e-06 7.58881e-06 0.999833 0.000150492
1.11686e+11 5.55006e-06 7.41157e-06 0.999839 0.00014796
1.1272e+11 4.8756e-06 7.29667e-06 0.999843 0.000145146
1.13763e+11 6.85462e-06 7.1248e-06 0.999843 0.000142712
1.14815e+11 5.75109e-06 7.01435e-06 0.999847 0.000139999
1.15878e+11 3.64953e-06 6.84908e-06 0.999852 0.00013765
1.1695e+11 1.03795e-05 6.73642e-06 0.999848 0.00013507
1.18032e+11 1.80268e-07 6.59844e-06 0.999861 0.000132688
1.19124e+11 8.04277e-06 6.45393e-06 0.999855 0.0001304
1.20226e+11 9.58838e-06 6.35001e-06 0.999856 0.000127943
1.21339e+11 8.70334e-07 6.2219e-06 0.999867 0.000125676
1.22462e+11 3.00824e-06 6.08054e-06 0.999867 0.000123538
1.23595e+11 1.03346e-05 5.96423e-06 0.999862 0.000121313
1.24738e+11 1.07565e-05 5.8622e-06 0.999864 0.000119061
1.25893e+11 5.68855e-06 5.75281e-06 0.999872 0.000116901
1.27057e+11 1.34869e-06 5.63416e-06 0.999878 0.000114844
1.28233e+11 5.45047e-08 5.51428e-06 0.999882 0.000112843
1.2942e+11 8.10915e-07 5.39848e-06 0.999883 0.000110869
1.30617e+11 2.04485e-06 5.28784e-06 0.999884 0.000108914
1.31826e+11 2.76207e-06 5.18158e-06 0.999885 0.000106981
1.33045e+11 2.65801e-06 5.07869e-06 0.999887 0.000105075
1.34276e+11 1.81894e-06 4.97895e-06 0.99989 0.000103197
1.35519e+11 6.09802e-07 4.88338e-06 0.999893 0.00010134
1.36773e+11 1.17219e-07 4.79274e-06 0.999896 9.94991e-05
1.38038e+11 1.98126e-06 4.70504e-06 0.999896 9.76844e-05
1.39316e+11 6.80708e-06 4.61461e-06 0.999893 9.59273e-05
1.40605e+11 1.1706e-05 4.51529e-06 0.99989 9.42622e-05
1.41906e+11 1.06328e-05 4.41096e-06 0.999892 9.26663e-05
1.43219e+11 3.11723e-06 4.31998e-06 0.999902 9.10345e-05
1.44544e+11 7.92175e-07 4.24903e-06 0.999906 8.93279e-05
1.45881e+11 9.34261e-06 4.16838e-06 0.999899 8.77154e-05
1.47231e+11 1.00556e-05 4.06601e-06 0.9999 8.62644e-05
1.48594e+11 4.72339e-07 3.98862e-06 0.999911 8.4708e-05
1.49968e+11 7.37947e-06 3.92272e-06 0.999906 8.31226e-05
1.51356e+11 9.14714e-06 3.82377e-06 0.999905 8.17622e-05
1.52757e+11 4.0337e-07 3.758e-06 0.999916 8.02467e-05
1.5417e+11 1.11476e-05 3.68201e-06 0.999906 7.88248e-05
1.55597e+11 1.36108e-06 3.59816e-06 0.999918 7.74816e-05
1.57036e+11 8.95397e-06 3.5392e-06 0.999911 7.6029e-05
1.58489e+11 2.6727e-06 3.45131e-06 0.999919 7.47755e-05
1.59956e+11 8.47876e-06 3.39684e-06 0.999915 7.33616e-05
1.61436e+11 1.63868e-06 3.31366e-06 0.999923 7.2145e-05
1.6293e+11 9.88575e-06 3.25602e-06 0.999916 7.0812e-05
1.64437e+11 2.41891e-07 3.18625e-06 0.999927 6.95793e-05
1.65959e+11 8.90479e-06 3.11543e-06 0.99992 6.83831e-05
1.67494e+11 4.40125e-06 3.06485e-06 0.999925 6.70984e-05
1.69044e+11 1.67506e-06 2.98823e-06 0.999929 6.5994e-05
1.70608e+11 9.38021e-06 2.9308e-06 0.999923 6.48066e-05
1.72187e+11 4.04704e-06 2.87966e-06 0.999929 6.36099e-05
1.7378e+11 6.37492e-07 2.8099e-06 0.999934 6.25494e-05
1.75388e+11 7.02261e-06 2.74893e-06 0.999929 6.14646e-05
1.77011e+11 8.32008e-06 2.70188e-06 0.999929 6.03245e-05
1.78649e+11 2.74475e-06 2.6485e-06 0.999935 5.92473e-05
1.80302e+11 2.61233e-07 2.58628e-06 0.999939 5.82475e-05
1.8197e+11 3.53234e-06 2.52726e-06 0.999937 5.72541e-05
1.83654e+11 7.57681e-06 2.47674e-06 0.999934 5.62352e-05
1.85353e+11 8.53075e-06 2.43072e-06 0.999934 5.52137e-05
1.87068e+11 6.60952e-06 2.38409e-06 0.999937 5.42192e-05
1.88799e+11 3.82271e-06 2.33517e-06 0.999941 5.32616e-05
1.90546e+11 1.65483e-06 2.28491e-06 0.999944 5.23348e-05
1.92309e+11 5.07808e-07 2.23484e-06 0.999946 5.14294e-05
1.94089e+11 1.3235e-07 2.18594e-06 0.999947 5.0539e-05
1.95884e+11 1.24992e-07 2.13861e-06 0.999948 4.96611e-05
1.97697e+11 1.8108e-07 2.09287e-06 0.999949 4.87948e-05
1.99526e+11 1.61532e-07 2.04867e-06 0.99995 4.79402e-05
2.01372e+11 9.38561e-08 2.00599e-06 0.999951 4.7097e-05
2.03236e+11 1.71301e-07 1.96479e-06 0.999952 4.6265e-05
2.05116e+11 7.37776e-07 1.9249e-06 0.999952 4.54449e-05
2.07014e+11 2.17805e-06 1.88578e-06 0.999951 4.46395e-05
2.0893e+11 4.61199e-06 1.84639e-06 0.99995 4.38549e-05
2.10863e+11 7.42077e-06 1.80549e-06 0.999948 4.30981e-05
2.12814e+11 9.01455e-06 1.76276e-06 0.999947 4.23709e-05
2.14783e+11 7.63938e-06 1.7201e-06 0.999949 4.16615e-05
2.1677e+11 3.50419e-06 1.68149e-06 0.999954 4.09451e-05
2.18776e+11 3.04971e-07 1.64926e-06 0.999958 4.02072e-05
2.208e+11 2.38079e-06 1.61928e-06 0.999957 3.94726e-05
2.22844e+11 7.93387e-06 1.58341e-06 0.999952 3.8791e-05
2.24905e+11 8.59649e-06 1.5417e-06 0.999952 3.8162e-05
2.26986e+11 2.51843e-06 1.50624e-06 0.999958 3.75106e-05
2.29087e+11 1.19681e-06 1.48072e-06 0.999961 3.68137e-05
2.31206e+11 8.09917e-06 1.44906e-06 0.999954 3.61707e-05
2.33346e+11 7.53942e-06 1.40871e-06 0.999955 3.5597e-05
2.35505e+11 6.63675e-07 1.38047e-06 0.999963 3.49628e-05
2.37684e+11 6.04121e-06 1.35606e-06 0.999958 3.432e-05
2.39883e+11 8.52909e-06 1.31741e-06 0.999956 3.37807e-05
2.42103e+11 7.80731e-07 1.29012e-06 0.999965 3.31843e-05
2.44343e+11 7.46544e-06 1.26649e-06 0.999959 3.25794e-05
2.46604e+11 6.32602e-06 1.22895e-06 0.99996 3.20758e-05
2.48886e+11 1.80289e-06 1.20868e-06 0.999966 3.14766e-05
2.51189e+11 9.7359e-06 1.17792e-06 0.999958 3.09576e-05
2.53513e+11 1.25643e-06 1.1497e-06 0.999967 3.04351e-05
2.55859e+11 8.49333e-06 1.12832e-06 0.99996 2.98824e-05
2.58226e+11 3.31664e-06 1.09532e-06 0.999966 2.94163e-05
2.60615e+11 6.5791e-06 1.07812e-06 0.999963 2.88616e-05
2.63027e+11 4.74931e-06 1.04481e-06 0.999966 2.84227e-05
2.65461e+11 5.87046e-06 1.02883e-06 0.999965 2.78839e-05
2.67917e+11 4.75408e-06 9.96681e-07 0.999967 2.74617e-05
2.70396e+11 6.56462e-06 9.81162e-07 0.999966 2.69432e-05
2.72898e+11 3.43255e-06 9.50817e-07 0.999969 2.65325e-05
2.75423e+11 8.2859e-06 9.34468e-07 0.999965 2.60418e-05
2.77971e+11 1.65815e-06 9.08123e-07 0.999972 2.56274e-05
2.80543e+11 9.33997e-06 8.87753e-07 0.999965 2.5185e-05
2.83139e+11 2.07824e-06 8.68669e-07 0.999972 2.47441e-05
2.85759e+11 6.65636e-06 8.4252e-07 0.999968 2.43611e-05
2.88403e+11 6.61931e-06 8.2861e-07 0.999969 2.39066e-05
2.91072e+11 1.79904e-06 8.03839e-07 0.999974 2.35347e-05
2.93765e+11 8.71516e-06 7.84358e-07 0.999967 2.31378e-05
2.96483e+11 4.36876e-06 7.69512e-07 0.999972 2.27189e-05
2.99226e+11 2.52654e-06 7.45213e-07 0.999974 2.23736e-05
3.01995e+11 8.67928e-06 7.28048e-07 0.999969 2.19897e-05
3.04789e+11 4.69904e-06 7.13782e-07 0.999973 2.15949e-05
3.0761e+11 1.75302e-06 6.91633e-07 0.999976 2.12632e-05
3.10456e+11 7.39123e-06 6.73262e-07 0.999971 2.0915e-05
3.13329e+11 7.26206e-06 6.60616e-07 0.999972 2.05357e-05
3.16228e+11 1.87354e-06 6.43041e-07 0.999977 2.0199e-05
3.19154e+11 3.1111e-06 6.22635e-07 0.999976 1.98909e-05
3.22107e+11 7.96602e-06 6.07527e-07 0.999972 1.95543e-05
3.25087e+11 7.01643e-06 5.95318e-07 0.999973 1.92053e-05
3.28095e+11 2.29428e-06 5.79553e-07 0.999978 1.88892e-05
3.31131e+11 1.56621e-06 5.61035e-07 0.999979 1.8601e-05
3.34195e+11 5.46895e-06 5.44855e-07 0.999976 1.83042e-05
3.37287e+11 8.34621e-06 5.32403e-07 0.999973 1.79883e-05
3.40408e+11 6.84393e-06 5.2066e-07 0.999975 1.76745e-05
3.43558e+11 3.04525e-06 5.06819e-07 0.999979 1.73832e-05
3.46737e+11 8.22776e-07 4.91025e-07 0.999982 1.71137e-05
3.49945e+11 1.8048e-06 4.75297e-07 0.999981 1.68511e-05
3.53183e+11 4.78425e-06 4.61272e-07 0.999978 1.65833e-05
3.56451e+11 7.54328e-06 4.49166e-07 0.999976 1.63082e-05
3.59749e+11 8.62217e-06 4.38166e-07 0.999975 1.60316e-05
3.63078e+11 7.85284e-06 4.27288e-07 0.999976 1.57607e-05
3.66438e+11 5.92814e-06 4.1594e-07 0.999978 1.54997e-05
3.69828e+11 3.73406e-06 4.04019e-07 0.999981 1.52497e-05
3.7325e+11 1.91207e-06 3.9173e-07 0.999983 1.50089e-05
3.76704e+11 7.37587e-07 3.79371e-07 0.999984 1.47752e-05
3.80189e+11 1.97629e-07 3.67191e-07 0.999985 1.45464e-05
3.83707e+11 1.27694e-07 3.5534e-07 0.999985 1.43213e-05
3.87258e+11 3.24415e-07 3.43878e-07 0.999985 1.40993e-05
3.90841e+11 6.09409e-07 3.32806e-07 0.999985 1.38802e-05
3.94457e+11 8.52706e-07 3.22103e-07 0.999985 1.36641e-05
3.98107e+11 9.73939e-07 3.11744e-07 0.999985 1.34511e-05
4.01791e+11 9.37244e-07 3.01716e-07 0.999986 1.32411e-05
4.05509e+11 7.49866e-07 2.92021e-07 0.999986 1.3034e-05
4.09261e+11 4.68666e-07 2.82675e-07 0.999986 1.28296e-05
4.13048e+11 2.13169e-07 2.73698e-07 0.999987 1.26275e-05
4.16869e+11 1.77225e-07 2.65093e-07 0.999987 1.24275e-05
4.20727e+11 6.23323e-07 2.5682e-07 0.999987 1.223e-05
4.2462e+11 1.83633e-06 2.48764e-07 0.999986 1.20358e-05
4.28549e+11 4.01435e-06 2.40716e-07 0.999984 1.18466e-05
4.32514e+11 7.09603e-06 2.32394e-07 0.999981 1.16649e-05
4.36516e+11 1.05771e-05 2.23522e-07 0.999978 1.14932e-05
4.40555e+11 1.34462e-05 2.13996e-07 0.999975 1.13325e-05
4.44631e+11 1.44245e-05 2.04058e-07 0.999974 1.11808e-05
4.48745e+11 1.26199e-05 1.94379e-07 0.999976 1.10318e-05
4.52898e+11 8.42507e-06 1.85869e-07 0.999981 1.08769e-05
4.57088e+11 4.03709e-06 1.79149e-07 0.999985 1.07099e-05
4.61318e+11 2.74207e-06 1.7391e-07 0.999987 1.05332e-05
4.65586e+11 6.652e-06 1.68717e-07 0.999983 1.03608e-05
4.69894e+11 1.41369e-05 1.61789e-07 0.999975 1.02101e-05
4.74242e+11 1.96997e-05 1.52579e-07 0.99997 1.00871e-05
4.7863e+11 1.82028e-05 1.42806e-07 0.999972 9.97436e-06
4.83059e+11 1.09464e-05 1.35333e-07 0.999979 9.84236e-06
4.87528e+11 6.54238e-06 1.31132e-07 0.999984 9.68055e-06
4.9204e+11 1.22346e-05 1.27493e-07 0.999978 9.5178e-06
4.96592e+11 2.33325e-05 1.20671e-07 0.999967 9.39489e-06
5.01187e+11 2.64054e-05 1.10967e-07 0.999964 9.30811e-06
5.05825e+11 1.77625e-05 1.03206e-07 0.999973 9.20253e-06
5.10505e+11 1.23097e-05 1.00015e-07 0.999979 9.0487e-06
5.15229e+11 2.25037e-05 9.69978e-08 0.999968 8.89987e-06
5.19996e+11 3.49599e-05 8.92127e-08 0.999956 8.81447e-06
5.24807e+11 3.00807e-05 8.01719e-08 0.999961 8.7459e-06
5.29663e+11 2.00375e-05 7.6346e-08 0.999971 8.61356e-06
5.34564e+11 3.00182e-05 7.46259e-08 0.999961 8.46391e-06
5.39511e+11 4.59367e-05 6.76481e-08 0.999946 8.39322e-06
5.44503e+11 3.90077e-05 5.92196e-08 0.999953 8.33932e-06
5.49541e+11 3.08765e-05 5.68844e-08 0.999961 8.20083e-06
5.54626e+11 4.94969e-05 5.48681e-08 0.999942 8.07657e-06
5.59758e+11 5.98585e-05 4.68777e-08 0.999932 8.04739e-06
5.64937e+11 4.55367e-05 4.1459e-08 0.999946 7.9647e-06
5.70164e+11 5.53883e-05 4.12927e-08 0.999937 7.81647e-06
5.7544e+11 7.78958e-05 3.61162e-08 0.999914 7.77671e-06
5.80764e+11 6.62943e-05 2.94069e-08 0.999926 7.73664e-06
5.86138e+11 7.01838e-05 2.9337e-08 0.999922 7.58882e-06
5.91562e+11 9.89419e-05 2.64247e-08 0.999893 7.54501e-06
5.97035e+11 8.93318e-05 2.0027e-08 0.999903 7.52412e-06
6.0256e+11 9.50416e-05 2.03135e-08 0.999898 7.37838e-06
6.08135e+11 0.000127089 1.86975e-08 0.999866 7.35412e-06
6.13762e+11 0.000115189 1.32767e-08 0.999877 7.32671e-06
6.19441e+11 0.000132786 1.49659e-08 0.99986 7.1854e-06
6.25173e+11 0.00016152 1.37822e-08 0.999831 7.20176e-06
6.30957e+11 0.000148601 9.93885e-09 0.999844 7.12992e-06
6.36796e+11 0.000186578 1.42074e-08 0.999806 7.02834e-06
6.42688e+11 0.000197672 1.2008e-08 0.999795 7.0651e-06
6.48634e+11 0.000202371 1.20835e-08 0.999791 6.93017e-06
6.54636e+11 0.000249006 1.81474e-08 0.999744 6.92756e-06
6.60693e+11 0.000241173 1.43433e-08 0.999752 6.88822e-06
6.66807e+11 0.000286053 2.28405e-08 0.999707 6.78238e-06
6.72977e+11 0.000303034 2.40212e-08 0.99969 6.82336e-06
6.79204e+11 0.000322521 2.74056e-08 0.999671 6.6808e-06
6.85488e+11 0.000370971 3.81544e-08 0.999622 6.71237e-06
6.91831e+11 0.000373638 3.62173e-08 0.99962 6.60979e-06
6.98232e+11 0.000436553 5.38044e-08 0.999557 6.57784e-06
7.04693e+11 0.000441763 5.14633e-08 0.999552 6.53505e-06
7.11214e+11 0.000502271 7.08409e-08 0.999491 6.44063e-06
7.17794e+11 0.000521631 7.26975e-08 0.999472 6.43598e-06
7.24436e+11 0.000573164 9.0708e-08 0.99942 6.30311e-06
7.31139e+11 0.000607796 9.85805e-08 0.999386 6.30768e-06
7.37904e+11 0.000651623 1.1472e-07 0.999342 6.15645e-06
7.44732e+11 0.000696943 1.27965e-07 0.999297 6.15102e-06
7.51623e+11 0.000736953 1.43441e-07 0.999257 5.99037e-06
7.58578e+11 0.000786948 1.59946e-07 0.999207 5.96599e-06
7.65597e+11 0.000826638 1.76807e-07 0.999167 5.79773e-06
7.72681e+11 0.000875554 1.93528e-07 0.999119 5.75019e-06
7.7983e+11 0.000917316 2.14335e-07 0.999077 5.57546e-06
7.87046e+11 0.000959801 2.27473e-07 0.999034 5.49979e-06
7.94328e+11 0.00100506 2.55017e-07 0.998989 5.32396e-06
8.01678e+11 0.00103626 2.60633e-07 0.998958 5.21146e-06
8.09096e+11 0.00108509 2.96703e-07 0.99891 5.04574e-06
8.16582e+11 0.00110184 2.92828e-07 0.998893 4.88532e-06
8.24138e+11 0.00115132 3.35222e-07 0.998844 4.7426e-06
8.31764e+11 0.00115477 3.25619e-07 0.99884 4.52902e-06
8.3946e+11 0.00119643 3.64455e-07 0.998799 4.41215e-06
8.47227e+11 0.00119446 3.61154e-07 0.998801 4.16052e-06
8.55067e+11 0.00121377 3.79557e-07 0.998782 4.04812e-06
8.62979e+11 0.00121908 3.97283e-07 0.998777 3.80303e-06
8.70964e+11 0.00120219 3.83446e-07 0.998794 3.65073e-06
8.79023e+11 0.001221 4.22048e-07 0.998775 3.46869e-06
8.87156e+11 0.00117052 3.89043e-07 0.998826 3.2445e-06
8.95365e+11 0.00118643 4.1896e-07 0.99881 3.14319e-06
9.03649e+11 0.00113286 4.05217e-07 0.998864 2.88018e-06
9.12011e+11 0.00110839 3.89119e-07 0.998888 2.80062e-06
9.2045e+11 0.0010895 4.1437e-07 0.998907 2.59722e-06
9.28966e+11 0.00100757 3.62872e-07 0.99899 2.45242e-06
9.37562e+11 0.00101453 3.8432e-07 0.998983 2.37519e-06
9.46237e+11 0.000924848 3.6042e-07 0.999073 2.16819e-06
9.54993e+11 0.000889785 3.24725e-07 0.999108 2.15353e-06
9.63829e+11 0.000864723 3.45851e-07 0.999133 2.00702e-06
9.72747e+11 0.000761075 2.89792e-07 0.999237 1.92672e-06
9.81748e+11 0.000771499 2.84315e-07 0.999226 1.92708e-06
9.90832e+11 0.000696494 2.79967e-07 0.999301 1.78416e-06
1e+12 0.000635644 2.25172e-07 0.999362 1.82467e-06
1.00925e+12 0.000656316 2.35127e-07 0.999342 1.78497e-06
1.01859e+12 0.000562053 2.10475e-07 0.999436 1.71114e-06
1.02802e+12 0.000556199 1.73154e-07 0.999442 1.80671e-06
1.03753e+12 0.000571465 1.85551e-07 0.999427 1.73533e-06
1.04713e+12 0.000488439 1.55554e-07 0.99951 1.73081e-06
1.05682e+12 0.000525372 1.37245e-07 0.999473 1.83557e-06
1.0666e+12 0.000540173 1.49067e-07 0.999458 1.74649e-06
1.07647e+12 0.000477724 1.23392e-07 0.99952 1.775e-06
1.08643e+12 0.000541416 1.2099e-07 0.999457 1.87368e-06
1.09648e+12 0.000565472 1.34704e-07 0.999433 1.768e-06
1.10662e+12 0.000516308 1.14894e-07 0.999482 1.78626e-06
1.11686e+12 0.000590357 1.23893e-07 0.999408 1.87967e-06
1.1272e+12 0.000630563 1.43867e-07 0.999368 1.75909e-06
1.13763e+12 0.000581799 1.2661e-07 0.999416 1.72838e-06
1.14815e+12 0.000645757 1.38656e-07 0.999352 1.81769e-06
1.15878e+12 0.000705367 1.69382e-07 0.999293 1.7019e-06
1.1695e+12 0.000650322 1.53734e-07 0.999348 1.59823e-06
1.18032e+12 0.00067839 1.54649e-07 0.99932 1.66897e-06
1.19124e+12 0.000753897 1.94736e-07 0.999244 1.59595e-06
1.20226e+12 0.00070302 1.89816e-07 0.999295 1.43004e-06
1.21339e+12 0.000672468 1.6786e-07 0.999326 1.44647e-06
1.22462e+12 0.000743652 1.99871e-07 0.999255 1.44335e-06
1.23595e+12 0.000724813 2.19012e-07 0.999274 1.27468e-06
1.24738e+12 0.000639085 1.84814e-07 0.99936 1.20595e-06
1.25893e+12 0.000663639 1.81219e-07 0.999335 1.24948e-06
1.27057e+12 0.000695219 2.14999e-07 0.999303 1.15831e-06
1.28233e+12 0.000606883 2.02635e-07 0.999392 1.02653e-06
1.2942e+12 0.000549696 1.63978e-07 0.999449 1.04601e-06
1.30617e+12 0.000595531 1.72328e-07 0.999403 1.06379e-06
1.31826e+12 0.000578877 1.92164e-07 0.99942 9.55256e-07
1.33045e+12 0.000478234 1.64453e-07 0.999521 8.98132e-07
1.34276e+12 0.000458839 1.32286e-07 0.99954 9.60431e-07
1.35519e+12 0.000510362 1.42752e-07 0.999489 9.61337e-07
1.36773e+12 0.000478891 1.52722e-07 0.99952 8.71e-07
1.38038e+12 0.000394339 1.25369e-07 0.999605 8.61922e-07
1.39316e+12 0.000401075 1.01673e-07 0.999598 9.40958e-07
1.40605e+12 0.000464162 1.12541e-07 0.999535 9.4225e-07
1.41906e+12 0.00044712 1.21481e-07 0.999552 8.62268e-07
1.43219e+12 0.0003799 1.01476e-07 0.999619 8.57286e-07
1.44544e+12 0.00039358 8.49736e-08 0.999605 9.36864e-07
1.45881e+12 0.000470499 9.80223e-08 0.999528 9.50418e-07
1.47231e+12 0.000482097 1.12314e-07 0.999517 8.67989e-07
1.48594e+12 0.000424384 1.00366e-07 0.999575 8.2782e-07
1.49968e+12 0.000418732 8.54311e-08 0.99958 8.85128e-07
1.51356e+12 0.000493408 9.78035e-08 0.999506 9.20203e-07
1.52757e+12 0.000537121 1.2052e-07 0.999462 8.49396e-07
1.5417e+12 0.000491631 1.1906e-07 0.999507 7.62251e-07
1.55597e+12 0.000445779 1.00055e-07 0.999553 7.66013e-07
1.57036e+12 0.000483234 9.95204e-08 0.999516 8.13625e-07
1.58489e+12 0.000547232 1.23437e-07 0.999452 7.89069e-07
1.59956e+12 0.000536173 1.38434e-07 0.999463 6.92411e-07
1.61436e+12 0.000463524 1.24225e-07 0.999536 6.31391e-07
1.6293e+12 0.000431658 1.03621e-07 0.999568 6.52834e-07
1.64437e+12 0.000474222 1.06947e-07 0.999525 6.80612e-07
1.65959e+12 0.000511166 1.28093e-07 0.999488 6.37529e-07
1.67494e+12 0.00047129 1.35416e-07 0.999528 5.5517e-07
1.69044e+12 0.000392601 1.1685e-07 0.999607 5.1973e-07
1.70608e+12 0.000363351 9.44055e-08 0.999636 5.49371e-07
1.72187e+12 0.00040031 9.25368e-08 0.999599 5.77078e-07
1.7378e+12 0.000432613 1.07018e-07 0.999567 5.4742e-07
1.75388e+12 0.000400404 1.13459e-07 0.999599 4.86765e-07
1.77011e+12 0.000330122 9.94441e-08 0.999669 4.61777e-07
1.78649e+12 0.000295766 7.81639e-08 0.999704 4.92703e-07
1.80302e+12 0.000326244 7.01479e-08 0.999673 5.32582e-07
1.8197e+12 0.000374736 7.88853e-08 0.999625 5.28363e-07
1.83654e+12 0.000378521 8.88974e-08 0.999621 4.82623e-07
1.85353e+12 0.000331309 8.52262e-08 0.999668 4.45816e-07
1.87068e+12 0.000286358 7.00077e-08 0.999713 4.56003e-07
1.88799e+12 0.000294127 5.85806e-08 0.999705 4.97716e-07
1.90546e+12 0.000347793 6.17963e-08 0.999652 5.21763e-07
1.92309e+12 0.00039332 7.47471e-08 0.999606 4.98796e-07
1.94089e+12 0.000387862 8.29459e-08 0.999612 4.48075e-07
1.95884e+12 0.000342674 7.78799e-08 0.999657 4.14763e-07
1.97697e+12 0.000308615 6.53129e-08 0.999691 4.23356e-07
1.99526e+12 0.000323297 5.86895e-08 0.999676 4.55195e-07
2.01372e+12 0.000374699 6.54049e-08 0.999625 4.69405e-07
2.03236e+12 0.000415001 7.98331e-08 0.999584 4.43101e-07
2.05116e+12 0.000407397 8.9181e-08 0.999592 3.91335e-07
2.07014e+12 0.000359427 8.56076e-08 0.99964 3.50581e-07
2.0893e+12 0.00031344 7.29667e-08 0.999686 3.44647e-07
2.10863e+12 0.000306714 6.26456e-08 0.999693 3.65231e-07
2.12814e+12 0.000339361 6.32288e-08 0.99966 3.82289e-07
2.14783e+12 0.000376971 7.34846e-08 0.999623 3.71625e-07
2.1677e+12 0.000382077 8.41565e-08 0.999618 3.34403e-07
2.18776e+12 0.00034517 8.60482e-08 0.999654 2.93669e-07
2.208e+12 0.000290236 7.71812e-08 0.999709 2.73873e-07
2.22844e+12 0.000253507 6.36025e-08 0.999746 2.8186e-07
2.24905e+12 0.000255107 5.41134e-08 0.999745 3.03659e-07
2.26986e+12 0.000285762 5.36646e-08 0.999714 3.17103e-07
2.29087e+12 0.000316285 6.03453e-08 0.999683 3.08706e-07
2.31206e+12 0.000320078 6.75207e-08 0.99968 2.82173e-07
2.33346e+12 0.00029131 6.88767e-08 0.999708 2.5395e-07
2.35505e+12 0.000247112 6.25822e-08 0.999753 2.40759e-07
2.37684e+12 0.000214433 5.2009e-08 0.999785 2.48485e-07
2.39883e+12 0.000211934 4.30634e-08 0.999788 2.69343e-07
2.42103e+12 0.00023888 4.02662e-08 0.999761 2.87913e-07
2.44343e+12 0.000276965 4.41299e-08 0.999723 2.91202e-07
2.46604e+12 0.000302551 5.12208e-08 0.999697 2.7618e-07
2.48886e+12 0.000300986 5.6539e-08 0.999699 2.50714e-07
2.51189e+12 0.000274509 5.65679e-08 0.999725 2.28116e-07
2.53513e+12 0.000239842 5.11854e-08 0.99976 2.19111e-07
2.55859e+12 0.00021776 4.34796e-08 0.999782 2.26003e-07
2.58226e+12 0.000221153 3.77841e-08 0.999779 2.42007e-07
2.60615e+12 0.000248287 3.71862e-08 0.999751 2.55602e-07
2.63027e+12 0.000284489 4.1912e-08 0.999715 2.57043e-07
2.65461e+12 0.000310634 4.93699e-08 0.999689 2.43355e-07
2.67917e+12 0.00031337 5.56717e-08 0.999686 2.19354e-07
2.70396e+12 0.000291582 5.76943e-08 0.999708 1.94595e-07
2.72898e+12 0.00025614 5.45768e-08 0.999744 1.78253e-07
2.75423e+12 0.000223701 4.79607e-08 0.999776 1.74722e-07
2.77971e+12 0.000208234 4.09967e-08 0.999792 1.82009e-07
2.80543e+12 0.00021463 3.67379e-08 0.999785 1.93329e-07
2.83139e+12 0.000237188 3.67514e-08 0.999763 2.00743e-07
2.85759e+12 0.000263119 4.05583e-08 0.999737 1.98867e-07
2.88403e+12 0.000278852 4.60433e-08 0.999721 1.86981e-07
2.91072e+12 0.000276009 5.05201e-08 0.999724 1.68831e-07
2.93765e+12 0.000254498 5.19039e-08 0.999745 1.50568e-07
2.96483e+12 0.000221827 4.94888e-08 0.999778 1.37964e-07
2.99226e+12 0.000189437 4.40778e-08 0.99981 1.34161e-07
3.01995e+12 0.000167929 3.75137e-08 0.999832 1.38748e-07
3.04789e+12 0.000163177 3.18852e-08 0.999837 1.48318e-07
3.0761e+12 0.000174651 2.87512e-08 0.999825 1.58046e-07
3.10456e+12 0.000196221 2.86585e-08 0.999804 1.63562e-07
3.13329e+12 0.00021882 3.10715e-08 0.999781 1.62404e-07
3.16228e+12 0.000233795 3.46745e-08 0.999766 1.54641e-07
3.19154e+12 0.000235738 3.78906e-08 0.999764 1.42576e-07
3.22107e+12 0.000223972 3.94188e-08 0.999776 1.29759e-07
3.25087e+12 0.000202387 3.86211e-08 0.999797 1.19737e-07
3.28095e+12 0.000177868 3.56611e-08 0.999822 1.14937e-07
3.31131e+12 0.000157955 3.13841e-08 0.999842 1.16014e-07
3.34195e+12 0.000148501 2.70049e-08 0.999851 1.21793e-07
3.37287e+12 0.00015202 2.37167e-08 0.999848 1.29765e-07
3.40408e+12 0.000167135 2.23415e-08 0.999833 1.36909e-07
3.43558e+12 0.000189192 2.31185e-08 0.999811 1.40602e-07
3.46737e+12 0.000211758 2.56751e-08 0.999788 1.39321e-07
3.49945e+12 0.00022852 2.91737e-08 0.999771 1.32984e-07
3.53183e+12 0.000235003 3.25724e-08 0.999765 1.22857e-07
3.56451e+12 0.000229664 3.49206e-08 0.99977 1.11114e-07
3.59749e+12 0.000214107 3.56024e-08 0.999786 1.00183e-07
3.63078e+12 0.000192447 3.44698e-08 0.999807 9.21016e-08
3.66438e+12 0.000170068 3.18409e-08 0.99983 8.80324e-08
3.69828e+12 0.000152165 2.83795e-08 0.999848 8.80575e-08
3.7325e+12 0.000142471 2.49001e-08 0.999857 9.12653e-08
3.76704e+12 0.000142459 2.21567e-08 0.999857 9.6073e-08
3.80189e+12 0.000151187 2.06697e-08 0.999849 1.00674e-07
3.83707e+12 0.00016572 2.06278e-08 0.999834 1.03482e-07
3.87258e+12 0.000181986 2.1879e-08 0.999818 1.03472e-07
3.90841e+12 0.000195783 2.39986e-08 0.999804 1.00349e-07
3.94457e+12 0.000203719 2.64097e-08 0.999796 9.45254e-08
3.98107e+12 0.000203849 2.85199e-08 0.999796 8.69629e-08
4.01791e+12 0.000195949 2.98445e-08 0.999804 7.89064e-08
4.05509e+12 0.000181399 3.00903e-08 0.999818 7.16045e-08
4.09261e+12 0.000162763 2.91913e-08 0.999837 6.60658e-08
4.13048e+12 0.000143199 2.72958e-08 0.999857 6.2896e-08
4.16869e+12 0.000125823 2.47163e-08 0.999874 6.2233e-08
4.20727e+12 0.000113167 2.18562e-08 0.999887 6.37752e-08
4.2462e+12 0.000106805 1.9132e-08 0.999893 6.68833e-08
4.28549e+12 0.000107175 1.69028e-08 0.999893 7.07237e-08
4.32514e+12 0.000113621 1.54196e-08 0.999886 7.44252e-08
4.36516e+12 0.000124594 1.47973e-08 0.999875 7.72197e-08
4.40555e+12 0.000137966 1.50116e-08 0.999862 7.8549e-08
4.44631e+12 0.000151405 1.59172e-08 0.999849 7.81268e-08
4.48745e+12 0.000162729 1.72807e-08 0.999837 7.59523e-08
4.52898e+12 0.000170211 1.88228e-08 0.99983 7.22821e-08
4.57088e+12 0.00017279 2.02623e-08 0.999827 6.75692e-08
4.61318e+12 0.000170168 2.13552e-08 0.99983 6.2381e-08
4.65586e+12 0.000162797 2.19253e-08 0.999837 5.73101e-08
4.69894e+12 0.000151764 2.18824e-08 0.999848 5.2892e-08
4.74242e+12 0.000138599 2.12271e-08 0.999861 4.95371e-08
4.7863e+12 0.000125046 2.00436e-08 0.999875 4.74869e-08
4.83059e+12 0.000112814 1.8482e-08 0.999887 4.67961e-08
4.87528e+12 0.000103355 1.67332e-08 0.999897 4.73408e-08
4.9204e+12 9.76963e-05 1.50013e-08 0.999902 4.88491e-08
4.96592e+12 9.63345e-05 1.34766e-08 0.999904 5.0948e-08
5.01187e+12 9.92068e-05 1.23128e-08 0.999901 5.32178e-08
5.05825e+12 0.000105735 1.16111e-08 0.999894 5.52481e-08
5.10505e+12 0.000114931 1.14117e-08 0.999885 5.66867e-08
5.15229e+12 0.000125541 1.16943e-08 0.999874 5.72762e-08
5.19996e+12 0.000136211 1.23852e-08 0.999864 5.68758e-08
5.24807e+12 0.000145648 1.33705e-08 0.999854 5.54669e-08
5.29663e+12 0.000152764 1.45122e-08 0.999847 5.3144e-08
5.34564e+12 0.000156776 1.56654e-08 0.999843 5.00931e-08
5.39511e+12 0.000157267 1.66946e-08 0.999843 4.65634e-08
5.44503e+12 0.0001542 1.74867e-08 0.999846 4.28341e-08
5.49541e+12 0.000147891 1.79606e-08 0.999852 3.91833e-08
5.54626e+12 0.000138943 1.80719e-08 0.999861 3.58597e-08
5.59758e+12 0.000128166 1.78133e-08 0.999872 3.3062e-08
5.64937e+12 0.000116478 1.72117e-08 0.999883 3.09249e-08
5.70164e+12 0.000104814 1.63217e-08 0.999895 2.95144e-08
5.7544e+12 9.40374e-05 1.52179e-08 0.999906 2.88293e-08
5.80764e+12 8.48746e-05 1.39862e-08 0.999915 2.88088e-08
5.86138e+12 7.78665e-05 1.27152e-08 0.999922 2.93455e-08
5.91562e+12 7.33427e-05 1.14885e-08 0.999927 3.02989e-08
5.97035e+12 7.14172e-05 1.03789e-08 0.999929 3.1511e-08
6.0256e+12 7.20012e-05 9.44403e-09 0.999928 3.28209e-08
6.08135e+12 7.48305e-05 8.72335e-09 0.999925 3.4077e-08
6.13762e+12 7.95027e-05 8.23784e-09 0.99992 3.51475e-08
6.19441e+12 8.5519e-05 7.99042e-09 0.999914 3.59269e-08
6.25173e+12 9.23284e-05 7.96785e-09 0.999908 3.6341e-08
6.30957e+12 9.93695e-05 8.14341e-09 0.999901 3.63474e-08
6.36796e+12 0.000106108 8.48009e-09 0.999894 3.59355e-08
6.42688e+12 0.000112066 8.93415e-09 0.999888 3.51232e-08
6.48634e+12 0.000116852 9.45845e-09 0.999883 3.39525e-08
6.54636e+12 0.000120168 1.00057e-08 0.99988 3.24848e-08
6.60693e+12 0.000121829 1.05312e-08 0.999878 3.07948e-08
6.66807e+12 0.000121756 1.09954e-08 0.999878 2.89648e-08
6.72977e+12 0.000119978 1.13654e-08 0.99988 2.70795e-08
6.79204e+12 0.000116619 1.16163e-08 0.999883 2.52205e-08
6.85488e+12 0.000111884 1.17319e-08 0.999888 2.34623e-08
6.91831e+12 0.000106043 1.17048e-08 0.999894 2.1869e-08
6.98232e+12 9.94131e-05 1.15359e-08 0.999901 2.0491e-08
7.04693e+12 9.23349e-05 1.1234e-08 0.999908 1.93647e-08
7.11214e+12 8.51566e-05 1.08142e-08 0.999915 1.85104e-08
7.17794e+12 7.82133e-05 1.02971e-08 0.999922 1.79338e-08
7.24436e+12 7.18116e-05 9.70669e-09 0.999928 1.76261e-08
7.31139e+12 6.62156e-05 9.06954e-09 0.999934 1.75661e-08
7.37904e+12 6.16362e-05 8.41273e-09 0.999938 1.77221e-08
7.44732e+12 5.82249e-05 7.76267e-09 0.999942 1.80547e-08
7.51623e+12 5.60693e-05 7.14383e-09 0.999944 1.85187e-08
7.58578e+12 5.5194e-05 6.57765e-09 0.999945 1.90665e-08
7.65597e+12 5.55631e-05 6.08183e-09 0.999944 1.96504e-08
7.72681e+12 5.70864e-05 5.66972e-09 0.999943 2.02246e-08
7.7983e+12 5.96273e-05 5.35013e-09 0.99994 2.07475e-08
7.87046e+12 6.3012e-05 5.12724e-09 0.999937 2.11831e-08
7.94328e+12 6.70406e-05 5.00089e-09 0.999933 2.15022e-08
8.01678e+12 7.14972e-05 4.96687e-09 0.999928 2.1683e-08
8.09096e+12 7.61609e-05 5.01753e-09 0.999924 2.17115e-08
8.16582e+12 8.08156e-05 5.1424e-09 0.999919 2.15811e-08
8.24138e+12 8.52585e-05 5.32889e-09 0.999915 2.12926e-08
8.31764e+12 8.93072e-05 5.56299e-09 0.999911 2.0853e-08
8.3946e+12 9.28057e-05 5.83002e-09 0.999907 2.0275e-08
8.47227e+12 9.56282e-05 6.11525e-09 0.999904 1.95755e-08
8.55067e+12 9.76814e-05 6.40445e-09 0.999902 1.87749e-08
8.62979e+12 9.8905e-05 6.68447e-09 0.999901 1.78955e-08
8.70964e+12 9.92715e-05 6.94353e-09 0.999901 1.69611e-08
8.79023e+12 9.87836e-05 7.17155e-09 0.999901 1.59953e-08
8.87156e+12 9.74723e-05 7.36035e-09 0.999903 1.5021e-08
8.95365e+12 9.53922e-05 7.50374e-09 0.999905 1.40596e-08
9.03649e+12 9.26183e-05 7.59748e-09 0.999907 1.31305e-08
9.12011e+12 8.92415e-05 7.63923e-09 0.999911 1.22504e-08
9.2045e+12 8.53639e-05 7.62845e-09 0.999915 1.14334e-08
9.28966e+12 8.10949e-05 7.56619e-09 0.999919 1.06907e-08
9.37562e+12 7.65474e-05 7.45489e-09 0.999923 1.00304e-08
9.46237e+12 7.18337e-05 7.29819e-09 0.999928 9.45776e-09
9.54993e+12 6.70627e-05 7.10063e-09 0.999933 8.97544e-09
9.63829e+12 6.23375e-05 6.86747e-09 0.999938 8.58355e-09
9.72747e+12 5.77527e-05 6.60447e-09 0.999942 8.28001e-09
9.81748e+12 5.3393e-05 6.31765e-09 0.999947 8.06082e-09
9.90832e+12 4.93324e-05 6.01312e-09 0.999951 7.92043e-09
1e+13 4.56328e-05 5.69693e-09 0.999954 7.852e-09
1.00925e+13 4.23441e-05 5.3749e-09 0.999958 7.84772e-09
1.01859e+13 3.95043e-05 5.05256e-09 0.99996 7.89915e-09
1.02802e+13 3.71393e-05 4.73497e-09 0.999963 7.9974e-09
1.03753e+13 3.5264e-05 4.42674e-09 0.999965 8.13347e-09
1.04713e+13 3.38823e-05 4.13191e-09 0.999966 8.29839e-09
1.05682e+13 3.29888e-05 3.854e-09 0.999967 8.48344e-09
1.0666e+13 3.25692e-05 3.59588e-09 0.999967 8.68031e-09
1.07647e+13 3.26014e-05 3.3599e-09 0.999967 8.88119e-09
1.08643e+13 3.30567e-05 3.1478e-09 0.999967 9.07892e-09
1.09648e+13 3.39006e-05 2.96078e-09 0.999966 9.26702e-09
1.10662e+13 3.50943e-05 2.79952e-09 0.999965 9.43978e-09
1.11686e+13 3.65953e-05 2.66422e-09 0.999963 9.59226e-09
1.1272e+13 3.83587e-05 2.55462e-09 0.999962 9.72031e-09
1.13763e+13 4.0338e-05 2.47009e-09 0.99996 9.82059e-09
1.14815e+13 4.24859e-05 2.40963e-09 0.999958 9.89054e-09
1.15878e+13 4.47554e-05 2.37192e-09 0.999955 9.92832e-09
1.1695e+13 4.71001e-05 2.35542e-09 0.999953 9.93284e-09
1.18032e+13 4.94754e-05 2.35834e-09 0.999951 9.90366e-09
1.19124e+13 5.18386e-05 2.37875e-09 0.999948 9.84092e-09
1.20226e+13 5.41497e-05 2.4146e-09 0.999946 9.74536e-09
1.21339e+13 5.63718e-05 2.46376e-09 0.999944 9.6182e-09
1.22462e+13 5.84711e-05 2.52405e-09 0.999942 9.46108e-09
1.23595e+13 6.04178e-05 2.59332e-09 0.99994 9.27601e-09
1.24738e+13 6.21858e-05 2.66941e-09 0.999938 9.06532e-09
1.25893e+13 6.37529e-05 2.75027e-09 0.999936 8.83156e-09
1.27057e+13 6.5101e-05 2.83389e-09 0.999935 8.57747e-09
1.28233e+13 6.62159e-05 2.91841e-09 0.999934 8.30592e-09
1.2942e+13 6.70875e-05 3.00208e-09 0.999933 8.01984e-09
1.30617e+13 6.77093e-05 3.08327e-09 0.999932 7.72217e-09
1.31826e+13 6.80786e-05 3.16056e-09 0.999932 7.41584e-09
1.33045e+13 6.8196e-05 3.23266e-09 0.999932 7.10369e-09
1.34276e+13 6.80652e-05 3.29844e-09 0.999932 6.78848e-09
1.35519e+13 6.7693e-05 3.35696e-09 0.999932 6.47284e-09
1.36773e+13 6.70887e-05 3.40743e-09 0.999933 6.15919e-09
1.38038e+13 6.62638e-05 3.44925e-09 0.999934 5.84981e-09
1.39316e+13 6.52318e-05 3.48196e-09 0.999935 5.54677e-09
1.40605e+13 6.4008e-05 3.50524e-09 0.999936 5.25194e-09
1.41906e+13 6.2609e-05 3.51895e-09 0.999937 4.96694e-09
1.43219e+13 6.10521e-05 3.52306e-09 0.999939 4.69321e-09
1.44544e+13 5.93559e-05 3.51764e-09 0.999941 4.43193e-09
1.45881e+13 5.75389e-05 3.50291e-09 0.999942 4.18411e-09
1.47231e+13 5.562e-05 3.47918e-09 0.999944 3.9505e-09
1.48594e+13 5.36183e-05 3.44682e-09 0.999946 3.73168e-09
1.49968e+13 5.15521e-05 3.40628e-09 0.999948 3.52802e-09
1.51356e+13 4.94397e-05 3.35808e-09 0.999951 3.33973e-09
1.52757e+13 4.72985e-05 3.3028e-09 0.999953 3.16686e-09
1.5417e+13 4.51451e-05 3.24101e-09 0.999955 3.00929e-09
1.55597e+13 4.29954e-05 3.17336e-09 0.999957 2.86677e-09
1.57036e+13 4.08639e-05 3.10048e-09 0.999959 2.73893e-09
1.58489e+13 3.87644e-05 3.02303e-09 0.999961 2.62531e-09
1.59956e+13 3.67093e-05 2.94164e-09 0.999963 2.52536e-09
1.61436e+13 3.47099e-05 2.85696e-09 0.999965 2.43843e-09
1.6293e+13 3.27764e-05 2.76963e-09 0.999967 2.36384e-09
1.64437e+13 3.09175e-05 2.68023e-09 0.999969 2.30085e-09
1.65959e+13 2.9141e-05 2.58935e-09 0.999971 2.24869e-09
1.67494e+13 2.74533e-05 2.49755e-09 0.999973 2.20656e-09
1.69044e+13 2.586e-05 2.40534e-09 0.999974 2.17365e-09
1.70608e+13 2.43652e-05 2.3132e-09 0.999976 2.14916e-09
1.72187e+13 2.29722e-05 2.22159e-09 0.999977 2.13228e-09
1.7378e+13 2.16833e-05 2.13092e-09 0.999978 2.12221e-09
1.75388e+13 2.04999e-05 2.04156e-09 0.999979 2.1182e-09
1.77011e+13 1.94226e-05 1.95385e-09 0.999981 2.11948e-09
1.78649e+13 1.84511e-05 1.86809e-09 0.999982 2.12533e-09
1.80302e+13 1.75845e-05 1.78456e-09 0.999982 2.13508e-09
1.8197e+13 1.68212e-05 1.70347e-09 0.999983 2.14806e-09
1.83654e+13 1.61591e-05 1.62503e-09 0.999984 2.16368e-09
1.85353e+13 1.55955e-05 1.5494e-09 0.999984 2.18134e-09
1.87068e+13 1.51275e-05 1.4767e-09 0.999985 2.20053e-09
1.88799e+13 1.47516e-05 1.40706e-09 0.999985 2.22074e-09
1.90546e+13 1.4464e-05 1.34054e-09 0.999986 2.24154e-09
1.92309e+13 1.42607e-05 1.2772e-09 0.999986 2.26249e-09
1.94089e+13 1.41376e-05 1.21706e-09 0.999986 2.28323e-09
1.95884e+13 1.40903e-05 1.16016e-09 0.999986 2.30342e-09
1.97697e+13 1.41143e-05 1.10646e-09 0.999986 2.32278e-09
1.99526e+13 1.4205e-05 1.05594e-09 0.999986 2.34103e-09
2.01372e+13 1.4358e-05 1.00858e-09 0.999986 2.35794e-09
2.03236e+13 1.45685e-05 9.64292e-10 0.999985 2.37332e-09
2.05116e+13 1.4832e-05 9.23032e-10 0.999985 2.38699e-09
2.07014e+13 1.5144e-05 8.84724e-10 0.999985 2.39882e-09
2.0893e+13 1.55001e-05 8.49273e-10 0.999984 2.4087e-09
2.10863e+13 1.58959e-05 8.16593e-10 0.999984 2.41653e-09
2.12814e+13 1.63271e-05 7.86581e-10 0.999984 2.42225e-09
2.14783e+13 1.67897e-05 7.59134e-10 0.999983 2.42581e-09
2.1677e+13 1.72796e-05 7.34146e-10 0.999983 2.42718e-09
2.18776e+13 1.77931e-05 7.11507e-10 0.999982 2.42636e-09
2.208e+13 1.83264e-05 6.91099e-10 0.999982 2.42334e-09
2.22844e+13 1.8876e-05 6.72815e-10 0.999981 2.41814e-09
2.24905e+13 1.94385e-05 6.56549e-10 0.999981 2.4108e-09
2.26986e+13 2.00108e-05 6.42177e-10 0.99998 2.40135e-09
2.29087e+13 2.05897e-05 6.2958e-10 0.999979 2.38984e-09
2.31206e+13 2.11726e-05 6.18654e-10 0.999979 2.37633e-09
2.33346e+13 2.17566e-05 6.09286e-10 0.999978 2.36088e-09
2.35505e+13 2.23393e-05 6.01382e-10 0.999978 2.34359e-09
2.37684e+13 2.29182e-05 5.94822e-10 0.999977 2.32452e-09
2.39883e+13 2.34912e-05 5.8951e-10 0.999977 2.30373e-09
2.42103e+13 2.40563e-05 5.85338e-10 0.999976 2.28134e-09
2.44343e+13 2.46115e-05 5.82219e-10 0.999975 2.25741e-09
2.46604e+13 2.51552e-05 5.8006e-10 0.999975 2.23204e-09
2.48886e+13 2.56857e-05 5.78772e-10 0.999974 2.20533e-09
2.51189e+13 2.62016e-05 5.78278e-10 0.999974 2.17735e-09
2.53513e+13 2.67016e-05 5.78485e-10 0.999973 2.14821e-09
2.55859e+13 2.71845e-05 5.7931e-10 0.999973 2.11799e-09
2.58226e+13 2.76493e-05 5.80689e-10 0.999972 2.08677e-09
2.60615e+13 2.80951e-05 5.82555e-10 0.999972 2.05466e-09
2.63027e+13 2.8521e-05 5.84838e-10 0.999971 2.02173e-09
2.65461e+13 2.89263e-05 5.87469e-10 0.999971 1.98807e-09
2.67917e+13 2.93105e-05 5.90399e-10 0.999971 1.95378e-09
2.70396e+13 2.9673e-05 5.9356e-10 0.99997 1.91892e-09
2.72898e+13 3.00135e-05 5.96908e-10 0.99997 1.88357e-09
2.75423e+13 3.03316e-05 6.00389e-10 0.99997 1.84781e-09
2.77971e+13 3.06271e-05 6.03962e-10 0.999969 1.81172e-09
2.80543e+13 3.09e-05 6.07588e-10 0.999969 1.77535e-09
2.83139e+13 3.115e-05 6.11225e-10 0.999969 1.7388e-09
2.85759e+13 3.13772e-05 6.14834e-10 0.999969 1.7021e-09
2.88403e+13 3.15818e-05 6.18389e-10 0.999968 1.66535e-09
2.91072e+13 3.17637e-05 6.21848e-10 0.999968 1.62858e-09
2.93765e+13 3.19232e-05 6.25192e-10 0.999968 1.59184e-09
2.96483e+13 3.20606e-05 6.28396e-10 0.999968 1.5552e-09
2.99226e+13 3.21761e-05 6.31436e-10 0.999968 1.5187e-09
3.01995e+13 3.227e-05 6.34298e-10 0.999968 1.4824e-09
3.04789e+13 3.23427e-05 6.36954e-10 0.999968 1.44633e-09
3.0761e+13 3.23946e-05 6.39391e-10 0.999968 1.41055e-09
3.10456e+13 3.24262e-05 6.41609e-10 0.999968 1.37507e-09
3.13329e+13 3.24379e-05 6.43573e-10 0.999968 1.33995e-09
3.16228e+13 3.24302e-05 6.45277e-10 0.999968 1.3052e-09
3.19154e+13 3.24036e-05 6.46723e-10 0.999968 1.27087e-09
3.22107e+13 3.23587e-05 6.47903e-10 0.999968 1.23698e-09
3.25087e+13 3.2296e-05 6.48811e-10 0.999968 1.20355e-09
3.28095e+13 3.22161e-05 6.49445e-10 0.999968 1.17061e-09
3.31131e+13 3.21196e-05 6.49808e-10 0.999968 1.13818e-09
3.34195e+13 3.20071e-05 6.4989e-10 0.999968 1.10628e-09
3.37287e+13 3.18791e-05 6.49689e-10 0.999968 1.07492e-09
3.40408e+13 3.17363e-05 6.49206e-10 0.999968 1.04412e-09
3.43558e+13 3.15792e-05 6.48448e-10 0.999968 1.0139e-09
3.46737e+13 3.14086e-05 6.47415e-10 0.999969 9.84245e-10
3.49945e+13 3.12249e-05 6.4611e-10 0.999969 9.55187e-10
3.53183e+13 3.10288e-05 6.44542e-10 0.999969 9.2671e-10
3.56451e+13 3.0821e-05 6.42706e-10 0.999969 8.98843e-10
3.59749e+13 3.06019e-05 6.40617e-10 0.999969 8.71579e-10
3.63078e+13 3.03722e-05 6.38274e-10 0.99997 8.44927e-10
3.66438e+13 3.01325e-05 6.35692e-10 0.99997 8.18882e-10
3.69828e+13 2.98833e-05 6.32866e-10 0.99997 7.93451e-10
3.7325e+13 2.96253e-05 6.29812e-10 0.99997 7.68628e-10
3.76704e+13 2.93589e-05 6.26536e-10 0.999971 7.44417e-10
3.80189e+13 2.90848e-05 6.23051e-10 0.999971 7.20804e-10
3.83707e+13 2.88034e-05 6.19358e-10 0.999971 6.97794e-10
3.87258e+13 2.85153e-05 6.15456e-10 0.999971 6.75387e-10
3.90841e+13 2.8221e-05 6.11373e-10 0.999972 6.53562e-10
3.94457e+13 2.7921e-05 6.07103e-10 0.999972 6.32324e-10
3.98107e+13 2.76157e-05 6.02669e-10 0.999972 6.11668e-10
4.01791e+13 2.73057e-05 5.98057e-10 0.999973 5.91581e-10
4.05509e+13 2.69914e-05 5.93294e-10 0.999973 5.72058e-10
4.09261e+13 2.66732e-05 5.88386e-10 0.999973 5.53083e-10
4.13048e+13 2.63516e-05 5.83336e-10 0.999974 5.34664e-10
4.16869e+13 2.60269e-05 5.7815e-10 0.999974 5.16778e-10
4.20727e+13 2.56996e-05 5.72847e-10 0.999974 4.99417e-10
4.2462e+13 2.53701e-05 5.67424e-10 0.999975 4.82575e-10
4.28549e+13 2.50387e-05 5.61897e-10 0.999975 4.66241e-10
4.32514e+13 2.47057e-05 5.56271e-10 0.999975 4.50406e-10
4.36516e+13 2.43716e-05 5.50551e-10 0.999976 4.35056e-10
4.40555e+13 2.40366e-05 5.44745e-10 0.999976 4.20185e-10
4.44631e+13 2.37011e-05 5.38865e-10 0.999976 4.05782e-10
4.48745e+13 2.33653e-05 5.32917e-10 0.999977 3.91829e-10
4.52898e+13 2.30295e-05 5.269e-10 0.999977 3.78325e-10
4.57088e+13 2.2694e-05 5.2083e-10 0.999977 3.65256e-10
4.61318e+13 2.23591e-05 5.14713e-10 0.999978 3.52602e-10
4.65586e+13 2.2025e-05 5.08549e-10 0.999978 3.40372e-10
4.69894e+13 2.16919e-05 5.02353e-10 0.999978 3.28537e-10
4.74242e+13 2.136e-05 4.96121e-10 0.999979 3.17096e-10
4.7863e+13 2.10296e-05 4.89865e-10 0.999979 3.06038e-10
4.83059e+13 2.07009e-05 4.83591e-10 0.999979 2.95347e-10
4.87528e+13 2.0374e-05 4.77302e-10 0.99998 2.85022e-10
4.9204e+13 2.0049e-05 4.71003e-10 0.99998 2.75042e-10
4.96592e+13 1.97263e-05 4.64702e-10 0.99998 2.65407e-10
5.01187e+13 1.94058e-05 4.58398e-10 0.999981 2.56098e-10
5.05825e+13 1.90878e-05 4.52104e-10 0.999981 2.47111e-10
5.10505e+13 1.87724e-05 4.45814e-10 0.999981 2.38438e-10
5.15229e+13 1.84598e-05 4.39536e-10 0.999982 2.30062e-10
5.19996e+13 1.81499e-05 4.33278e-10 0.999982 2.21979e-10
5.24807e+13 1.7843e-05 4.2704e-10 0.999982 2.14183e-10
5.29663e+13 1.75391e-05 4.20829e-10 0.999982 2.06656e-10
5.34564e+13 1.72383e-05 4.14636e-10 0.999983 1.99403e-10
5.39511e+13 1.69407e-05 4.08487e-10 0.999983 1.92401e-10
5.44503e+13 1.66463e-05 4.02367e-10 0.999983 1.85652e-10
5.49541e+13 1.63553e-05 3.9628e-10 0.999984 1.79142e-10
5.54626e+13 1.60677e-05 3.90232e-10 0.999984 1.72863e-10
5.59758e+13 1.57836e-05 3.84233e-10 0.999984 1.66813e-10
5.64937e+13 1.55029e-05 3.78272e-10 0.999984 1.60979e-10
5.70164e+13 1.52258e-05 3.7236e-10 0.999985 1.55358e-10
5.7544e+13 1.49522e-05 3.66497e-10 0.999985 1.49935e-10
5.80764e+13 1.46823e-05 3.6068e-10 0.999985 1.44714e-10
5.86138e+13 1.44159e-05 3.54917e-10 0.999986 1.39679e-10
5.91562e+13 1.41532e-05 3.49203e-10 0.999986 1.34837e-10
5.97035e+13 1.38942e-05 3.43553e-10 0.999986 1.30156e-10
6.0256e+13 1.36388e-05 3.3796e-10 0.999986 1.25649e-10
6.08135e+13 1.33872e-05 3.32414e-10 0.999987 1.21319e-10
6.13762e+13 1.31392e-05 3.26932e-10 0.999987 1.17141e-10
6.19441e+13 1.28949e-05 3.21511e-10 0.999987 1.13115e-10
6.25173e+13 1.26542e-05 3.16149e-10 0.999987 1.09238e-10
6.30957e+13 1.24172e-05 3.10851e-10 0.999988 1.05501e-10
6.36796e+13 1.21839e-05 3.05609e-10 0.999988 1.01908e-10
6.42688e+13 1.19543e-05 3.00435e-10 0.999988 9.84402e-11
6.48634e+13 1.17283e-05 2.95319e-10 0.999988 9.51088e-11
6.54636e+13 1.15059e-05 2.90271e-10 0.999988 9.18928e-11
6.60693e+13 1.1287e-05 2.85292e-10 0.999989 8.87981e-11
6.66807e+13 1.10718e-05 2.80372e-10 0.999989 8.58132e-11
6.72977e+13 1.08601e-05 2.75516e-10 0.999989 8.29428e-11
6.79204e+13 1.06519e-05 2.70729e-10 0.999989 8.01786e-11
6.85488e+13 1.04473e-05 2.66003e-10 0.99999 7.75139e-11
6.91831e+13 1.0246e-05 2.61345e-10 0.99999 7.49521e-11
6.98232e+13 1.00483e-05 2.56749e-10 0.99999 7.2477e-11
7.04693e+13 9.85389e-06 2.52223e-10 0.99999 7.00951e-11
7.11214e+13 9.66287e-06 2.47757e-10 0.99999 6.78062e-11
7.17794e+13 9.47519e-06 2.43359e-10 0.999991 6.55939e-11
7.24436e+13 9.2908e-06 2.39024e-10 0.999991 6.34693e-11
7.31139e+13 9.10968e-06 2.34751e-10 0.999991 6.14198e-11
7.37904e+13 8.93177e-06 2.30547e-10 0.999991 5.94485e-11
7.44732e+13 8.75705e-06 2.26402e-10 0.999991 5.75471e-11
7.51623e+13 8.58547e-06 2.22328e-10 0.999991 5.57104e-11
7.58578e+13 8.417e-06 2.18311e-10 0.999992 5.39409e-11
7.65597e+13 8.25159e-06 2.14354e-10 0.999992 5.22414e-11
7.72681e+13 8.0892e-06 2.10459e-10 0.999992 5.06079e-11
7.7983e+13 7.9298e-06 2.06632e-10 0.999992 4.90283e-11
7.87046e+13 7.77334e-06 2.02868e-10 0.999992 4.75012e-11
7.94328e+13 7.61978e-06 1.99157e-10 0.999992 4.60407e-11
8.01678e+13 7.46908e-06 1.95507e-10 0.999993 4.46257e-11
8.09096e+13 7.3212e-06 1.91923e-10 0.999993 4.32598e-11
8.16582e+13 7.17609e-06 1.88392e-10 0.999993 4.19496e-11
8.24138e+13 7.03372e-06 1.84921e-10 0.999993 4.06817e-11
8.31764e+13 6.89404e-06 1.81504e-10 0.999993 3.94576e-11
8.3946e+13 6.75701e-06 1.78152e-10 0.999993 3.82805e-11
8.47227e+13 6.62259e-06 1.74855e-10 0.999993 3.71424e-11
8.55067e+13 6.49074e-06 1.71605e-10 0.999994 3.60487e-11
8.62979e+13 6.36141e-06 1.68418e-10 0.999994 3.49917e-11
8.70964e+13 6.23457e-06 1.65284e-10 0.999994 3.39687e-11
8.79023e+13 6.11017e-06 1.62206e-10 0.999994 3.29853e-11
8.87156e+13 5.98818e-06 1.59176e-10 0.999994 3.2033e-11
8.95365e+13 5.86855e-06 1.562e-10 0.999994 3.11214e-11
9.03649e+13 5.75124e-06 1.53273e-10 0.999994 3.02339e-11
9.12011e+13 5.63622e-06 1.50408e-10 0.999994 2.93801e-11
9.2045e+13 5.52345e-06 1.47585e-10 0.999994 2.85542e-11
9.28966e+13 5.41288e-06 1.44813e-10 0.999995 2.77593e-11
9.37562e+13 5.30447e-06 1.42089e-10 0.999995 2.69902e-11
9.46237e+13 5.1982e-06 1.3942e-10 0.999995 2.62456e-11
9.54993e+13 5.09401e-06 1.3679e-10 0.999995 2.55285e-11
9.63829e+13 4.99188e-06 1.34211e-10 0.999995 2.48374e-11
9.72747e+13 4.89177e-06 1.31682e-10 0.999995 2.41654e-11
9.81748e+13 4.79364e-06 1.29189e-10 0.999995 2.35184e-11
9.90832e+13 4.69745e-06 1.26749e-10 0.999995 2.28928e-11
1e+14 4.60317e-06 1.24348e-10 0.999995 2.22869e-11
