1e+10 7.05149e-06 -5.35108e-08 1.43894e-05 0.0010443 0.981261 0.0176728
1.00925e+10 2.3996e-06 1.0621e-05 5.31913e-06 0.00102542 0.981604 0.0173519
1.01859e+10 6.44281e-06 8.30691e-06 1.43342e-05 0.00100704 0.981926 0.0170383
1.02802e+10 1.71383e-06 9.99916e-06 1.01847e-05 0.000989033 0.982258 0.016731
1.03753e+10 5.23061e-06 1.76903e-06 1.63107e-05 0.000971177 0.982581 0.016425
1.04713e+10 8.9044e-07 3.06586e-07 6.89089e-06 0.000953562 0.982909 0.0161289
1.05682e+10 7.74701e-06 7.81085e-06 7.53298e-06 0.000936093 0.983206 0.0158352
1.0666e+10 5.03651e-06 2.2275e-07 1.48714e-05 0.000918724 0.983514 0.0155469
1.07647e+10 8.3482e-06 8.24939e-07 1.28055e-05 0.000902278 0.983809 0.0152667
1.08643e+10 -2.58033e-08 3.95016e-06 1.56884e-05 0.000886216 0.984106 0.0149881
1.09648e+10 1.48975e-06 2.19612e-06 3.77327e-06 0.000869961 0.984406 0.0147164
1.10662e+10 3.74687e-08 2.91617e-06 1.46563e-05 0.000853988 0.984679 0.014449
1.11686e+10 8.15773e-06 1.45195e-06 9.95019e-06 0.000838726 0.984957 0.0141851
1.1272e+10 5.86696e-06 5.35742e-06 4.1702e-06 0.000823178 0.985231 0.0139304
1.13763e+10 7.78058e-06 6.65499e-06 2.90073e-07 0.000808304 0.985501 0.0136764
1.14815e+10 1.07669e-06 3.44855e-08 7.36059e-07 0.000794002 0.985776 0.0134285
1.15878e+10 6.93288e-06 9.87219e-06 1.62661e-05 0.000779515 0.986004 0.0131838
1.1695e+10 6.18922e-06 1.00832e-05 1.03311e-05 0.000765549 0.986263 0.0129451
1.18032e+10 -1.20134e-08 6.82891e-06 1.4542e-05 0.00075133 0.986517 0.0127102
1.19124e+10 6.26076e-06 4.28964e-06 6.00373e-06 0.00073801 0.986769 0.0124767
1.20226e+10 7.35648e-06 3.68213e-07 1.69316e-05 0.000724503 0.987 0.012251
1.21339e+10 1.99997e-06 3.73933e-06 1.62141e-05 0.000711509 0.987239 0.0120278
1.22462e+10 6.58735e-06 8.37061e-06 7.76013e-07 0.00069805 0.987476 0.01181
1.23595e+10 2.15913e-06 9.23273e-06 1.54644e-05 0.000685553 0.987694 0.0115941
1.24738e+10 4.70222e-06 9.82346e-06 1.64463e-05 0.000673054 0.987912 0.0113835
1.25893e+10 6.25338e-06 5.1341e-06 4.11233e-06 0.000660944 0.988146 0.0111778
1.27057e+10 6.11517e-06 8.92099e-06 1.59355e-05 0.000648909 0.988346 0.0109741
1.28233e+10 4.73356e-06 6.18595e-06 1.0392e-05 0.000637159 0.988567 0.0107749
1.2942e+10 8.33627e-06 1.04775e-05 1.66383e-05 0.000625613 0.98876 0.010579
1.30617e+10 1.07201e-08 3.11244e-07 1.54983e-06 0.00061419 0.988997 0.0103866
1.31826e+10 4.26884e-06 6.87074e-06 1.40321e-05 0.000603095 0.989174 0.0101978
1.33045e+10 3.51913e-06 5.93298e-06 1.23777e-05 0.000592128 0.989374 0.0100124
1.34276e+10 4.193e-07 1.23941e-07 -3.17924e-08 0.000581313 0.989588 0.00983015
1.35519e+10 7.10644e-06 9.32461e-06 1.5855e-05 0.000570806 0.989745 0.00965143
1.36773e+10 8.09768e-06 1.0458e-05 1.74465e-05 0.000560391 0.989928 0.00947565
1.38038e+10 8.25922e-06 1.00624e-05 1.49093e-05 0.000550164 0.990113 0.00930313
1.39316e+10 1.42713e-06 1.74645e-07 4.27687e-07 0.000540347 0.990323 0.00913505
1.40605e+10 8.303e-06 9.53987e-06 8.69588e-06 0.000530238 0.990476 0.00896751
1.41906e+10 5.11885e-06 1.06025e-05 1.02275e-05 0.000520572 0.99065 0.00880389
1.43219e+10 7.22861e-06 8.19049e-06 4.12826e-07 0.00051107 0.990828 0.00864489
1.44544e+10 5.20533e-06 6.11368e-07 1.67507e-05 0.000502223 0.990988 0.00848767
1.45881e+10 5.30625e-06 5.36687e-06 5.91326e-06 0.000492643 0.991157 0.00833413
1.47231e+10 9.95466e-07 8.06484e-06 6.89713e-06 0.000483772 0.991318 0.00818251
1.48594e+10 2.254e-06 2.63173e-06 1.70116e-05 0.00047488 0.99147 0.00803281
1.49968e+10 8.26524e-06 5.12816e-06 4.27889e-08 0.000466561 0.991634 0.00788586
1.51356e+10 -2.50229e-09 9.54781e-07 5.89825e-06 0.000457897 0.991793 0.00774249
1.52757e+10 3.48796e-06 3.52245e-06 4.53186e-06 0.000449689 0.991937 0.00760201
1.5417e+10 3.48748e-06 3.56628e-07 1.64395e-06 0.000441626 0.992088 0.00746445
1.55597e+10 -3.26617e-09 7.39737e-06 1.44031e-05 0.000433541 0.992218 0.00732659
1.57036e+10 8.08114e-06 5.43505e-07 1.47708e-05 0.000425498 0.992356 0.00719489
1.58489e+10 1.65541e-06 4.67907e-06 1.50023e-05 0.000417635 0.992497 0.00706407
1.59956e+10 1.64533e-07 2.40144e-06 1.39594e-05 0.000410084 0.992639 0.00693458
1.61436e+10 2.30623e-06 1.96663e-06 2.04298e-06 0.000402744 0.992783 0.0068084
1.6293e+10 8.07476e-06 7.53616e-06 4.53272e-06 0.000395334 0.9929 0.00668435
1.64437e+10 4.88917e-07 9.9966e-06 7.33554e-06 0.000388209 0.993032 0.00656177
1.65959e+10 1.59831e-06 9.26508e-06 4.81361e-07 0.00038136 0.993164 0.00644297
1.67494e+10 1.82329e-06 9.50526e-06 1.31208e-05 0.000374351 0.993274 0.00632691
1.69044e+10 1.49162e-07 3.45675e-09 8.32572e-08 0.000367411 0.993422 0.00621071
1.70608e+10 7.9522e-06 8.53702e-06 4.35169e-06 0.000360606 0.993521 0.00609743
1.72187e+10 3.7633e-07 1.03784e-05 1.62778e-06 0.00035414 0.993647 0.00598614
1.7378e+10 9.04261e-07 1.01808e-05 5.3654e-06 0.000347852 0.993757 0.00587845
1.75388e+10 5.42135e-07 3.28962e-06 1.08893e-05 0.000341369 0.993873 0.00577051
1.77011e+10 1.49864e-06 6.21046e-06 1.58264e-05 0.00033521 0.993976 0.00566511
1.78649e+10 7.67415e-06 1.12272e-07 1.39165e-05 0.000329145 0.994086 0.00556292
1.80302e+10 2.5428e-06 2.02488e-06 1.66039e-05 0.000322917 0.994195 0.0054611
1.8197e+10 8.76303e-09 3.08831e-07 2.53191e-06 0.000317172 0.994319 0.00536128
1.83654e+10 3.76187e-08 4.54257e-06 1.59978e-05 0.000311546 0.994404 0.00526357
1.85353e+10 3.55775e-06 6.07846e-06 6.17868e-06 0.000305609 0.99451 0.0051688
1.87068e+10 6.84992e-06 9.35533e-06 5.05788e-06 0.000300386 0.994604 0.00507422
1.88799e+10 3.02641e-06 6.32934e-06 1.40448e-05 0.000294748 0.994701 0.00498121
1.90546e+10 1.59559e-08 8.46029e-06 8.73598e-06 0.000289447 0.994804 0.00488974
1.92309e+10 2.34118e-07 8.57884e-06 1.16853e-05 0.000284137 0.994893 0.0048024
1.94089e+10 5.76766e-07 7.60656e-07 1.39434e-06 0.000278952 0.995004 0.00471414
1.95884e+10 7.37424e-06 5.5838e-06 5.30414e-07 0.000273732 0.995084 0.00462872
1.97697e+10 5.59176e-07 9.63493e-06 6.78209e-06 0.000268952 0.995169 0.00454465
1.99526e+10 7.20768e-06 9.44693e-06 1.56333e-05 0.000263998 0.995243 0.00446106
2.01372e+10 7.8726e-06 3.96901e-06 1.96276e-06 0.000259088 0.995347 0.00438051
2.03236e+10 7.9803e-06 2.56865e-06 3.84968e-06 0.000254496 0.995432 0.00429918
2.05116e+10 5.18616e-06 5.79711e-06 8.14571e-06 0.00024983 0.995509 0.00422163
2.07014e+10 5.47223e-07 1.00766e-05 3.3587e-06 0.00024523 0.995597 0.00414412
2.0893e+10 6.49759e-06 8.84764e-06 2.68962e-06 0.000240969 0.995672 0.00406942
2.10863e+10 6.58871e-06 1.00834e-05 1.51392e-05 0.000236339 0.995737 0.00399449
2.12814e+10 3.92599e-06 5.34718e-06 7.44179e-06 0.00023197 0.995828 0.00392297
2.14783e+10 5.32529e-06 2.87005e-06 4.29235e-07 0.00022787 0.995913 0.00385045
2.1677e+10 7.86828e-06 3.98352e-06 3.32693e-07 0.000223692 0.995983 0.00378112
2.18776e+10 6.44272e-07 9.76244e-06 6.55524e-06 0.000219737 0.996051 0.00371238
2.208e+10 7.7841e-06 1.00406e-05 1.62168e-05 0.000215626 0.996107 0.00364375
2.22844e+10 1.7563e-06 8.89202e-06 6.72765e-07 0.000211631 0.996199 0.00357793
2.24905e+10 2.91108e-08 1.25553e-06 8.51885e-06 0.000207805 0.99627 0.00351215
2.26986e+10 1.23822e-07 7.2814e-06 1.51231e-05 0.000204132 0.996326 0.00344771
2.29087e+10 3.14571e-06 7.41799e-07 1.45874e-05 0.000200228 0.996396 0.00338527
2.31206e+10 7.7871e-06 7.54328e-06 6.118e-06 0.000196673 0.996458 0.0033237
2.33346e+10 5.25396e-08 9.46392e-06 2.85409e-06 0.000193131 0.996531 0.00326376
2.35505e+10 6.08948e-06 7.97597e-06 1.35746e-05 0.000189639 0.996579 0.00320376
2.37684e+10 7.65865e-06 1.43548e-06 1.11909e-05 0.000186115 0.996648 0.00314599
2.39883e+10 6.79319e-06 5.22923e-06 2.69561e-06 0.000182804 0.996715 0.00308794
2.42103e+10 7.77731e-06 3.86853e-06 2.0444e-06 0.000179381 0.996775 0.00303234
2.44343e+10 5.43495e-06 1.00169e-05 8.40934e-06 0.000176311 0.996823 0.00297695
2.46604e+10 2.71127e-07 6.62833e-06 1.62758e-05 0.000173003 0.996882 0.0029217
2.48886e+10 7.5584e-06 6.00212e-06 1.21275e-08 0.000169927 0.996948 0.00286867
2.51189e+10 3.41093e-06 9.23754e-06 1.54824e-05 0.000166668 0.996989 0.00281606
2.53513e+10 4.62011e-08 7.129e-06 1.28392e-05 0.000163652 0.99705 0.00276593
2.55859e+10 1.20914e-07 9.22721e-07 7.6657e-06 0.000160797 0.997115 0.00271518
2.58226e+10 9.71539e-08 7.86536e-06 1.00689e-05 0.000157744 0.997158 0.00266604
2.60615e+10 3.86469e-06 8.18603e-06 1.65953e-05 0.000154877 0.9972 0.00261647
2.63027e+10 7.29112e-06 3.49234e-06 5.30402e-06 0.000152171 0.997263 0.00256848
2.65461e+10 4.26614e-07 2.9504e-06 1.02878e-05 0.00014936 0.997315 0.00252232
2.67917e+10 5.49676e-06 6.58423e-06 1.2908e-06 0.000146724 0.997364 0.00247587
2.70396e+10 7.49155e-06 9.87221e-06 1.21862e-05 0.000143855 0.997396 0.00243078
2.72898e+10 5.41583e-06 3.38935e-07 1.56298e-05 0.000141193 0.997451 0.0023866
2.75423e+10 5.49177e-06 9.93033e-06 1.44208e-05 0.000138655 0.997489 0.00234281
2.77971e+10 7.71091e-06 1.43991e-06 5.97178e-06 0.000136195 0.997549 0.00229994
2.80543e+10 4.84313e-06 7.61735e-07 1.86636e-06 0.000133783 0.9976 0.00225914
2.83139e+10 7.56475e-07 2.66661e-06 1.64366e-05 0.000131183 0.997631 0.00221746
2.85759e+10 6.99014e-06 1.43895e-06 2.92732e-06 0.00012892 0.997682 0.00217757
2.88403e+10 3.86928e-06 2.79028e-07 3.25305e-06 0.00012647 0.997729 0.00213681
2.91072e+10 5.62006e-09 8.1021e-06 1.067e-05 0.000124269 0.997759 0.00209774
2.93765e+10 9.72701e-07 4.16237e-06 1.21645e-05 0.000121958 0.997801 0.00206008
2.96483e+10 9.54402e-07 7.63668e-06 6.67194e-06 0.000119837 0.997843 0.00202198
2.99226e+10 7.97654e-09 9.89167e-09 1.58807e-08 0.000117576 0.997897 0.00198566
3.01995e+10 3.81433e-06 3.32606e-06 1.39851e-05 0.000115319 0.997914 0.00194983
3.04789e+10 7.15552e-06 5.83806e-06 3.47226e-06 0.000113302 0.997956 0.0019139
3.0761e+10 3.68089e-07 4.63275e-06 1.62108e-05 0.000111188 0.997988 0.00187928
3.10456e+10 6.25081e-06 6.42664e-07 4.93325e-06 0.000109286 0.998034 0.00184526
3.13329e+10 6.29369e-06 3.3303e-06 2.06568e-07 0.000107239 0.998072 0.00181084
3.16228e+10 1.90386e-06 9.48142e-06 1.22176e-08 0.00010521 0.998105 0.00177812
3.19154e+10 5.72865e-07 8.0553e-07 1.51112e-06 0.000103376 0.998148 0.00174566
3.22107e+10 1.07415e-06 6.21407e-06 1.11478e-05 0.000101413 0.998166 0.00171429
3.25087e+10 4.29986e-06 9.7043e-06 1.39122e-05 9.95747e-05 0.99819 0.00168209
3.28095e+10 7.83757e-06 6.43734e-06 8.79764e-07 9.78862e-05 0.998235 0.00165179
3.31131e+10 1.09301e-06 5.19239e-06 1.38419e-05 9.61267e-05 0.998262 0.0016213
3.34195e+10 6.1601e-06 7.27574e-06 1.08061e-05 9.42949e-05 0.998289 0.00159216
3.37287e+10 5.14833e-07 9.99787e-06 1.21611e-06 9.26209e-05 0.998332 0.00156335
3.40408e+10 7.20556e-06 3.70559e-06 2.92104e-08 9.08789e-05 0.998363 0.00153489
3.43558e+10 6.65495e-06 3.0749e-06 1.12235e-08 8.92286e-05 0.998395 0.00150636
3.46737e+10 4.1894e-06 7.02361e-06 1.97446e-06 8.75116e-05 0.99842 0.0014795
3.49945e+10 3.76867e-06 6.31867e-06 1.25041e-05 8.60056e-05 0.998439 0.00145213
3.53183e+10 5.94177e-06 8.54675e-09 1.20179e-05 8.4371e-05 0.998472 0.00142535
3.56451e+10 7.71843e-06 2.96131e-06 2.04274e-06 8.28812e-05 0.998504 0.00140013
3.59749e+10 2.48584e-06 5.40788e-06 1.25991e-05 8.13956e-05 0.998524 0.00137421
3.63078e+10 2.53021e-06 4.81949e-06 1.12326e-05 7.98256e-05 0.998552 0.00134952
3.66438e+10 5.75127e-06 1.49783e-06 7.84895e-07 7.84853e-05 0.998589 0.00132488
3.69828e+10 3.96051e-06 8.47537e-07 8.06132e-07 7.69823e-05 0.998617 0.00130003
3.7325e+10 4.44057e-07 9.16975e-06 1.75955e-06 7.56683e-05 0.998637 0.00127639
3.76704e+10 5.28941e-06 2.74762e-06 3.38383e-07 7.4259e-05 0.998664 0.00125356
3.80189e+10 7.53904e-06 7.60761e-06 2.17353e-06 7.29581e-05 0.998679 0.00123054
3.83707e+10 7.75053e-06 3.10143e-07 1.42147e-05 7.15609e-05 0.998698 0.00120833
3.87258e+10 7.43937e-06 7.93334e-06 8.49803e-06 7.02322e-05 0.99872 0.00118594
3.90841e+10 5.10973e-06 9.60224e-06 5.56155e-06 6.90615e-05 0.998746 0.00116466
3.94457e+10 4.20714e-07 7.54746e-06 8.02517e-06 6.77697e-05 0.998773 0.00114275
3.98107e+10 3.82786e-06 7.10044e-06 1.48425e-05 6.64753e-05 0.998786 0.0011222
4.01791e+10 6.17618e-06 8.88915e-06 3.34307e-06 6.53582e-05 0.998814 0.00110201
4.05509e+10 1.54669e-06 9.42915e-06 3.00115e-08 6.40305e-05 0.998843 0.00108176
4.09261e+10 4.53126e-06 2.63104e-06 9.31455e-07 6.29369e-05 0.998867 0.00106216
4.13048e+10 7.05375e-06 2.66651e-06 4.22265e-07 6.17703e-05 0.998886 0.00104236
4.16869e+10 1.60548e-06 8.88776e-06 7.07266e-07 6.05907e-05 0.998904 0.00102381
4.20727e+10 1.52165e-08 1.60986e-06 9.15839e-06 5.95908e-05 0.998925 0.00100509
4.2462e+10 5.91559e-07 5.27511e-06 1.54014e-05 5.84463e-05 0.998934 0.000986755
4.28549e+10 5.19823e-07 9.52157e-06 3.2749e-07 5.74347e-05 0.998964 0.000968545
4.32514e+10 1.15938e-08 3.90899e-06 1.53981e-05 5.63892e-05 0.998973 0.0009509
4.36516e+10 2.18471e-06 6.35769e-07 3.20954e-08 5.52928e-05 0.999008 0.00093348
4.40555e+10 7.40092e-06 1.04048e-07 1.33589e-05 5.42865e-05 0.999008 0.000916354
4.44631e+10 3.63814e-06 4.15901e-07 1.3611e-05 5.33976e-05 0.999029 0.000900063
4.48745e+10 2.10254e-06 2.86409e-06 5.00468e-06 5.23526e-05 0.999054 0.000883474
4.52898e+10 6.10308e-06 8.46931e-06 1.28608e-06 5.14742e-05 0.999065 0.000867425
4.57088e+10 3.44553e-06 7.69614e-06 9.56831e-07 5.0393e-05 0.999086 0.000851728
4.61318e+10 1.23135e-06 2.82824e-08 3.21489e-06 4.95943e-05 0.99911 0.000836243
4.65586e+10 7.32919e-06 9.72468e-06 1.03922e-05 4.86924e-05 0.999103 0.000820957
4.69894e+10 6.99702e-06 1.51859e-07 1.57776e-05 4.77135e-05 0.999124 0.000805747
4.74242e+10 4.1852e-06 9.78863e-06 3.58616e-06 4.68196e-05 0.999145 0.000790905
4.7863e+10 2.90366e-06 4.15697e-06 7.28884e-06 4.60323e-05 0.999163 0.000776668
4.83059e+10 3.40056e-06 1.13448e-07 1.04252e-05 4.51292e-05 0.999179 0.000762265
4.87528e+10 5.68502e-06 3.84506e-06 8.23785e-06 4.43083e-05 0.999189 0.000748926
4.9204e+10 7.7678e-06 7.00362e-06 2.33113e-06 4.35211e-05 0.999204 0.000734939
4.96592e+10 4.35553e-06 7.78006e-06 1.50746e-05 4.2781e-05 0.999208 0.000721626
5.01187e+10 1.45756e-07 6.47979e-06 1.30284e-05 4.19571e-05 0.99923 0.000708676
5.05825e+10 7.45439e-06 2.8899e-06 6.11682e-06 4.11843e-05 0.999247 0.000695777
5.10505e+10 1.19859e-06 1.99211e-08 2.99696e-06 4.05157e-05 0.999272 0.000682981
5.15229e+10 7.16392e-06 5.58592e-06 3.17856e-06 3.97463e-05 0.999274 0.000670294
5.19996e+10 4.69687e-08 9.00399e-06 6.68077e-06 3.9013e-05 0.999287 0.0006584
5.24807e+10 6.79591e-06 1.84783e-08 1.35331e-05 3.83429e-05 0.999295 0.000646281
5.29663e+10 6.68185e-06 1.00537e-05 1.44719e-05 3.75677e-05 0.999297 0.00063412
5.34564e+10 1.55647e-06 4.58453e-08 1.88097e-06 3.6883e-05 0.999337 0.000622562
5.39511e+10 2.0866e-09 8.69301e-06 8.21118e-06 3.62395e-05 0.999335 0.000611699
5.44503e+10 4.95934e-07 6.80014e-06 1.13661e-05 3.56279e-05 0.999346 0.000599941
5.49541e+10 6.68245e-07 2.24029e-07 5.11832e-06 3.49817e-05 0.99937 0.000589474
5.54626e+10 1.40289e-07 1.97319e-06 7.83027e-06 3.42804e-05 0.999377 0.000578486
5.59758e+10 4.09931e-07 5.70566e-06 1.46051e-05 3.36377e-05 0.999377 0.000568231
5.64937e+10 4.01175e-06 7.38313e-06 1.7144e-06 3.3005e-05 0.999396 0.000557827
5.70164e+10 8.01494e-06 7.14997e-06 2.43272e-06 3.24263e-05 0.999403 0.000547453
5.7544e+10 2.91441e-06 4.97375e-06 9.96588e-06 3.18716e-05 0.999413 0.000537488
5.80764e+10 1.8744e-06 1.21532e-06 1.41449e-05 3.1231e-05 0.999424 0.000527588
5.86138e+10 7.61192e-06 7.35566e-07 1.50449e-05 3.07477e-05 0.999428 0.000517902
5.91562e+10 3.95874e-07 7.97822e-06 1.38175e-05 3.01601e-05 0.999439 0.000508328
5.97035e+10 7.31161e-06 7.52975e-06 9.30137e-06 2.96044e-05 0.999447 0.0004993
6.0256e+10 3.33931e-06 3.03425e-07 1.90984e-06 2.90361e-05 0.999475 0.000490008
6.08135e+10 1.19077e-06 1.03188e-05 2.00561e-06 2.85794e-05 0.999476 0.000481432
6.13762e+10 7.74868e-06 1.74155e-08 1.47518e-05 2.80515e-05 0.999477 0.000472633
6.19441e+10 7.30088e-06 1.00829e-05 8.13075e-06 2.74658e-05 0.999483 0.00046372
6.25173e+10 3.17766e-06 3.23207e-06 3.92455e-06 2.7008e-05 0.999507 0.0004554
6.30957e+10 7.9927e-07 1.79819e-06 1.40175e-05 2.64721e-05 0.99951 0.000447063
6.36796e+10 1.73008e-07 9.61943e-06 3.98497e-06 2.60211e-05 0.999521 0.000439186
6.42688e+10 1.89303e-07 9.69089e-06 8.55342e-06 2.55609e-05 0.999525 0.00043069
6.48634e+10 8.93145e-07 5.40158e-06 1.5401e-05 2.51083e-05 0.99953 0.000423041
6.54636e+10 3.37022e-06 2.4702e-06 1.7205e-06 2.4633e-05 0.999552 0.000415333
6.60693e+10 7.34754e-06 1.54014e-06 2.95754e-06 2.41789e-05 0.999556 0.000407556
6.66807e+10 7.49238e-06 2.03873e-06 1.20895e-05 2.37851e-05 0.999554 0.000400143
6.72977e+10 1.14989e-06 4.30159e-06 1.66001e-05 2.33655e-05 0.999562 0.000392912
6.79204e+10 3.07585e-06 8.40835e-06 1.71676e-05 2.28809e-05 0.999563 0.00038575
6.85488e+10 7.85968e-06 1.04774e-05 1.70452e-05 2.24912e-05 0.999563 0.000378923
6.91831e+10 3.98394e-08 4.59994e-06 1.68712e-05 2.20399e-05 0.999584 0.000372038
6.98232e+10 8.53938e-06 4.09481e-07 1.43232e-05 2.16675e-05 0.99959 0.000365002
7.04693e+10 9.03926e-08 9.71207e-06 6.71826e-06 2.12723e-05 0.999604 0.000358274
7.11214e+10 7.75419e-06 3.70749e-06 2.75932e-08 2.0884e-05 0.999616 0.000352112
7.17794e+10 4.11543e-06 5.26768e-06 8.60822e-06 2.05024e-05 0.999616 0.00034554
7.24436e+10 5.82914e-07 5.6569e-06 1.62963e-05 2.01227e-05 0.999618 0.000339331
7.31139e+10 7.18266e-06 6.88288e-06 8.01845e-07 1.98138e-05 0.999632 0.000332925
7.37904e+10 8.54016e-06 1.34196e-06 1.36578e-05 1.93807e-05 0.99963 0.000327173
7.44732e+10 4.48673e-06 1.10903e-05 5.09471e-06 1.90063e-05 0.999639 0.000320866
7.51623e+10 1.25028e-06 4.91687e-06 1.33964e-05 1.8714e-05 0.999647 0.000315157
7.58578e+10 1.52466e-07 1.16427e-07 1.54688e-06 1.83502e-05 0.99967 0.000309359
7.65597e+10 2.67074e-08 5.2519e-06 1.77871e-05 1.80074e-05 0.999655 0.000303884
7.72681e+10 4.31713e-08 1.03882e-05 5.90971e-06 1.76958e-05 0.999667 0.000298466
7.7983e+10 4.68503e-07 1.15442e-05 1.51015e-06 1.73657e-05 0.999676 0.000292701
7.87046e+10 2.46219e-06 1.09333e-05 1.35079e-05 1.70403e-05 0.999669 0.000287236
7.94328e+10 6.50957e-06 1.05444e-05 1.84604e-05 1.67394e-05 0.999666 0.000282131
8.01678e+10 9.00158e-06 1.098e-05 1.45861e-05 1.64694e-05 0.999672 0.000277161
8.09096e+10 4.46793e-06 1.15391e-05 9.47362e-06 1.6191e-05 0.999686 0.000272228
8.16582e+10 1.21079e-07 1.00001e-05 6.79891e-06 1.58438e-05 0.9997 0.000267284
8.24138e+10 7.21039e-06 4.6666e-06 6.8211e-06 1.55293e-05 0.999703 0.000262421
8.31764e+10 5.18323e-06 5.19166e-08 9.43481e-06 1.53205e-05 0.999712 0.00025762
8.3946e+10 1.51914e-06 5.2368e-06 1.44086e-05 1.50115e-05 0.999711 0.000252703
8.47227e+10 8.24646e-06 1.11824e-05 1.83681e-05 1.4745e-05 0.999699 0.00024817
8.55067e+10 6.06595e-07 1.79671e-06 1.39064e-05 1.44287e-05 0.999726 0.000243525
8.62979e+10 7.81051e-06 5.74002e-06 2.12653e-06 1.42373e-05 0.999731 0.000238982
8.70964e+10 2.95595e-06 8.18897e-06 4.29153e-06 1.39038e-05 0.999736 0.000234959
8.79023e+10 2.91644e-06 2.14884e-06 1.80252e-05 1.37342e-05 0.999733 0.000230484
8.87156e+10 9.05173e-06 9.04843e-06 4.64561e-06 1.34117e-05 0.999738 0.000226258
8.95365e+10 2.23481e-06 3.91258e-06 8.11082e-06 1.31977e-05 0.99975 0.000222179
9.03649e+10 9.7181e-07 4.45293e-06 1.32726e-05 1.29486e-05 0.99975 0.000218132
9.12011e+10 6.90292e-06 1.08199e-05 4.26233e-06 1.27634e-05 0.999751 0.000214247
9.2045e+10 9.45447e-06 8.99487e-07 1.29032e-05 1.24905e-05 0.999754 0.000210068
9.28966e+10 7.22844e-06 4.32277e-06 9.38221e-06 1.22253e-05 0.99976 0.00020661
9.37562e+10 4.08495e-06 1.17073e-05 3.57281e-06 1.20007e-05 0.999766 0.000202535
9.46237e+10 2.07301e-06 8.88481e-06 1.89019e-05 1.18153e-05 0.999759 0.000198828
9.54993e+10 1.26415e-06 2.68658e-06 6.16488e-06 1.16108e-05 0.999783 0.000195345
9.63829e+10 1.28831e-06 1.10412e-07 1.38546e-06 1.13751e-05 0.999794 0.000191671
9.72747e+10 2.1272e-06 8.70654e-07 1.37603e-05 1.11488e-05 0.999784 0.000188173
9.81748e+10 4.19722e-06 2.42314e-06 1.95809e-05 1.0942e-05 0.999778 0.000184895
9.90832e+10 7.3662e-06 3.22277e-06 1.45004e-05 1.07502e-05 0.999783 0.000181645
1e+11 9.65328e-06 2.8165e-06 7.33869e-06 1.05765e-05 0.999791 0.000178373
1.00925e+11 7.34718e-06 1.43415e-06 2.99546e-06 1.0413e-05 0.999803 0.000175108
1.01859e+11 1.403e-06 1.45249e-07 1.31195e-06 1.02277e-05 0.999815 0.000171835
1.02802e+11 1.54526e-06 1.23679e-06 1.09482e-06 1.00175e-05 0.999818 0.000168575
1.03753e+11 8.7628e-06 6.43878e-06 1.99029e-06 9.84958e-06 0.999807 0.000165487
1.04713e+11 5.21702e-06 1.19229e-05 4.9817e-06 9.69918e-06 0.999806 0.000162624
1.05682e+11 7.80535e-07 8.8915e-06 1.10195e-05 9.46304e-06 0.99981 0.000159735
1.0666e+11 9.13268e-06 5.59454e-07 1.81929e-05 9.30586e-06 0.999806 0.000156739
1.07647e+11 1.0146e-06 5.41896e-06 1.8867e-05 9.1734e-06 0.999812 0.000153658
1.08643e+11 7.22575e-06 1.15051e-05 8.06336e-06 8.94506e-06 0.999813 0.000150866
1.09648e+11 2.23577e-06 6.64432e-07 2.65546e-07 8.82839e-06 0.99984 0.000148311
1.10662e+11 7.25538e-06 8.60408e-06 1.28917e-05 8.65642e-06 0.999817 0.000145532
1.11686e+11 8.18945e-07 5.56561e-06 1.71369e-05 8.48917e-06 0.999825 0.000142896
1.1272e+11 8.8788e-06 4.88325e-06 4.71853e-07 8.3552e-06 0.999837 0.000140155
1.13763e+11 9.73642e-07 6.86386e-06 1.46486e-05 8.16687e-06 0.999831 0.000137863
1.14815e+11 4.50123e-06 5.76619e-06 9.46627e-06 8.07413e-06 0.999837 0.000135041
1.15878e+11 8.38864e-06 3.64716e-06 6.49307e-06 7.87674e-06 0.999841 0.000132896
1.1695e+11 1.47625e-06 1.0389e-05 1.35907e-05 7.74048e-06 0.999837 0.000130152
1.18032e+11 1.50416e-06 1.83487e-07 5.90178e-06 7.63576e-06 0.999857 0.000128047
1.19124e+11 7.47456e-06 8.05099e-06 1.04672e-05 7.47035e-06 0.999841 0.000125598
1.20226e+11 8.57213e-06 9.59283e-06 1.2584e-05 7.34477e-06 0.999839 0.000123345
1.21339e+11 4.67269e-06 8.65602e-07 1.49452e-06 7.18805e-06 0.999865 0.000120953
1.22462e+11 1.04576e-06 3.01805e-06 1.81129e-05 7.04603e-06 0.999852 0.000118882
1.23595e+11 4.50213e-08 1.03323e-05 7.64582e-06 6.94356e-06 0.999858 0.000116847
1.24738e+11 8.92167e-07 1.07571e-05 1.32465e-06 6.83788e-06 0.999866 0.000114504
1.25893e+11 2.18009e-06 5.70888e-06 1.50309e-05 6.72477e-06 0.999858 0.000112358
1.27057e+11 3.06342e-06 1.35693e-06 1.73169e-05 6.60678e-06 0.999861 0.000110473
1.28233e+11 3.23736e-06 5.45015e-08 6.38078e-06 6.48054e-06 0.999875 0.000108549
1.2942e+11 2.66245e-06 8.03988e-07 1.4345e-07 6.3508e-06 0.999884 0.000106524
1.30617e+11 1.49585e-06 2.02795e-06 3.58392e-06 6.22398e-06 0.999882 0.000104515
1.31826e+11 3.07019e-07 2.77273e-06 1.06421e-05 6.10035e-06 0.999878 0.000102583
1.33045e+11 2.9261e-07 2.69242e-06 1.60498e-05 5.97792e-06 0.999874 0.000100717
1.34276e+11 2.75909e-06 1.82033e-06 1.86974e-05 5.86059e-06 0.999872 9.88886e-05
1.35519e+11 7.18927e-06 5.99078e-07 1.9595e-05 5.76016e-06 0.99987 9.70897e-05
1.36773e+11 9.49268e-06 1.19042e-07 1.98223e-05 5.68243e-06 0.99987 9.53181e-05
1.38038e+11 5.59923e-06 1.97784e-06 1.976e-05 5.60535e-06 0.999874 9.35536e-05
1.39316e+11 2.844e-07 6.81122e-06 1.89436e-05 5.49302e-06 0.999877 9.17866e-05
1.40605e+11 3.68097e-06 1.16987e-05 1.62324e-05 5.36005e-06 0.999873 9.00882e-05
1.41906e+11 9.33257e-06 1.06364e-05 1.06902e-05 5.26436e-06 0.999876 8.85292e-05
1.43219e+11 3.16687e-06 3.11854e-06 3.60022e-06 5.18563e-06 0.999898 8.69785e-05
1.44544e+11 1.70378e-06 7.92628e-07 2.15289e-07 5.08236e-06 0.999907 8.53395e-05
1.45881e+11 9.07717e-06 9.34228e-06 6.36736e-06 5.01219e-06 0.999886 8.38528e-05
1.47231e+11 1.41853e-06 1.00583e-05 1.77174e-05 4.91287e-06 0.999883 8.2421e-05
1.48594e+11 5.37079e-06 4.71881e-07 1.74727e-05 4.79396e-06 0.999891 8.0738e-05
1.49968e+11 5.47977e-06 7.37911e-06 3.45437e-06 4.75529e-06 0.9999 7.92258e-05
1.51356e+11 2.23574e-06 9.14773e-06 3.99582e-06 4.6248e-06 0.999902 7.79824e-05
1.52757e+11 6.94271e-06 4.03658e-07 1.89947e-05 4.57753e-06 0.999893 7.64932e-05
1.5417e+11 1.69756e-06 1.11475e-05 8.39582e-06 4.46498e-06 0.999899 7.49581e-05
1.55597e+11 6.23328e-06 1.36103e-06 3.07511e-06 4.40597e-06 0.999911 7.38166e-05
1.57036e+11 3.19088e-06 8.95484e-06 1.89131e-05 4.31179e-06 0.999892 7.22973e-05
1.58489e+11 3.31702e-06 2.67257e-06 2.01752e-06 4.24161e-06 0.999917 7.10664e-05
1.59956e+11 6.64583e-06 8.47938e-06 1.35289e-05 4.16443e-06 0.999897 6.97603e-05
1.61436e+11 2.01186e-07 1.63855e-06 7.9167e-06 4.07724e-06 0.999918 6.84458e-05
1.6293e+11 6.51441e-06 9.88762e-06 8.86695e-06 4.02992e-06 0.999903 6.72974e-05
1.64437e+11 4.48047e-06 2.42093e-07 9.5007e-06 3.92445e-06 0.999916 6.59195e-05
1.65959e+11 3.02001e-07 8.90435e-06 9.298e-06 3.86998e-06 0.999913 6.49099e-05
1.67494e+11 5.55512e-06 4.40206e-06 6.14814e-06 3.81479e-06 0.999917 6.35328e-05
1.69044e+11 6.19098e-06 1.67479e-06 1.39231e-05 3.71828e-06 0.999912 6.25392e-05
1.70608e+11 1.19297e-06 9.38042e-06 7.75124e-07 3.6515e-06 0.999924 6.13111e-05
1.72187e+11 9.42511e-07 4.0476e-06 1.56762e-05 3.61082e-06 0.999916 6.01604e-05
1.7378e+11 5.00802e-06 6.37326e-07 5.28185e-06 3.54073e-06 0.999926 5.92064e-05
1.75388e+11 6.73386e-06 7.02297e-06 3.83322e-06 3.45663e-06 0.999921 5.80269e-05
1.77011e+11 4.54736e-06 8.32122e-06 1.54204e-05 3.39858e-06 0.999911 5.69439e-05
1.78649e+11 1.50055e-06 2.74548e-06 6.1012e-06 3.34467e-06 0.99993 5.59556e-05
1.80302e+11 1.5259e-07 2.6109e-07 1.04479e-06 3.27935e-06 0.99994 5.49137e-05
1.8197e+11 7.4082e-07 3.53193e-06 1.1134e-05 3.21982e-06 0.999927 5.39303e-05
1.83654e+11 2.26923e-06 7.57686e-06 1.39796e-05 3.17129e-06 0.99992 5.30106e-05
1.85353e+11 3.80171e-06 8.53178e-06 5.59377e-06 3.12237e-06 0.999927 5.20424e-05
1.87068e+11 4.91174e-06 6.61132e-06 3.09784e-07 3.06713e-06 0.999934 5.10248e-05
1.88799e+11 5.56267e-06 3.82425e-06 3.94559e-06 3.00896e-06 0.999934 5.00427e-05
1.90546e+11 5.86657e-06 1.6555e-06 1.06264e-05 2.95226e-06 0.99993 4.91385e-05
1.92309e+11 5.92089e-06 5.07946e-07 1.40591e-05 2.89832e-06 0.999928 4.82897e-05
1.94089e+11 5.7387e-06 1.32297e-07 1.3057e-05 2.84658e-06 0.999931 4.74583e-05
1.95884e+11 5.2422e-06 1.24793e-07 9.68294e-06 2.79629e-06 0.999936 4.66237e-05
1.97697e+11 4.31204e-06 1.80805e-07 6.15613e-06 2.74689e-06 0.999941 4.57846e-05
1.99526e+11 2.91333e-06 1.61286e-07 3.56837e-06 2.69765e-06 0.999946 4.49467e-05
2.01372e+11 1.30122e-06 9.36891e-08 2.05333e-06 2.64758e-06 0.99995 4.41148e-05
2.03236e+11 1.92488e-07 1.71292e-07 1.3418e-06 2.59615e-06 0.999952 4.32918e-05
2.05116e+11 5.94796e-07 7.38072e-07 1.16469e-06 2.5446e-06 0.999952 4.24821e-05
2.07014e+11 2.96755e-06 2.17882e-06 1.43534e-06 2.4966e-06 0.999949 4.16948e-05
2.0893e+11 6.04179e-06 4.61319e-06 2.28917e-06 2.45574e-06 0.999944 4.09417e-05
2.10863e+11 6.90263e-06 7.4222e-06 4.01719e-06 2.41991e-06 0.999939 4.02265e-05
2.12814e+11 3.95083e-06 9.01598e-06 6.85063e-06 2.37885e-06 0.999938 3.95332e-05
2.14783e+11 4.61746e-07 7.64032e-06 1.05445e-05 2.32477e-06 0.99994 3.88304e-05
2.1677e+11 1.88396e-06 3.50416e-06 1.38895e-05 2.26909e-06 0.99994 3.80987e-05
2.18776e+11 6.56092e-06 3.04745e-07 1.47043e-05 2.23374e-06 0.999939 3.73528e-05
2.208e+11 5.8644e-06 2.38141e-06 1.11685e-05 2.2119e-06 0.999942 3.66285e-05
2.22844e+11 7.96635e-07 7.93538e-06 4.50087e-06 2.16867e-06 0.999949 3.59615e-05
2.24905e+11 2.84633e-06 8.59769e-06 3.27633e-07 2.11028e-06 0.999951 3.53684e-05
2.26986e+11 7.42066e-06 2.51811e-06 4.29289e-06 2.08135e-06 0.999949 3.47898e-05
2.29087e+11 2.53091e-06 1.19718e-06 1.31037e-05 2.06074e-06 0.999947 3.41171e-05
2.31206e+11 1.87465e-06 8.10042e-06 1.43784e-05 2.00705e-06 0.99994 3.34169e-05
2.33346e+11 7.49978e-06 7.53992e-06 4.81552e-06 1.96679e-06 0.999945 3.28526e-05
2.35505e+11 1.96344e-06 6.63511e-07 1.30301e-06 1.94565e-06 0.999962 3.23046e-05
2.37684e+11 3.5829e-06 6.04253e-06 1.20069e-05 1.90407e-06 0.999945 3.16776e-05
2.39883e+11 6.65725e-06 8.52927e-06 1.39525e-05 1.87045e-06 0.999938 3.11087e-05
2.42103e+11 7.1945e-07 7.80527e-07 1.98344e-06 1.83343e-06 0.999964 3.05265e-05
2.44343e+11 7.32235e-06 7.46647e-06 7.06454e-06 1.80841e-06 0.999946 2.99997e-05
2.46604e+11 1.78359e-06 6.3259e-06 1.56262e-05 1.77128e-06 0.999945 2.94698e-05
2.48886e+11 5.62746e-06 1.80337e-06 2.7795e-06 1.73521e-06 0.999959 2.88577e-05
2.51189e+11 3.51998e-06 9.73632e-06 8.41009e-06 1.71835e-06 0.999948 2.84397e-05
2.53513e+11 4.35156e-06 1.2561e-06 1.40847e-05 1.66739e-06 0.999951 2.78453e-05
2.55859e+11 4.28526e-06 8.49399e-06 1.3079e-06 1.66009e-06 0.999957 2.73586e-05
2.58226e+11 4.18978e-06 3.31618e-06 1.47685e-05 1.60816e-06 0.999949 2.6905e-05
2.60615e+11 3.90719e-06 6.57998e-06 5.60862e-06 1.60089e-06 0.999956 2.63335e-05
2.63027e+11 5.10557e-06 4.74868e-06 8.79404e-06 1.5519e-06 0.999954 2.59578e-05
2.65461e+11 2.54292e-06 5.87124e-06 1.12253e-05 1.54342e-06 0.999953 2.53836e-05
2.67917e+11 6.68668e-06 4.75329e-06 4.73016e-06 1.49909e-06 0.999957 2.50223e-05
2.70396e+11 1.14707e-06 6.56523e-06 1.37903e-05 1.48503e-06 0.999953 2.44749e-05
2.72898e+11 7.17513e-06 3.43198e-06 3.46625e-06 1.45237e-06 0.99996 2.41232e-05
2.75423e+11 2.19487e-06 8.28634e-06 1.41217e-05 1.42499e-06 0.99995 2.35954e-05
2.77971e+11 4.22689e-06 1.65786e-06 3.92594e-06 1.40825e-06 0.999966 2.32539e-05
2.80543e+11 6.16475e-06 9.33955e-06 1.27722e-05 1.37109e-06 0.999948 2.27608e-05
2.83139e+11 1.11437e-06 2.07868e-06 6.29085e-06 1.35721e-06 0.999967 2.23961e-05
2.85759e+11 5.95579e-06 6.65538e-06 9.07069e-06 1.32798e-06 0.999955 2.19709e-05
2.88403e+11 5.00006e-06 6.61962e-06 1.10505e-05 1.3053e-06 0.999954 2.15761e-05
2.91072e+11 1.16128e-06 1.7988e-06 3.79623e-06 1.28059e-06 0.999971 2.11775e-05
2.93765e+11 5.75012e-06 8.71416e-06 1.49591e-05 1.26286e-06 0.999948 2.08212e-05
2.96483e+11 5.61876e-06 4.36919e-06 3.14382e-06 1.23725e-06 0.999965 2.04135e-05
2.99226e+11 1.1971e-06 2.52609e-06 1.04787e-05 1.20946e-06 0.999965 2.00422e-05
3.01995e+11 3.68656e-06 8.67816e-06 1.14467e-05 1.19971e-06 0.999955 1.97315e-05
3.04789e+11 6.82016e-06 4.69927e-06 2.45372e-06 1.17621e-06 0.999966 1.93131e-05
3.0761e+11 3.56939e-06 1.75288e-06 1.26575e-05 1.144e-06 0.999962 1.89703e-05
3.10456e+11 9.76502e-07 7.38986e-06 9.84497e-06 1.13093e-06 0.999962 1.86853e-05
3.13329e+11 3.9172e-06 7.26151e-06 2.44975e-06 1.12006e-06 0.999967 1.82961e-05
3.16228e+11 6.71425e-06 1.87392e-06 1.13858e-05 1.09382e-06 0.999961 1.79473e-05
3.19154e+11 4.76985e-06 3.11052e-06 1.18648e-05 1.06585e-06 0.999962 1.76805e-05
3.22107e+11 1.3709e-06 7.96446e-06 2.86604e-06 1.04984e-06 0.999969 1.73499e-05
3.25087e+11 1.24568e-06 7.01555e-06 6.24284e-06 1.04045e-06 0.999967 1.69879e-05
3.28095e+11 4.1791e-06 2.29449e-06 1.35437e-05 1.0253e-06 0.999962 1.67029e-05
3.31131e+11 6.56306e-06 1.56624e-06 9.04924e-06 1.00107e-06 0.999965 1.64466e-05
3.34195e+11 6.09906e-06 5.4679e-06 2.23486e-06 9.75811e-07 0.999969 1.61355e-05
3.37287e+11 3.55528e-06 8.3446e-06 5.48513e-06 9.57989e-07 0.999966 1.58003e-05
3.40408e+11 1.1633e-06 6.84282e-06 1.24284e-05 9.47206e-07 0.999963 1.55085e-05
3.43558e+11 4.77288e-07 3.04506e-06 1.20125e-05 9.3667e-07 0.999968 1.52601e-05
3.46737e+11 1.59104e-06 8.23036e-07 5.4449e-06 9.21585e-07 0.999976 1.50103e-05
3.49945e+11 3.62756e-06 1.80476e-06 1.59706e-06 9.02817e-07 0.999977 1.47375e-05
3.53183e+11 5.57401e-06 4.78346e-06 4.48118e-06 8.84023e-07 0.99997 1.44562e-05
3.56451e+11 6.80466e-06 7.54181e-06 1.02979e-05 8.67556e-07 0.99996 1.41868e-05
3.59749e+11 7.17322e-06 8.62038e-06 1.33787e-05 8.5319e-07 0.999956 1.39333e-05
3.63078e+11 6.85499e-06 7.85115e-06 1.16399e-05 8.3939e-07 0.999959 1.36868e-05
3.66438e+11 6.14289e-06 5.92681e-06 7.00216e-06 8.24928e-07 0.999967 1.34389e-05
3.69828e+11 5.30667e-06 3.7332e-06 2.69377e-06 8.09539e-07 0.999974 1.31887e-05
3.7325e+11 4.53426e-06 1.91163e-06 8.26465e-07 7.93669e-07 0.999979 1.29404e-05
3.76704e+11 3.93048e-06 7.37455e-07 1.70013e-06 7.77948e-07 0.99998 1.26995e-05
3.80189e+11 3.5419e-06 1.97691e-07 4.39799e-06 7.62819e-07 0.999979 1.24685e-05
3.83707e+11 3.38565e-06 1.27851e-07 7.69377e-06 7.48447e-07 0.999976 1.22475e-05
3.87258e+11 3.47169e-06 3.246e-07 1.06571e-05 7.34794e-07 0.999973 1.20344e-05
3.90841e+11 3.81435e-06 6.09587e-07 1.28408e-05 7.21756e-07 0.99997 1.18271e-05
3.94457e+11 4.43209e-06 8.52863e-07 1.41981e-05 7.09263e-07 0.999968 1.16236e-05
3.98107e+11 5.33435e-06 9.7408e-07 1.49093e-05 6.97351e-07 0.999967 1.14227e-05
4.01791e+11 6.49474e-06 9.3738e-07 1.52304e-05 6.86165e-07 0.999965 1.1224e-05
4.05509e+11 7.81303e-06 7.50001e-07 1.53992e-05 6.75936e-07 0.999964 1.10274e-05
4.09261e+11 9.07692e-06 4.68784e-07 1.55928e-05 6.66896e-07 0.999963 1.08329e-05
4.13048e+11 9.94814e-06 2.13219e-07 1.59145e-05 6.59127e-07 0.999963 1.06403e-05
4.16869e+11 1.0012e-05 1.77121e-07 1.63902e-05 6.5237e-07 0.999962 1.04491e-05
4.20727e+11 8.92815e-06 6.22954e-07 1.69629e-05 6.45863e-07 0.999963 1.02583e-05
4.2462e+11 6.68405e-06 1.83558e-06 1.74822e-05 6.38332e-07 0.999963 1.00671e-05
4.28549e+11 3.85845e-06 4.01314e-06 1.7698e-05 6.28325e-07 0.999964 9.87577e-06
4.32514e+11 1.68475e-06 7.09436e-06 1.72753e-05 6.14938e-07 0.999964 9.68619e-06
4.36516e+11 1.65317e-06 1.0575e-05 1.58609e-05 5.98728e-07 0.999962 9.50301e-06
4.40555e+11 4.57592e-06 1.34441e-05 1.32278e-05 5.8217e-07 0.999959 9.3325e-06
4.44631e+11 9.53688e-06 1.44227e-05 9.4996e-06 5.68899e-07 0.999957 9.17945e-06
4.48745e+11 1.37069e-05 1.26189e-05 5.39111e-06 5.61507e-07 0.999959 9.04251e-06
4.52898e+11 1.39386e-05 8.42474e-06 2.30165e-06 5.59084e-07 0.999966 8.9114e-06
4.57088e+11 9.70513e-06 4.03707e-06 2.02331e-06 5.56901e-07 0.999975 8.77064e-06
4.61318e+11 4.83479e-06 2.74167e-06 5.89305e-06 5.49801e-07 0.999977 8.61052e-06
4.65586e+11 5.02142e-06 6.6507e-06 1.35606e-05 5.37227e-07 0.999966 8.43792e-06
4.69894e+11 1.16931e-05 1.41348e-05 2.21311e-05 5.24397e-07 0.999943 8.2737e-06
4.74242e+11 1.86234e-05 1.96977e-05 2.68644e-05 5.16501e-07 0.999926 8.13272e-06
4.7863e+11 1.78446e-05 1.82016e-05 2.40972e-05 5.11705e-07 0.999931 8.00486e-06
4.83059e+11 1.06836e-05 1.09462e-05 1.51164e-05 5.03527e-07 0.999955 7.86524e-06
4.87528e+11 8.54335e-06 6.54194e-06 7.36389e-06 4.91929e-07 0.999969 7.71113e-06
4.9204e+11 1.72377e-05 1.22331e-05 9.55349e-06 4.85652e-07 0.999953 7.57472e-06
4.96592e+11 2.55401e-05 2.33302e-05 2.25457e-05 4.86729e-07 0.999921 7.47573e-06
5.01187e+11 2.11164e-05 2.64037e-05 3.52076e-05 4.81537e-07 0.999909 7.3734e-06
5.05825e+11 1.3601e-05 1.7762e-05 3.40768e-05 4.63002e-07 0.999927 7.21564e-06
5.10505e+11 2.05397e-05 1.2309e-05 2.07493e-05 4.50612e-07 0.999939 7.03903e-06
5.15229e+11 3.28659e-05 2.25017e-05 1.45455e-05 4.5896e-07 0.999923 6.93639e-06
5.19996e+11 2.90599e-05 3.49576e-05 2.86229e-05 4.62066e-07 0.9999 6.89274e-06
5.24807e+11 2.09883e-05 3.00796e-05 4.70744e-05 4.38531e-07 0.999895 6.77885e-06
5.29663e+11 3.24339e-05 2.00368e-05 4.39719e-05 4.23414e-07 0.999897 6.58121e-06
5.34564e+11 4.39194e-05 3.00162e-05 2.70317e-05 4.39463e-07 0.999892 6.45622e-06
5.39511e+11 3.4257e-05 4.59342e-05 3.14228e-05 4.38394e-07 0.999882 6.43748e-06
5.44503e+11 3.48505e-05 3.90065e-05 5.72715e-05 4.08199e-07 0.999862 6.3471e-06
5.49541e+11 5.413e-05 3.08752e-05 6.18406e-05 4.10196e-07 0.999847 6.15002e-06
5.54626e+11 5.15043e-05 4.94942e-05 4.19305e-05 4.27261e-07 0.999851 6.04296e-06
5.59758e+11 4.49937e-05 5.98561e-05 4.87623e-05 4.00694e-07 0.99984 6.03833e-06
5.64937e+11 6.6537e-05 4.55354e-05 8.00604e-05 3.8965e-07 0.999802 5.92264e-06
5.70164e+11 6.95199e-05 5.53858e-05 7.62779e-05 4.12747e-07 0.999793 5.73471e-06
5.7544e+11 6.13084e-05 7.78926e-05 5.8456e-05 3.89648e-07 0.999796 5.69607e-06
5.80764e+11 8.59195e-05 6.62925e-05 8.71799e-05 3.75471e-07 0.999755 5.67497e-06
5.86138e+11 8.8996e-05 7.01812e-05 0.000109062 4.01047e-07 0.999726 5.48384e-06
5.91562e+11 8.42265e-05 9.89382e-05 8.58644e-05 3.73612e-07 0.999725 5.38761e-06
5.97035e+11 0.000113881 8.93294e-05 0.000103178 3.66563e-07 0.999688 5.41583e-06
6.0256e+11 0.000110656 9.50386e-05 0.000140978 3.90104e-07 0.999648 5.23653e-06
6.08135e+11 0.000118277 0.000127085 0.000120564 3.53768e-07 0.999629 5.12082e-06
6.13762e+11 0.000147851 0.000115186 0.000134668 3.65025e-07 0.999597 5.16866e-06
6.19441e+11 0.000138282 0.000132782 0.000180257 3.71782e-07 0.999543 4.97131e-06
6.25173e+11 0.000168149 0.000161515 0.000159735 3.37747e-07 0.999505 4.89633e-06
6.30957e+11 0.000181095 0.000148597 0.000184829 3.65542e-07 0.99948 4.91977e-06
6.36796e+11 0.000185486 0.000186572 0.000229687 3.41672e-07 0.999393 4.69955e-06
6.42688e+11 0.00022486 0.000197667 0.000207523 3.36746e-07 0.999365 4.71105e-06
6.48634e+11 0.000219832 0.000202367 0.000258598 3.48123e-07 0.999314 4.63006e-06
6.54636e+11 0.000260244 0.000249 0.000284789 3.18533e-07 0.999201 4.47482e-06
6.60693e+11 0.000270962 0.000241168 0.000278419 3.35457e-07 0.999205 4.50034e-06
6.66807e+11 0.000295229 0.000286047 0.000352547 3.13751e-07 0.999062 4.32894e-06
6.72977e+11 0.000328976 0.000303027 0.000345498 3.13877e-07 0.999018 4.29723e-06
6.79204e+11 0.000338911 0.000322515 0.00039322 3.06793e-07 0.998941 4.2055e-06
6.85488e+11 0.000387994 0.000370963 0.000442848 2.95793e-07 0.998794 4.10486e-06
6.91831e+11 0.000393632 0.000373631 0.000445401 2.91175e-07 0.998783 4.04251e-06
6.98232e+11 0.000447931 0.000436545 0.000534648 2.81324e-07 0.998577 3.94089e-06
7.04693e+11 0.000457006 0.000441755 0.000532683 2.70421e-07 0.998564 3.85271e-06
7.11214e+11 0.000510636 0.000502263 0.000616323 2.65753e-07 0.998367 3.77484e-06
7.17794e+11 0.000525567 0.000521622 0.000647323 2.48583e-07 0.998302 3.66322e-06
7.24436e+11 0.000577015 0.000573156 0.000703233 2.46805e-07 0.998143 3.58815e-06
7.31139e+11 0.000596355 0.000607786 0.000773909 2.26638e-07 0.998018 3.47934e-06
7.37904e+11 0.00064631 0.000651614 0.000807173 2.25037e-07 0.997891 3.38412e-06
7.44732e+11 0.000666922 0.000696932 0.000904826 2.03967e-07 0.997728 3.29287e-06
7.51623e+11 0.000716354 0.000736944 0.000929697 2.01731e-07 0.997614 3.17281e-06
7.58578e+11 0.00073499 0.000786937 0.00103954 1.80263e-07 0.997435 3.09678e-06
7.65597e+11 0.000783881 0.000826628 0.00106631 1.77571e-07 0.99732 2.96145e-06
7.72681e+11 0.000798386 0.000875544 0.00117905 1.56278e-07 0.997144 2.88996e-06
7.7983e+11 0.000844671 0.000917307 0.00121104 1.52486e-07 0.997024 2.75398e-06
7.87046e+11 0.000855181 0.000959791 0.0013224 1.33611e-07 0.99686 2.67593e-06
7.94328e+11 0.000893797 0.00100505 0.00135833 1.26337e-07 0.99674 2.55321e-06
8.01678e+11 0.000903615 0.00103625 0.00146583 1.13695e-07 0.996592 2.46109e-06
8.09096e+11 0.000926587 0.00108508 0.00150314 1.00327e-07 0.996483 2.3621e-06
8.16582e+11 0.00094113 0.00110184 0.00160307 9.62806e-08 0.996352 2.254e-06
8.24138e+11 0.000940764 0.00115132 0.00164069 7.81845e-08 0.996265 2.1838e-06
8.31764e+11 0.000962512 0.00115476 0.00172599 7.91953e-08 0.996155 2.06476e-06
8.3946e+11 0.000938862 0.00119642 0.00176612 6.44914e-08 0.996097 2.02184e-06
8.47227e+11 0.00095926 0.00119446 0.00182598 6.20263e-08 0.996018 1.90366e-06
8.55067e+11 0.00092731 0.00121377 0.00187341 5.90372e-08 0.995984 1.88027e-06
8.62979e+11 0.000924559 0.00121908 0.00189651 5.11852e-08 0.995958 1.77975e-06
8.70964e+11 0.000908351 0.00120218 0.00195338 5.48561e-08 0.995934 1.76283e-06
8.79023e+11 0.000864481 0.001221 0.00193652 5.46272e-08 0.995976 1.70056e-06
8.87156e+11 0.000870167 0.00117052 0.00199222 5.08937e-08 0.995965 1.67131e-06
8.95365e+11 0.000801909 0.00118643 0.00195146 6.48708e-08 0.996058 1.67045e-06
9.03649e+11 0.000795132 0.00113286 0.00197541 6.28031e-08 0.996095 1.60871e-06
9.12011e+11 0.000753373 0.0011084 0.00194613 6.54479e-08 0.99619 1.68078e-06
9.2045e+11 0.00069373 0.0010895 0.00190135 9.31256e-08 0.996314 1.59232e-06
9.28966e+11 0.000696775 0.00100758 0.00190941 7.34603e-08 0.996384 1.69581e-06
9.37562e+11 0.000614502 0.00101454 0.00179562 1.03903e-07 0.996574 1.65615e-06
9.46237e+11 0.000599352 0.000924854 0.00181088 1.19363e-07 0.996663 1.67602e-06
9.54993e+11 0.000575467 0.000889791 0.00169712 9.40222e-08 0.996836 1.79083e-06
9.63829e+11 0.000498717 0.000864729 0.0016375 1.51439e-07 0.996997 1.66805e-06
9.72747e+11 0.000516821 0.000761082 0.00160439 1.35625e-07 0.997116 1.86721e-06
9.81748e+11 0.000466764 0.000771505 0.00144518 1.23204e-07 0.997315 1.79926e-06
9.90832e+11 0.000423951 0.0006965 0.00145471 1.88346e-07 0.997423 1.79121e-06
1e+12 0.000456517 0.000635649 0.00131854 1.43704e-07 0.997587 1.99102e-06
1.00925e+12 0.000399667 0.00065632 0.0012298 1.47176e-07 0.997712 1.78424e-06
1.01859e+12 0.000392705 0.000562057 0.00122917 2.05257e-07 0.997814 1.93123e-06
1.02802e+12 0.000433171 0.000556202 0.00105473 1.43954e-07 0.997954 1.99381e-06
1.03753e+12 0.000383187 0.000571467 0.00105874 1.52823e-07 0.997985 1.76713e-06
1.04713e+12 0.000400865 0.00048844 0.00101172 2.0089e-07 0.998097 1.97705e-06
1.05682e+12 0.000450706 0.000525372 0.000874033 1.35457e-07 0.998148 1.90698e-06
1.0666e+12 0.000410212 0.000540173 0.00093996 1.36207e-07 0.998108 1.70525e-06
1.07647e+12 0.000436552 0.000477723 0.000865889 1.77018e-07 0.998218 1.89595e-06
1.08643e+12 0.000497607 0.000541414 0.000791234 1.19425e-07 0.998168 1.76098e-06
1.09648e+12 0.000464082 0.000565469 0.000893735 1.04034e-07 0.998075 1.57074e-06
1.10662e+12 0.000480442 0.000516304 0.000821633 1.37544e-07 0.99818 1.71062e-06
1.11686e+12 0.000550312 0.000590353 0.000797518 9.85816e-08 0.99806 1.57606e-06
1.1272e+12 0.000524505 0.00063056 0.000926666 7.0133e-08 0.997917 1.38268e-06
1.13763e+12 0.000512532 0.000581794 0.000871737 9.14785e-08 0.998032 1.46697e-06
1.14815e+12 0.00058034 0.000645753 0.000867507 7.47457e-08 0.997905 1.37569e-06
1.15878e+12 0.000571563 0.000705364 0.0010166 4.66325e-08 0.997705 1.19027e-06
1.1695e+12 0.000522815 0.000650318 0.000983808 5.39908e-08 0.997842 1.22202e-06
1.18032e+12 0.000565233 0.000678388 0.000962861 5.17819e-08 0.997792 1.18846e-06
1.19124e+12 0.000585518 0.000753895 0.0011163 3.55883e-08 0.997543 1.04153e-06
1.20226e+12 0.000516793 0.000703018 0.00111277 3.68622e-08 0.997666 1.03199e-06
1.21339e+12 0.000504871 0.000672467 0.00104498 3.97293e-08 0.997777 1.04305e-06
1.22462e+12 0.000546909 0.000743652 0.00116953 3.4533e-08 0.997539 9.61398e-07
1.23595e+12 0.000503289 0.000724813 0.00120938 3.72865e-08 0.997562 9.33249e-07
1.24738e+12 0.000433822 0.000639086 0.00109261 4.34763e-08 0.997833 9.58589e-07
1.25893e+12 0.000453455 0.000663641 0.00113732 4.54544e-08 0.997745 9.44358e-07
1.27057e+12 0.000469146 0.000695221 0.00122424 4.94092e-08 0.99761 9.30519e-07
1.28233e+12 0.000398815 0.000606885 0.00110637 5.4341e-08 0.997887 9.41487e-07
1.2942e+12 0.000353374 0.000549698 0.0010303 5.98758e-08 0.998066 9.55021e-07
1.30617e+12 0.000389383 0.000595534 0.00112015 6.96686e-08 0.997894 9.82709e-07
1.31826e+12 0.000392882 0.00057888 0.00108235 7.33236e-08 0.997945 9.94717e-07
1.33045e+12 0.000326486 0.000478237 0.00091904 6.78255e-08 0.998275 9.73691e-07
1.34276e+12 0.000302778 0.000458841 0.000916668 7.36809e-08 0.998321 9.97995e-07
1.35519e+12 0.00035093 0.000510364 0.000981254 9.05574e-08 0.998156 1.06064e-06
1.36773e+12 0.000363549 0.000478893 0.000868969 8.82569e-08 0.998287 1.03957e-06
1.38038e+12 0.000311625 0.00039434 0.000735839 6.86878e-08 0.998557 9.69355e-07
1.39316e+12 0.000295685 0.000401076 0.00078351 6.94452e-08 0.998519 1.00065e-06
1.40605e+12 0.000350756 0.000464162 0.000829715 9.01443e-08 0.998354 1.07382e-06
1.41906e+12 0.000383898 0.000447119 0.000711383 8.85351e-08 0.998456 1.01497e-06
1.43219e+12 0.000347326 0.000379899 0.000620603 5.99176e-08 0.998651 8.94254e-07
1.44544e+12 0.000320899 0.000393579 0.000699881 4.7979e-08 0.998585 9.04986e-07
1.45881e+12 0.00036571 0.000470497 0.000762795 6.5984e-08 0.9984 9.8531e-07
1.47231e+12 0.000418045 0.000482095 0.000673496 7.4092e-08 0.998425 9.28651e-07
1.48594e+12 0.000401615 0.000424382 0.000603585 5.07325e-08 0.99857 7.73921e-07
1.49968e+12 0.000355014 0.00041873 0.000693606 2.83833e-08 0.998532 7.37661e-07
1.51356e+12 0.000362933 0.000493406 0.000792775 3.57318e-08 0.99835 8.22748e-07
1.52757e+12 0.000416517 0.00053712 0.000744242 5.12119e-08 0.998301 8.18325e-07
1.5417e+12 0.000431093 0.000491629 0.000664419 4.32421e-08 0.998412 6.74448e-07
1.55597e+12 0.000381862 0.000445778 0.000724667 2.25643e-08 0.998447 5.84547e-07
1.57036e+12 0.000339069 0.000483233 0.000849393 2.08637e-08 0.998328 6.5145e-07
1.58489e+12 0.00035747 0.000547232 0.000852501 3.75965e-08 0.998242 7.20393e-07
1.59956e+12 0.000396695 0.000536173 0.000752793 4.30202e-08 0.998314 6.43811e-07
1.61436e+12 0.00038575 0.000463524 0.000733448 2.7763e-08 0.998417 5.20428e-07
1.6293e+12 0.000326069 0.000431658 0.000836155 1.73878e-08 0.998406 5.28052e-07
1.64437e+12 0.000285303 0.000474223 0.000899519 3.15083e-08 0.99834 6.40511e-07
1.65959e+12 0.000301507 0.000511166 0.000821213 5.29972e-08 0.998365 6.75152e-07
1.67494e+12 0.000335336 0.000471291 0.000712922 5.29158e-08 0.99848 5.75532e-07
1.69044e+12 0.000327449 0.000392603 0.000720724 3.22981e-08 0.998559 4.89842e-07
1.70608e+12 0.000275911 0.000363353 0.000807084 2.0881e-08 0.998553 5.45424e-07
1.72187e+12 0.000234636 0.000400311 0.00081705 3.68088e-08 0.998547 6.66858e-07
1.7378e+12 0.000243878 0.000432614 0.000707318 6.30174e-08 0.998615 6.89471e-07
1.75388e+12 0.000283509 0.000400405 0.00060049 6.93013e-08 0.998715 5.86904e-07
1.77011e+12 0.000301003 0.000330123 0.000607599 4.91481e-08 0.998761 4.97513e-07
1.78649e+12 0.000273774 0.000295767 0.000681936 2.60859e-08 0.998748 5.34779e-07
1.80302e+12 0.000232405 0.000326244 0.000692885 2.52946e-08 0.998748 6.45537e-07
1.8197e+12 0.000223374 0.000374737 0.000600161 4.59881e-08 0.998801 6.87006e-07
1.83654e+12 0.000257534 0.000378521 0.000498159 6.442e-08 0.998865 6.04668e-07
1.85353e+12 0.000300317 0.000331309 0.000490959 6.0596e-08 0.998877 4.88921e-07
1.87068e+12 0.00031008 0.000286358 0.000567492 3.82031e-08 0.998836 4.59559e-07
1.88799e+12 0.000281047 0.000294126 0.000623241 1.85736e-08 0.998801 5.29326e-07
1.90546e+12 0.000247015 0.000347792 0.000587018 1.80616e-08 0.998818 5.99825e-07
1.92309e+12 0.000245333 0.00039332 0.000498751 3.2998e-08 0.998862 5.78001e-07
1.94089e+12 0.000279794 0.000387861 0.000457761 4.56015e-08 0.998874 4.74728e-07
1.95884e+12 0.000318462 0.000342673 0.000510689 4.24288e-08 0.998828 3.84552e-07
1.97697e+12 0.000325681 0.000308614 0.000604145 2.6407e-08 0.998761 3.81431e-07
1.99526e+12 0.000295369 0.000323296 0.000645685 1.21779e-08 0.998735 4.45948e-07
2.01372e+12 0.00025479 0.000374699 0.000600791 1.12975e-08 0.998769 4.93333e-07
2.03236e+12 0.000238057 0.000415001 0.00052436 2.21187e-08 0.998822 4.63297e-07
2.05116e+12 0.000255783 0.000407397 0.000500577 3.28073e-08 0.998836 3.77094e-07
2.07014e+12 0.000287674 0.000359427 0.000557896 3.30225e-08 0.998795 3.10301e-07
2.0893e+12 0.00030197 0.00031344 0.0006438 2.28605e-08 0.99874 3.16414e-07
2.10863e+12 0.000282587 0.000306715 0.000678676 1.17352e-08 0.998732 3.7845e-07
2.12814e+12 0.000240949 0.000339361 0.000631509 9.50525e-09 0.998788 4.30339e-07
2.14783e+12 0.000204926 0.000376971 0.000545408 1.823e-08 0.998872 4.20828e-07
2.1677e+12 0.00019627 0.000382077 0.00049424 3.1112e-08 0.998927 3.57807e-07
2.18776e+12 0.000215069 0.000345171 0.000515535 3.84735e-08 0.998924 2.96302e-07
2.208e+12 0.000241748 0.000290237 0.000580694 3.52557e-08 0.998887 2.87184e-07
2.22844e+12 0.000252847 0.000253507 0.000624179 2.43069e-08 0.998869 3.3473e-07
2.24905e+12 0.000237734 0.000255108 0.000600792 1.37101e-08 0.998906 3.96978e-07
2.26986e+12 0.000204745 0.000285762 0.000520921 1.08291e-08 0.998988 4.23105e-07
2.29087e+12 0.0001741 0.000316285 0.000438133 1.74986e-08 0.999071 3.93508e-07
2.31206e+12 0.00016386 0.000320078 0.000404624 2.92951e-08 0.999111 3.31526e-07
2.33346e+12 0.000178649 0.00029131 0.000432467 3.87907e-08 0.999097 2.82015e-07
2.35505e+12 0.000207762 0.000247113 0.000488623 4.02862e-08 0.999056 2.77034e-07
2.37684e+12 0.000232717 0.000214433 0.000522843 3.30372e-08 0.99903 3.14713e-07
2.39883e+12 0.000238764 0.000211934 0.000504459 2.12879e-08 0.999044 3.6389e-07
2.42103e+12 0.000223246 0.00023888 0.000441695 1.14649e-08 0.999096 3.87676e-07
2.44343e+12 0.000196314 0.000276965 0.000372961 8.41719e-09 0.999153 3.67916e-07
2.46604e+12 0.000174312 0.000302551 0.000339406 1.28841e-08 0.999183 3.14921e-07
2.48886e+12 0.000170164 0.000300985 0.000358514 2.14497e-08 0.99917 2.58491e-07
2.51189e+12 0.000186352 0.000274508 0.00041494 2.87542e-08 0.999124 2.28143e-07
2.53513e+12 0.00021408 0.000239842 0.000472161 3.05393e-08 0.999074 2.35642e-07
2.55859e+12 0.000238578 0.00021776 0.00049572 2.58177e-08 0.999048 2.69715e-07
2.58226e+12 0.000247177 0.000221152 0.000473276 1.71087e-08 0.999058 3.04543e-07
2.60615e+12 0.000235698 0.000248287 0.000420243 8.82353e-09 0.999095 3.15682e-07
2.63027e+12 0.00021001 0.000284489 0.000369165 4.83761e-09 0.999136 2.93729e-07
2.65461e+12 0.000182423 0.000310634 0.000350228 6.58408e-09 0.999156 2.48423e-07
2.67917e+12 0.000165237 0.00031337 0.000374487 1.25683e-08 0.999147 2.01927e-07
2.70396e+12 0.000164888 0.000291582 0.000428758 1.93755e-08 0.999115 1.76013e-07
2.72898e+12 0.00017943 0.00025614 0.000483957 2.34978e-08 0.99908 1.80588e-07
2.75423e+12 0.000200134 0.000223701 0.000511304 2.30028e-08 0.999065 2.0945e-07
2.77971e+12 0.000215994 0.000208234 0.00049717 1.82811e-08 0.999078 2.44708e-07
2.80543e+12 0.000218746 0.00021463 0.00044902 1.16512e-08 0.999117 2.66682e-07
2.83139e+12 0.000206165 0.000237188 0.000390257 6.15172e-09 0.999166 2.63704e-07
2.85759e+12 0.000182455 0.000263119 0.000347642 4.15879e-09 0.999207 2.37022e-07
2.88403e+12 0.000155995 0.000278852 0.000338238 6.44327e-09 0.999227 1.99045e-07
2.91072e+12 0.000135694 0.000276009 0.000362193 1.19955e-08 0.999226 1.66576e-07
2.93765e+12 0.000127577 0.000254498 0.000404108 1.85803e-08 0.999214 1.52823e-07
2.96483e+12 0.00013285 0.000221828 0.00044132 2.37015e-08 0.999204 1.6194e-07
2.99226e+12 0.00014794 0.000189437 0.00045452 2.55518e-08 0.999208 1.8812e-07
3.01995e+12 0.000166196 0.000167929 0.000435774 2.36009e-08 0.99923 2.18999e-07
3.04789e+12 0.000180456 0.000163177 0.000390841 1.86645e-08 0.999265 2.41287e-07
3.0761e+12 0.000185484 0.000174651 0.000335636 1.25014e-08 0.999304 2.46047e-07
3.10456e+12 0.000179518 0.000196221 0.000289065 7.1413e-09 0.999335 2.31608e-07
3.13329e+12 0.000164553 0.00021882 0.000265552 4.19971e-09 0.999351 2.03386e-07
3.16228e+12 0.000145417 0.000233795 0.000270147 4.39994e-09 0.99935 1.7117e-07
3.19154e+12 0.000128066 0.000235738 0.000297609 7.42652e-09 0.999338 1.45238e-07
3.22107e+12 0.000117685 0.000223972 0.000335249 1.21134e-08 0.999323 1.32822e-07
3.25087e+12 0.000117171 0.000202387 0.000367985 1.68704e-08 0.999312 1.3604e-07
3.28095e+12 0.000126408 0.000177868 0.000383632 2.01941e-08 0.999312 1.51742e-07
3.31131e+12 0.000142467 0.000157955 0.000376656 2.11026e-08 0.999323 1.73037e-07
3.34195e+12 0.000160595 0.000148501 0.000349405 1.9378e-08 0.999341 1.91799e-07
3.37287e+12 0.000175656 0.00015202 0.000310746 1.55656e-08 0.999361 2.01259e-07
3.40408e+12 0.000183559 0.000167135 0.000272817 1.07571e-08 0.999376 1.97923e-07
3.43558e+12 0.00018231 0.000189192 0.000247073 6.24128e-09 0.999381 1.8232e-07
3.46737e+12 0.000172403 0.000211758 0.000240863 3.13351e-09 0.999375 1.58522e-07
3.49945e+12 0.000156524 0.00022852 0.000255484 2.08935e-09 0.999359 1.32692e-07
3.53183e+12 0.000138695 0.000235003 0.000286138 3.17089e-09 0.99934 1.11183e-07
3.56451e+12 0.000123157 0.000229664 0.000323643 5.88508e-09 0.999323 9.87589e-08
3.59749e+12 0.000113288 0.000214107 0.000357262 9.36389e-09 0.999315 9.74301e-08
3.63078e+12 0.000110848 0.000192447 0.000377765 1.26221e-08 0.999319 1.06139e-07
3.66438e+12 0.000115686 0.000170068 0.000379843 1.48161e-08 0.999334 1.21306e-07
3.69828e+12 0.00012594 0.000152165 0.000363282 1.5438e-08 0.999358 1.3799e-07
3.7325e+12 0.00013862 0.000142471 0.000332678 1.44042e-08 0.999386 1.51279e-07
3.76704e+12 0.000150381 0.000142459 0.000295898 1.20309e-08 0.999411 1.5753e-07
3.80189e+12 0.000158293 0.000151187 0.000261836 8.91868e-09 0.999429 1.55147e-07
3.83707e+12 0.000160432 0.000165721 0.000238096 5.78546e-09 0.999436 1.44763e-07
3.87258e+12 0.000156189 0.000181986 0.000229222 3.29489e-09 0.999432 1.28861e-07
3.90841e+12 0.000146268 0.000195784 0.000235852 1.91894e-09 0.999422 1.10993e-07
3.94457e+12 0.00013243 0.000203719 0.000254898 1.86002e-09 0.999409 9.48553e-08
3.98107e+12 0.000117053 0.000203849 0.000280588 3.03974e-09 0.999398 8.3448e-08
4.01791e+12 0.000102643 0.000195949 0.000306018 5.14596e-09 0.999395 7.85011e-08
4.05509e+12 9.13689e-05 0.000181399 0.000324783 7.71912e-09 0.999402 8.02562e-08
4.09261e+12 8.47262e-05 0.000162763 0.000332314 1.02543e-08 0.99942 8.75902e-08
4.13048e+12 8.33475e-05 0.000143199 0.00032667 1.22975e-08 0.999447 9.84015e-08
4.16869e+12 8.69812e-05 0.000125823 0.000308692 1.35185e-08 0.999478 1.10132e-07
4.20727e+12 9.46126e-05 0.000113168 0.000281569 1.3753e-08 0.999511 1.20303e-07
4.2462e+12 0.000104689 0.000106805 0.000250014 1.30105e-08 0.999538 1.26952e-07
4.28549e+12 0.000115402 0.000107175 0.000219243 1.14529e-08 0.999558 1.28914e-07
4.32514e+12 0.000124974 0.000113621 0.000193993 9.35311e-09 0.999567 1.25924e-07
4.36516e+12 0.000131917 0.000124594 0.000177743 7.0408e-09 0.999566 1.18549e-07
4.40555e+12 0.00013522 0.000137966 0.000172249 4.84798e-09 0.999554 1.07999e-07
4.44631e+12 0.000134455 0.000151405 0.000177416 3.06038e-09 0.999537 9.58638e-08
4.48745e+12 0.000129796 0.000162729 0.000191488 1.88157e-09 0.999516 8.38242e-08
4.52898e+12 0.000121948 0.000170211 0.000211467 1.41264e-09 0.999496 7.33965e-08
4.57088e+12 0.000112021 0.00017279 0.00023368 1.64829e-09 0.999481 6.57289e-08
4.61318e+12 0.000101346 0.000170168 0.00025438 2.48775e-09 0.999474 6.14774e-08
4.65586e+12 9.12935e-05 0.000162797 0.000270299 3.7574e-09 0.999476 6.07643e-08
4.69894e+12 8.30814e-05 0.000151764 0.00027908 5.24067e-09 0.999486 6.3215e-08
4.74242e+12 7.76332e-05 0.000138599 0.000279536 6.71057e-09 0.999504 6.80566e-08
4.7863e+12 7.54756e-05 0.000125046 0.000271733 7.96034e-09 0.999528 7.42595e-08
4.83059e+12 7.66983e-05 0.000112814 0.000256887 8.82832e-09 0.999554 8.06978e-08
4.87528e+12 8.09704e-05 0.000103355 0.000237124 9.21454e-09 0.999578 8.63061e-08
4.9204e+12 8.76089e-05 9.76963e-05 0.000215129 9.08768e-09 0.999599 9.02133e-08
4.96592e+12 9.56838e-05 9.63345e-05 0.000193753 8.48258e-09 0.999614 9.18366e-08
5.01187e+12 0.000104145 9.92067e-05 0.000175627 7.48973e-09 0.999621 9.09304e-08
5.05825e+12 0.000111951 0.000105735 0.000162833 6.23889e-09 0.999619 8.75866e-08
5.10505e+12 0.000118188 0.000114931 0.000156673 4.87971e-09 0.99961 8.21921e-08
5.15229e+12 0.000122158 0.000125541 0.00015755 3.56207e-09 0.999595 7.53542e-08
5.19996e+12 0.000123441 0.000136211 0.000164982 2.41869e-09 0.999575 6.78056e-08
5.24807e+12 0.000121914 0.000145648 0.000177711 1.55178e-09 0.999555 6.03055e-08
5.29663e+12 0.000117739 0.000152764 0.000193911 1.02485e-09 0.999536 5.35478e-08
5.34564e+12 0.000111325 0.000156776 0.000211442 8.60052e-10 0.99952 4.80878e-08
5.39511e+12 0.000103261 0.000157267 0.000228121 1.04034e-09 0.999511 4.4294e-08
5.44503e+12 9.42487e-05 0.0001542 0.00024197 1.5158e-09 0.99951 4.23272e-08
5.49541e+12 8.5024e-05 0.000147891 0.000251424 2.21252e-09 0.999516 4.21462e-08
5.54626e+12 7.62881e-05 0.000138943 0.000255467 3.04291e-09 0.999529 4.35345e-08
5.59758e+12 6.86494e-05 0.000128166 0.000253696 3.91582e-09 0.999549 4.61436e-08
5.64937e+12 6.25811e-05 0.000116478 0.00024631 4.74565e-09 0.999575 4.95434e-08
5.70164e+12 5.83959e-05 0.000104814 0.000234043 5.45953e-09 0.999603 5.32748e-08
5.7544e+12 5.62363e-05 9.40374e-05 0.00021804 6.00222e-09 0.999632 5.68972e-08
5.80764e+12 5.60819e-05 8.48747e-05 0.000199713 6.33866e-09 0.999659 6.00277e-08
5.86138e+12 5.77667e-05 7.78666e-05 0.00018058 6.45425e-09 0.999684 6.2368e-08
5.91562e+12 6.10064e-05 7.33428e-05 0.000162125 6.35336e-09 0.999703 6.37201e-08
5.97035e+12 6.54305e-05 7.14172e-05 0.000145661 6.05649e-09 0.999717 6.39899e-08
6.0256e+12 7.06167e-05 7.20012e-05 0.000132244 5.59652e-09 0.999725 6.31809e-08
6.08135e+12 7.61241e-05 7.48305e-05 0.000122601 5.01462e-09 0.999726 6.13808e-08
6.13762e+12 8.15239e-05 7.95027e-05 0.000117114 4.35621e-09 0.999722 5.87435e-08
6.19441e+12 8.6426e-05 8.5519e-05 0.000115818 3.66717e-09 0.999712 5.54678e-08
6.25173e+12 9.04991e-05 9.23285e-05 0.000118438 2.99074e-09 0.999699 5.17774e-08
6.30957e+12 9.34861e-05 9.93695e-05 0.000124437 2.36496e-09 0.999683 4.79013e-08
6.36796e+12 9.52129e-05 0.000106108 0.000133085 1.8209e-09 0.999666 4.40574e-08
6.42688e+12 9.55913e-05 0.000112066 0.000143527 1.3816e-09 0.999649 4.04392e-08
6.48634e+12 9.46176e-05 0.000116852 0.000154853 1.06161e-09 0.999634 3.72068e-08
6.54636e+12 9.2366e-05 0.000120168 0.000166165 8.67133e-10 0.999621 3.44806e-08
6.60693e+12 8.89784e-05 0.000121829 0.00017663 7.96588e-10 0.999613 3.23391e-08
6.66807e+12 8.46521e-05 0.000121756 0.000185531 8.41541e-10 0.999608 3.08191e-08
6.72977e+12 7.9625e-05 0.000119978 0.000192296 9.87939e-10 0.999608 2.99182e-08
6.79204e+12 7.41601e-05 0.000116619 0.000196522 1.21742e-09 0.999613 2.95995e-08
6.85488e+12 6.85302e-05 0.000111884 0.000197984 1.50874e-09 0.999622 2.97976e-08
6.91831e+12 6.30024e-05 0.000106043 0.000196634 1.83923e-09 0.999634 3.04246e-08
6.98232e+12 5.78256e-05 9.94131e-05 0.000192586 2.18606e-09 0.99965 3.13776e-08
7.04693e+12 5.32183e-05 9.23349e-05 0.000186105 2.52755e-09 0.999668 3.25458e-08
7.11214e+12 4.93598e-05 8.51566e-05 0.000177572 2.84409e-09 0.999688 3.38165e-08
7.17794e+12 4.63842e-05 7.82133e-05 0.000167464 3.11903e-09 0.999708 3.50819e-08
7.24436e+12 4.43762e-05 7.18116e-05 0.000156316 3.33922e-09 0.999727 3.62441e-08
7.31139e+12 4.33707e-05 6.62155e-05 0.000144689 3.49538e-09 0.999746 3.72188e-08
7.37904e+12 4.33544e-05 6.16362e-05 0.000133144 3.5822e-09 0.999762 3.79388e-08
7.44732e+12 4.42694e-05 5.82248e-05 0.000122206 3.59822e-09 0.999775 3.83557e-08
7.51623e+12 4.60196e-05 5.60693e-05 0.000112345 3.54555e-09 0.999786 3.84407e-08
7.58578e+12 4.84772e-05 5.51939e-05 0.000103953 3.42944e-09 0.999792 3.8184e-08
7.65597e+12 5.14912e-05 5.55631e-05 9.73313e-05 3.25769e-09 0.999796 3.75939e-08
7.72681e+12 5.48955e-05 5.70864e-05 9.26807e-05 3.04003e-09 0.999795 3.6694e-08
7.7983e+12 5.85173e-05 5.96273e-05 9.00979e-05 2.78748e-09 0.999792 3.55213e-08
7.87046e+12 6.21853e-05 6.3012e-05 8.95787e-05 2.51166e-09 0.999785 3.41227e-08
7.94328e+12 6.57366e-05 6.70406e-05 9.10247e-05 2.22423e-09 0.999776 3.25517e-08
8.01678e+12 6.90225e-05 7.14972e-05 9.42545e-05 1.9363e-09 0.999765 3.08653e-08
8.09096e+12 7.19139e-05 7.61609e-05 9.9018e-05 1.65804e-09 0.999753 2.91212e-08
8.16582e+12 7.43043e-05 8.08156e-05 0.000105012 1.39827e-09 0.99974 2.73746e-08
8.24138e+12 7.61124e-05 8.52585e-05 0.000111899 1.16425e-09 0.999727 2.56761e-08
8.31764e+12 7.72825e-05 8.93072e-05 0.000119323 9.61543e-10 0.999714 2.40703e-08
8.3946e+12 7.77852e-05 9.28057e-05 0.000126927 7.93961e-10 0.999702 2.25937e-08
8.47227e+12 7.76151e-05 9.56282e-05 0.000134368 6.63612e-10 0.999692 2.12749e-08
8.55067e+12 7.67897e-05 9.76814e-05 0.000141331 5.71019e-10 0.999684 2.01335e-08
8.62979e+12 7.53462e-05 9.8905e-05 0.000147536 5.15273e-10 0.999678 1.91807e-08
8.70964e+12 7.33388e-05 9.92714e-05 0.000152753 4.94269e-10 0.999675 1.842e-08
8.79023e+12 7.08349e-05 9.87836e-05 0.000156799 5.04914e-10 0.999674 1.78474e-08
8.87156e+12 6.79122e-05 9.74723e-05 0.000159547 5.4337e-10 0.999675 1.74529e-08
8.95365e+12 6.46549e-05 9.53922e-05 0.000160923 6.05306e-10 0.999679 1.72218e-08
9.03649e+12 6.1151e-05 9.26183e-05 0.000160904 6.86084e-10 0.999685 1.71351e-08
9.12011e+12 5.74888e-05 8.92415e-05 0.000159516 7.80993e-10 0.999694 1.71715e-08
9.2045e+12 5.37549e-05 8.53639e-05 0.000156826 8.85419e-10 0.999704 1.73082e-08
9.28966e+12 5.00317e-05 8.10949e-05 0.000152938 9.94964e-10 0.999716 1.75216e-08
9.37562e+12 4.63956e-05 7.65474e-05 0.000147987 1.10557e-09 0.999729 1.77888e-08
9.46237e+12 4.29156e-05 7.18337e-05 0.000142129 1.21362e-09 0.999743 1.80878e-08
9.54993e+12 3.96525e-05 6.70628e-05 0.000135535 1.31595e-09 0.999758 1.83982e-08
9.63829e+12 3.66578e-05 6.23375e-05 0.000128386 1.40993e-09 0.999773 1.87019e-08
9.72747e+12 3.39737e-05 5.77527e-05 0.000120866 1.49346e-09 0.999787 1.89828e-08
9.81748e+12 3.1633e-05 5.3393e-05 0.000113155 1.56489e-09 0.999802 1.92277e-08
9.90832e+12 2.96589e-05 4.93324e-05 0.000105426 1.62312e-09 0.999816 1.94258e-08
1e+13 2.80657e-05 4.56328e-05 9.78407e-05 1.66745e-09 0.999828 1.95688e-08
1.00925e+13 2.68594e-05 4.23441e-05 9.05459e-05 1.6976e-09 0.99984 1.96508e-08
1.01859e+13 2.60378e-05 3.95043e-05 8.36716e-05 1.71366e-09 0.999851 1.96682e-08
1.02802e+13 2.55919e-05 3.71393e-05 7.73293e-05 1.71601e-09 0.99986 1.96194e-08
1.03753e+13 2.55063e-05 3.5264e-05 7.16108e-05 1.70532e-09 0.999868 1.95046e-08
1.04713e+13 2.57599e-05 3.38823e-05 6.65887e-05 1.68244e-09 0.999874 1.93256e-08
1.05682e+13 2.63272e-05 3.29888e-05 6.23157e-05 1.64839e-09 0.999878 1.90853e-08
1.0666e+13 2.71787e-05 3.25692e-05 5.88259e-05 1.60435e-09 0.999881 1.87879e-08
1.07647e+13 2.82819e-05 3.26014e-05 5.61356e-05 1.55155e-09 0.999883 1.84385e-08
1.08643e+13 2.96022e-05 3.30567e-05 5.42443e-05 1.49128e-09 0.999883 1.80425e-08
1.09648e+13 3.11035e-05 3.39006e-05 5.31366e-05 1.42487e-09 0.999882 1.76061e-08
1.10662e+13 3.27488e-05 3.50943e-05 5.27834e-05 1.35361e-09 0.999879 1.71355e-08
1.11686e+13 3.4501e-05 3.65953e-05 5.31441e-05 1.27879e-09 0.999876 1.66372e-08
1.1272e+13 3.63237e-05 3.83587e-05 5.41677e-05 1.20164e-09 0.999871 1.61175e-08
1.13763e+13 3.81814e-05 4.0338e-05 5.5795e-05 1.12332e-09 0.999866 1.55828e-08
1.14815e+13 4.00401e-05 4.24859e-05 5.79601e-05 1.04491e-09 0.999859 1.50391e-08
1.15878e+13 4.18677e-05 4.47554e-05 6.05922e-05 9.67428e-10 0.999853 1.4492e-08
1.1695e+13 4.36345e-05 4.71001e-05 6.36172e-05 8.91759e-10 0.999846 1.3947e-08
1.18032e+13 4.53132e-05 4.94754e-05 6.69588e-05 8.18702e-10 0.999838 1.34088e-08
1.19124e+13 4.68795e-05 5.18386e-05 7.05403e-05 7.48951e-10 0.999831 1.2882e-08
1.20226e+13 4.83119e-05 5.41497e-05 7.42857e-05 6.83099e-10 0.999823 1.23705e-08
1.21339e+13 4.95921e-05 5.63718e-05 7.8121e-05 6.21625e-10 0.999816 1.18776e-08
1.22462e+13 5.07048e-05 5.84711e-05 8.1975e-05 5.64901e-10 0.999809 1.14062e-08
1.23595e+13 5.16379e-05 6.04178e-05 8.57802e-05 5.13218e-10 0.999802 1.09588e-08
1.24738e+13 5.23826e-05 6.21858e-05 8.94738e-05 4.66731e-10 0.999796 1.05371e-08
1.25893e+13 5.29328e-05 6.37529e-05 9.29982e-05 4.25548e-10 0.99979 1.01426e-08
1.27057e+13 5.32855e-05 6.5101e-05 9.63014e-05 3.89687e-10 0.999785 9.77609e-09
1.28233e+13 5.34403e-05 6.62159e-05 9.93375e-05 3.59073e-10 0.999781 9.43803e-09
1.2942e+13 5.33995e-05 6.70875e-05 0.000102067 3.33567e-10 0.999777 9.12847e-09
1.30617e+13 5.31675e-05 6.77093e-05 0.000104457 3.12985e-10 0.999775 8.84707e-09
1.31826e+13 5.27511e-05 6.80786e-05 0.00010648 2.97079e-10 0.999773 8.59315e-09
1.33045e+13 5.21587e-05 6.8196e-05 0.000108117 2.85562e-10 0.999772 8.36576e-09
1.34276e+13 5.14005e-05 6.80652e-05 0.000109354 2.78116e-10 0.999771 8.16368e-09
1.35519e+13 5.0488e-05 6.7693e-05 0.000110183 2.74401e-10 0.999772 7.98547e-09
1.36773e+13 4.94339e-05 6.70887e-05 0.000110602 2.74045e-10 0.999773 7.82954e-09
1.38038e+13 4.82517e-05 6.62638e-05 0.000110614 2.76682e-10 0.999775 7.69415e-09
1.39316e+13 4.69556e-05 6.52318e-05 0.000110228 2.81917e-10 0.999778 7.5775e-09
1.40605e+13 4.55602e-05 6.4008e-05 0.000109456 2.89384e-10 0.999781 7.4777e-09
1.41906e+13 4.40803e-05 6.2609e-05 0.000108316 2.98699e-10 0.999785 7.39285e-09
1.43219e+13 4.25306e-05 6.10521e-05 0.000106827 3.09523e-10 0.99979 7.32106e-09
1.44544e+13 4.09258e-05 5.93559e-05 0.000105012 3.21496e-10 0.999795 7.26045e-09
1.45881e+13 3.92803e-05 5.75389e-05 0.000102897 3.34304e-10 0.9998 7.20922e-09
1.47231e+13 3.7608e-05 5.562e-05 0.000100511 3.47639e-10 0.999806 7.16564e-09
1.48594e+13 3.5922e-05 5.36183e-05 9.78814e-05 3.61218e-10 0.999813 7.12809e-09
1.49968e+13 3.42349e-05 5.15521e-05 9.50389e-05 3.74791e-10 0.999819 7.09502e-09
1.51356e+13 3.25586e-05 4.94397e-05 9.20139e-05 3.88131e-10 0.999826 7.06503e-09
1.52757e+13 3.0904e-05 4.72985e-05 8.88373e-05 4.01037e-10 0.999833 7.03681e-09
1.5417e+13 2.92813e-05 4.51451e-05 8.55394e-05 4.13336e-10 0.99984 7.00922e-09
1.55597e+13 2.76994e-05 4.29953e-05 8.21501e-05 4.24874e-10 0.999847 6.98122e-09
1.57036e+13 2.61668e-05 4.08639e-05 7.86983e-05 4.35523e-10 0.999854 6.9519e-09
1.58489e+13 2.46905e-05 3.87644e-05 7.52119e-05 4.45181e-10 0.999861 6.9205e-09
1.59956e+13 2.32769e-05 3.67093e-05 7.17171e-05 4.53785e-10 0.999868 6.88637e-09
1.61436e+13 2.19315e-05 3.47099e-05 6.8239e-05 4.61263e-10 0.999875 6.84896e-09
1.6293e+13 2.06587e-05 3.27764e-05 6.48005e-05 4.6758e-10 0.999882 6.80787e-09
1.64437e+13 1.94622e-05 3.09175e-05 6.1423e-05 4.72723e-10 0.999888 6.76277e-09
1.65959e+13 1.83447e-05 2.9141e-05 5.81259e-05 4.76675e-10 0.999894 6.71344e-09
1.67494e+13 1.73083e-05 2.74533e-05 5.49267e-05 4.79458e-10 0.9999 6.65976e-09
1.69044e+13 1.63543e-05 2.586e-05 5.18408e-05 4.81087e-10 0.999906 6.60166e-09
1.70608e+13 1.54834e-05 2.43652e-05 4.88819e-05 4.81591e-10 0.999911 6.53916e-09
1.72187e+13 1.46956e-05 2.29722e-05 4.60615e-05 4.81013e-10 0.999916 6.47235e-09
1.7378e+13 1.39902e-05 2.16833e-05 4.33894e-05 4.79405e-10 0.999921 6.40134e-09
1.75388e+13 1.33662e-05 2.04999e-05 4.08735e-05 4.76823e-10 0.999925 6.32633e-09
1.77011e+13 1.28222e-05 1.94226e-05 3.85202e-05 4.73319e-10 0.999929 6.24751e-09
1.78649e+13 1.2356e-05 1.84511e-05 3.63338e-05 4.68964e-10 0.999933 6.16514e-09
1.80302e+13 1.19656e-05 1.75845e-05 3.43176e-05 4.63813e-10 0.999936 6.07949e-09
1.8197e+13 1.16482e-05 1.68212e-05 3.24731e-05 4.57945e-10 0.999939 5.99082e-09
1.83654e+13 1.1401e-05 1.61591e-05 3.08007e-05 4.51409e-10 0.999942 5.89945e-09
1.85353e+13 1.12209e-05 1.55955e-05 2.92995e-05 4.44284e-10 0.999944 5.80567e-09
1.87068e+13 1.11047e-05 1.51275e-05 2.79674e-05 4.36631e-10 0.999946 5.70979e-09
1.88799e+13 1.1049e-05 1.47516e-05 2.68016e-05 4.28517e-10 0.999947 5.61212e-09
1.90546e+13 1.10503e-05 1.4464e-05 2.57982e-05 4.19998e-10 0.999949 5.51295e-09
1.92309e+13 1.11051e-05 1.42607e-05 2.49527e-05 4.11133e-10 0.99995 5.41258e-09
1.94089e+13 1.12098e-05 1.41376e-05 2.42597e-05 4.01981e-10 0.99995 5.31129e-09
1.95884e+13 1.13608e-05 1.40903e-05 2.37136e-05 3.92599e-10 0.999951 5.20935e-09
1.97697e+13 1.15544e-05 1.41143e-05 2.3308e-05 3.8303e-10 0.999951 5.10703e-09
1.99526e+13 1.17872e-05 1.4205e-05 2.30363e-05 3.73323e-10 0.999951 5.00456e-09
2.01372e+13 1.20556e-05 1.4358e-05 2.28916e-05 3.6352e-10 0.999951 4.90217e-09
2.03236e+13 1.23562e-05 1.45685e-05 2.28667e-05 3.5367e-10 0.99995 4.80009e-09
2.05116e+13 1.26857e-05 1.4832e-05 2.29542e-05 3.43805e-10 0.99995 4.69851e-09
2.07014e+13 1.30407e-05 1.5144e-05 2.31468e-05 3.33955e-10 0.999949 4.59761e-09
2.0893e+13 1.34182e-05 1.55001e-05 2.3437e-05 3.24157e-10 0.999948 4.49756e-09
2.10863e+13 1.3815e-05 1.58959e-05 2.38174e-05 3.1444e-10 0.999946 4.39852e-09
2.12814e+13 1.42283e-05 1.63271e-05 2.42805e-05 3.04822e-10 0.999945 4.30061e-09
2.14783e+13 1.46553e-05 1.67897e-05 2.48192e-05 2.95327e-10 0.999944 4.20397e-09
2.1677e+13 1.50932e-05 1.72796e-05 2.54262e-05 2.85985e-10 0.999942 4.10871e-09
2.18776e+13 1.55396e-05 1.77931e-05 2.60946e-05 2.76802e-10 0.999941 4.01491e-09
2.208e+13 1.59919e-05 1.83264e-05 2.68175e-05 2.678e-10 0.999939 3.92267e-09
2.22844e+13 1.6448e-05 1.8876e-05 2.75885e-05 2.58992e-10 0.999937 3.83206e-09
2.24905e+13 1.69056e-05 1.94385e-05 2.8401e-05 2.50381e-10 0.999935 3.74313e-09
2.26986e+13 1.73628e-05 2.00108e-05 2.92491e-05 2.41983e-10 0.999933 3.65594e-09
2.29087e+13 1.78177e-05 2.05897e-05 3.01267e-05 2.3381e-10 0.999931 3.57053e-09
2.31206e+13 1.82685e-05 2.11726e-05 3.10284e-05 2.25855e-10 0.99993 3.48693e-09
2.33346e+13 1.87135e-05 2.17566e-05 3.19488e-05 2.18135e-10 0.999928 3.40517e-09
2.35505e+13 1.91513e-05 2.23393e-05 3.28828e-05 2.10648e-10 0.999926 3.32527e-09
2.37684e+13 1.95804e-05 2.29182e-05 3.38256e-05 2.03395e-10 0.999924 3.24722e-09
2.39883e+13 1.99996e-05 2.34912e-05 3.47727e-05 1.96382e-10 0.999922 3.17104e-09
2.42103e+13 2.04077e-05 2.40563e-05 3.57198e-05 1.896e-10 0.99992 3.09671e-09
2.44343e+13 2.08037e-05 2.46115e-05 3.66631e-05 1.83056e-10 0.999918 3.02425e-09
2.46604e+13 2.11866e-05 2.51552e-05 3.75987e-05 1.7674e-10 0.999916 2.95362e-09
2.48886e+13 2.15555e-05 2.56857e-05 3.85232e-05 1.7066e-10 0.999914 2.88483e-09
2.51189e+13 2.19097e-05 2.62016e-05 3.94334e-05 1.64806e-10 0.999912 2.81784e-09
2.53513e+13 2.22485e-05 2.67016e-05 4.03265e-05 1.59177e-10 0.999911 2.75263e-09
2.55859e+13 2.25714e-05 2.71845e-05 4.11995e-05 1.53773e-10 0.999909 2.68918e-09
2.58226e+13 2.28778e-05 2.76493e-05 4.20502e-05 1.48581e-10 0.999907 2.62745e-09
2.60615e+13 2.31674e-05 2.80951e-05 4.28762e-05 1.43604e-10 0.999906 2.56742e-09
2.63027e+13 2.34398e-05 2.8521e-05 4.36756e-05 1.38828e-10 0.999904 2.50906e-09
2.65461e+13 2.36947e-05 2.89263e-05 4.44465e-05 1.3425e-10 0.999903 2.45232e-09
2.67917e+13 2.3932e-05 2.93105e-05 4.51873e-05 1.29872e-10 0.999902 2.39718e-09
2.70396e+13 2.41515e-05 2.9673e-05 4.58965e-05 1.25677e-10 0.9999 2.34359e-09
2.72898e+13 2.43532e-05 3.00135e-05 4.65731e-05 1.21668e-10 0.999899 2.29152e-09
2.75423e+13 2.4537e-05 3.03316e-05 4.72158e-05 1.17837e-10 0.999898 2.24093e-09
2.77971e+13 2.4703e-05 3.06271e-05 4.78238e-05 1.14174e-10 0.999897 2.1918e-09
2.80543e+13 2.48512e-05 3.09e-05 4.83964e-05 1.10683e-10 0.999896 2.14405e-09
2.83139e+13 2.49818e-05 3.115e-05 4.8933e-05 1.07349e-10 0.999895 2.09767e-09
2.85759e+13 2.5095e-05 3.13772e-05 4.94331e-05 1.04165e-10 0.999894 2.05261e-09
2.88403e+13 2.51909e-05 3.15818e-05 4.98965e-05 1.01124e-10 0.999893 2.00884e-09
2.91072e+13 2.52699e-05 3.17637e-05 5.03229e-05 9.82386e-11 0.999893 1.96631e-09
2.93765e+13 2.53322e-05 3.19232e-05 5.07124e-05 9.54698e-11 0.999892 1.925e-09
2.96483e+13 2.5378e-05 3.20606e-05 5.10649e-05 9.28367e-11 0.999891 1.88485e-09
2.99226e+13 2.54078e-05 3.21761e-05 5.13806e-05 9.03352e-11 0.999891 1.84584e-09
3.01995e+13 2.54219e-05 3.227e-05 5.16598e-05 8.79491e-11 0.999891 1.80791e-09
3.04789e+13 2.54207e-05 3.23427e-05 5.19027e-05 8.56569e-11 0.99989 1.77106e-09
3.0761e+13 2.54045e-05 3.23946e-05 5.21099e-05 8.34936e-11 0.99989 1.73522e-09
3.10456e+13 2.53739e-05 3.24262e-05 5.22818e-05 8.14248e-11 0.99989 1.70036e-09
3.13329e+13 2.53292e-05 3.24379e-05 5.2419e-05 7.94549e-11 0.99989 1.66647e-09
3.16228e+13 2.52708e-05 3.24302e-05 5.25221e-05 7.75684e-11 0.99989 1.6335e-09
3.19154e+13 2.51993e-05 3.24036e-05 5.25917e-05 7.57716e-11 0.99989 1.60141e-09
3.22107e+13 2.51151e-05 3.23587e-05 5.26286e-05 7.40672e-11 0.99989 1.57018e-09
3.25087e+13 2.50186e-05 3.2296e-05 5.26337e-05 7.24299e-11 0.99989 1.53978e-09
3.28095e+13 2.49103e-05 3.22161e-05 5.26076e-05 7.08743e-11 0.99989 1.51017e-09
3.31131e+13 2.47907e-05 3.21196e-05 5.25513e-05 6.9384e-11 0.999891 1.48134e-09
3.34195e+13 2.46603e-05 3.20071e-05 5.24657e-05 6.79604e-11 0.999891 1.45324e-09
3.37287e+13 2.45196e-05 3.18791e-05 5.23516e-05 6.66006e-11 0.999891 1.42586e-09
3.40408e+13 2.43689e-05 3.17363e-05 5.221e-05 6.52974e-11 0.999892 1.39917e-09
3.43558e+13 2.42089e-05 3.15792e-05 5.20418e-05 6.40498e-11 0.999892 1.37313e-09
3.46737e+13 2.404e-05 3.14086e-05 5.1848e-05 6.28537e-11 0.999893 1.34774e-09
3.49945e+13 2.38626e-05 3.12249e-05 5.16297e-05 6.17054e-11 0.999893 1.32296e-09
3.53183e+13 2.36772e-05 3.10288e-05 5.13876e-05 6.06062e-11 0.999894 1.29878e-09
3.56451e+13 2.34842e-05 3.0821e-05 5.1123e-05 5.95544e-11 0.999895 1.27516e-09
3.59749e+13 2.32841e-05 3.06019e-05 5.08366e-05 5.85355e-11 0.999895 1.2521e-09
3.63078e+13 2.30774e-05 3.03722e-05 5.05296e-05 5.75546e-11 0.999896 1.22956e-09
3.66438e+13 2.28645e-05 3.01325e-05 5.02029e-05 5.66125e-11 0.999897 1.20755e-09
3.69828e+13 2.26457e-05 2.98833e-05 4.98575e-05 5.56984e-11 0.999898 1.18602e-09
3.7325e+13 2.24215e-05 2.96253e-05 4.94943e-05 5.48175e-11 0.999898 1.16497e-09
3.76704e+13 2.21924e-05 2.93589e-05 4.91143e-05 5.39623e-11 0.999899 1.14438e-09
3.80189e+13 2.19586e-05 2.90848e-05 4.87185e-05 5.31415e-11 0.9999 1.12423e-09
3.83707e+13 2.17206e-05 2.88034e-05 4.83077e-05 5.23435e-11 0.999901 1.10451e-09
3.87258e+13 2.14788e-05 2.85153e-05 4.7883e-05 5.15666e-11 0.999902 1.08519e-09
3.90841e+13 2.12335e-05 2.8221e-05 4.74451e-05 5.08081e-11 0.999903 1.0663e-09
3.94457e+13 2.09851e-05 2.7921e-05 4.6995e-05 5.00762e-11 0.999904 1.04778e-09
3.98107e+13 2.07338e-05 2.76157e-05 4.65335e-05 4.93555e-11 0.999905 1.02962e-09
4.01791e+13 2.04801e-05 2.73057e-05 4.60615e-05 4.86582e-11 0.999906 1.01185e-09
4.05509e+13 2.02242e-05 2.69914e-05 4.55797e-05 4.79831e-11 0.999907 9.94406e-10
4.09261e+13 1.99665e-05 2.66732e-05 4.50891e-05 4.73162e-11 0.999908 9.77317e-10
4.13048e+13 1.97072e-05 2.63516e-05 4.45902e-05 4.66606e-11 0.999909 9.60548e-10
4.16869e+13 1.94466e-05 2.60269e-05 4.4084e-05 4.60248e-11 0.99991 9.44097e-10
4.20727e+13 1.9185e-05 2.56996e-05 4.35711e-05 4.54002e-11 0.999912 9.27957e-10
4.2462e+13 1.89226e-05 2.53701e-05 4.30523e-05 4.4785e-11 0.999913 9.12128e-10
4.28549e+13 1.86598e-05 2.50387e-05 4.25282e-05 4.41823e-11 0.999914 8.96581e-10
4.32514e+13 1.83966e-05 2.47057e-05 4.19994e-05 4.35891e-11 0.999915 8.81321e-10
4.36516e+13 1.81334e-05 2.43716e-05 4.14666e-05 4.30088e-11 0.999916 8.66329e-10
4.40555e+13 1.78704e-05 2.40366e-05 4.09305e-05 4.24287e-11 0.999917 8.51613e-10
4.44631e+13 1.76078e-05 2.37011e-05 4.03916e-05 4.18645e-11 0.999918 8.3716e-10
4.48745e+13 1.73457e-05 2.33653e-05 3.98504e-05 4.13103e-11 0.999919 8.22952e-10
4.52898e+13 1.70843e-05 2.30295e-05 3.93076e-05 4.07633e-11 0.999921 8.09e-10
4.57088e+13 1.68239e-05 2.2694e-05 3.87635e-05 4.02132e-11 0.999922 7.95293e-10
4.61318e+13 1.65646e-05 2.23591e-05 3.82188e-05 3.96791e-11 0.999923 7.81821e-10
4.65586e+13 1.63065e-05 2.2025e-05 3.76739e-05 3.91525e-11 0.999924 7.68568e-10
4.69894e+13 1.60498e-05 2.16919e-05 3.71292e-05 3.86312e-11 0.999925 7.55549e-10
4.74242e+13 1.57946e-05 2.136e-05 3.65852e-05 3.8111e-11 0.999926 7.42755e-10
4.7863e+13 1.55411e-05 2.10296e-05 3.60422e-05 3.75915e-11 0.999927 7.30169e-10
4.83059e+13 1.52894e-05 2.07009e-05 3.55008e-05 3.70878e-11 0.999929 7.17789e-10
4.87528e+13 1.50395e-05 2.0374e-05 3.49611e-05 3.65891e-11 0.99993 7.0562e-10
4.9204e+13 1.47917e-05 2.0049e-05 3.44236e-05 3.60895e-11 0.999931 6.93661e-10
4.96592e+13 1.45459e-05 1.97263e-05 3.38886e-05 3.56009e-11 0.999932 6.81885e-10
5.01187e+13 1.43023e-05 1.94058e-05 3.33564e-05 3.51137e-11 0.999933 6.70311e-10
5.05825e+13 1.4061e-05 1.90878e-05 3.28273e-05 3.4633e-11 0.999934 6.58924e-10
5.10505e+13 1.38221e-05 1.87724e-05 3.23016e-05 3.41548e-11 0.999935 6.47721e-10
5.15229e+13 1.35856e-05 1.84598e-05 3.17795e-05 3.36808e-11 0.999936 6.36711e-10
5.19996e+13 1.33515e-05 1.81499e-05 3.12613e-05 3.32108e-11 0.999937 6.25876e-10
5.24807e+13 1.312e-05 1.7843e-05 3.07471e-05 3.27462e-11 0.999938 6.1521e-10
5.29663e+13 1.28911e-05 1.75391e-05 3.02372e-05 3.22899e-11 0.999939 6.04725e-10
5.34564e+13 1.26648e-05 1.72383e-05 2.97318e-05 3.18341e-11 0.99994 5.94405e-10
5.39511e+13 1.24413e-05 1.69407e-05 2.92311e-05 3.13805e-11 0.999941 5.84258e-10
5.44503e+13 1.22204e-05 1.66463e-05 2.87352e-05 3.09333e-11 0.999942 5.74277e-10
5.49541e+13 1.20023e-05 1.63553e-05 2.82443e-05 3.04882e-11 0.999943 5.64446e-10
5.54626e+13 1.1787e-05 1.60677e-05 2.77585e-05 3.00567e-11 0.999944 5.54775e-10
5.59758e+13 1.15745e-05 1.57836e-05 2.72779e-05 2.96189e-11 0.999945 5.45268e-10
5.64937e+13 1.13649e-05 1.55029e-05 2.68026e-05 2.91896e-11 0.999946 5.35911e-10
5.70164e+13 1.11581e-05 1.52258e-05 2.63329e-05 2.87612e-11 0.999947 5.26706e-10
5.7544e+13 1.09542e-05 1.49522e-05 2.58686e-05 2.83425e-11 0.999948 5.17649e-10
5.80764e+13 1.07531e-05 1.46823e-05 2.541e-05 2.79197e-11 0.999949 5.0874e-10
5.86138e+13 1.05549e-05 1.44159e-05 2.49571e-05 2.75055e-11 0.99995 4.99976e-10
5.91562e+13 1.03596e-05 1.41532e-05 2.451e-05 2.70964e-11 0.999951 4.91349e-10
5.97035e+13 1.01672e-05 1.38942e-05 2.40687e-05 2.66934e-11 0.999952 4.82869e-10
6.0256e+13 9.97771e-06 1.36388e-05 2.36332e-05 2.62902e-11 0.999953 4.74523e-10
6.08135e+13 9.79107e-06 1.33872e-05 2.32036e-05 2.5891e-11 0.999954 4.6632e-10
6.13762e+13 9.6073e-06 1.31392e-05 2.278e-05 2.54997e-11 0.999954 4.58229e-10
6.19441e+13 9.42639e-06 1.28949e-05 2.23623e-05 2.511e-11 0.999955 4.50296e-10
6.25173e+13 9.24834e-06 1.26542e-05 2.19505e-05 2.4726e-11 0.999956 4.42474e-10
6.30957e+13 9.07312e-06 1.24172e-05 2.15448e-05 2.4349e-11 0.999957 4.34784e-10
6.36796e+13 8.90073e-06 1.21839e-05 2.1145e-05 2.39676e-11 0.999958 4.27219e-10
6.42688e+13 8.73114e-06 1.19543e-05 2.07512e-05 2.35947e-11 0.999959 4.19782e-10
6.48634e+13 8.56434e-06 1.17283e-05 2.03633e-05 2.32267e-11 0.999959 4.12468e-10
6.54636e+13 8.40031e-06 1.15059e-05 1.99814e-05 2.28619e-11 0.99996 4.05272e-10
6.60693e+13 8.23902e-06 1.1287e-05 1.96055e-05 2.25086e-11 0.999961 3.98196e-10
6.66807e+13 8.08046e-06 1.10718e-05 1.92354e-05 2.21518e-11 0.999962 3.91231e-10
6.72977e+13 7.92459e-06 1.08601e-05 1.88713e-05 2.18045e-11 0.999962 3.84382e-10
6.79204e+13 7.77139e-06 1.06519e-05 1.85129e-05 2.14529e-11 0.999963 3.77655e-10
6.85488e+13 7.62085e-06 1.04473e-05 1.81604e-05 2.11158e-11 0.999964 3.71032e-10
6.91831e+13 7.47292e-06 1.0246e-05 1.78137e-05 2.07792e-11 0.999964 3.64521e-10
6.98232e+13 7.32758e-06 1.00483e-05 1.74727e-05 2.04481e-11 0.999965 3.58118e-10
7.04693e+13 7.18481e-06 9.85389e-06 1.71374e-05 2.01111e-11 0.999966 3.51824e-10
7.11214e+13 7.04457e-06 9.66287e-06 1.68078e-05 1.97892e-11 0.999966 3.45625e-10
7.17794e+13 6.90684e-06 9.47519e-06 1.64838e-05 1.94672e-11 0.999967 3.3954e-10
7.24436e+13 6.77158e-06 9.2908e-06 1.61653e-05 1.91467e-11 0.999968 3.33559e-10
7.31139e+13 6.63877e-06 9.10968e-06 1.58523e-05 1.88426e-11 0.999968 3.27671e-10
7.37904e+13 6.50836e-06 8.93177e-06 1.55447e-05 1.8527e-11 0.999969 3.21882e-10
7.44732e+13 6.38034e-06 8.75705e-06 1.52425e-05 1.8221e-11 0.99997 3.16191e-10
7.51623e+13 6.25467e-06 8.58547e-06 1.49457e-05 1.79232e-11 0.99997 3.10605e-10
7.58578e+13 6.13131e-06 8.417e-06 1.46541e-05 1.76264e-11 0.999971 3.05103e-10
7.65597e+13 6.01023e-06 8.25159e-06 1.43677e-05 1.73365e-11 0.999971 2.99693e-10
7.72681e+13 5.89141e-06 8.0892e-06 1.40864e-05 1.70453e-11 0.999972 2.94382e-10
7.7983e+13 5.7748e-06 7.9298e-06 1.38102e-05 1.67611e-11 0.999972 2.89159e-10
7.87046e+13 5.66038e-06 7.77334e-06 1.35391e-05 1.64795e-11 0.999973 2.84028e-10
7.94328e+13 5.54812e-06 7.61978e-06 1.32728e-05 1.62013e-11 0.999974 2.78976e-10
8.01678e+13 5.43797e-06 7.46908e-06 1.30115e-05 1.59335e-11 0.999974 2.7402e-10
8.09096e+13 5.32991e-06 7.3212e-06 1.27549e-05 1.56622e-11 0.999975 2.69145e-10
8.16582e+13 5.22391e-06 7.17609e-06 1.25031e-05 1.54023e-11 0.999975 2.64349e-10
8.24138e+13 5.11993e-06 7.03372e-06 1.2256e-05 1.51353e-11 0.999976 2.59634e-10
8.31764e+13 5.01794e-06 6.89404e-06 1.20135e-05 1.48861e-11 0.999976 2.55009e-10
8.3946e+13 4.91791e-06 6.75701e-06 1.17755e-05 1.46335e-11 0.999977 2.50459e-10
8.47227e+13 4.81981e-06 6.62259e-06 1.1542e-05 1.43811e-11 0.999977 2.45985e-10
8.55067e+13 4.7236e-06 6.49074e-06 1.13129e-05 1.4134e-11 0.999977 2.41592e-10
8.62979e+13 4.62925e-06 6.36141e-06 1.10882e-05 1.38932e-11 0.999978 2.37273e-10
8.70964e+13 4.53673e-06 6.23457e-06 1.08677e-05 1.36559e-11 0.999978 2.33027e-10
8.79023e+13 4.44601e-06 6.11017e-06 1.06514e-05 1.34198e-11 0.999979 2.28864e-10
8.87156e+13 4.35707e-06 5.98818e-06 1.04393e-05 1.31934e-11 0.999979 2.24758e-10
8.95365e+13 4.26986e-06 5.86855e-06 1.02312e-05 1.29676e-11 0.99998 2.20724e-10
9.03649e+13 4.18436e-06 5.75124e-06 1.00272e-05 1.27361e-11 0.99998 2.16776e-10
9.12011e+13 4.10053e-06 5.63622e-06 9.82704e-06 1.2516e-11 0.99998 2.12892e-10
9.2045e+13 4.01836e-06 5.52345e-06 9.63078e-06 1.23e-11 0.999981 2.09072e-10
9.28966e+13 3.9378e-06 5.41288e-06 9.43833e-06 1.20897e-11 0.999981 2.05319e-10
9.37562e+13 3.85884e-06 5.30447e-06 9.24963e-06 1.18809e-11 0.999982 2.01629e-10
9.46237e+13 3.78143e-06 5.1982e-06 9.0646e-06 1.16772e-11 0.999982 1.98008e-10
9.54993e+13 3.70556e-06 5.09401e-06 8.88319e-06 1.14647e-11 0.999982 1.94448e-10
9.63829e+13 3.6312e-06 4.99188e-06 8.70533e-06 1.12686e-11 0.999983 1.90947e-10
9.72747e+13 3.55831e-06 4.89177e-06 8.53095e-06 1.10756e-11 0.999983 1.87509e-10
9.81748e+13 3.48687e-06 4.79364e-06 8.36001e-06 1.08788e-11 0.999983 1.84133e-10
9.90832e+13 3.41685e-06 4.69745e-06 8.19243e-06 1.06887e-11 0.999984 1.80813e-10
1e+14 3.34823e-06 4.60317e-06 8.02816e-06 1.04996e-11 0.999984 1.77553e-10
