1e+10 4.42599e-06 1.85118e-07 1.35443e-05 1.90472e-05 0.999641 0.000321352
1.00925e+10 7.43384e-06 5.87597e-06 3.0712e-06 1.86471e-05 0.99965 0.000315375
1.01859e+10 8.33803e-06 1.04536e-05 1.62613e-05 1.83271e-05 0.999637 0.000309645
1.02802e+10 8.27934e-06 5.61189e-06 2.13469e-07 1.80014e-05 0.999664 0.000303862
1.03753e+10 8.32845e-06 9.04623e-07 1.13611e-05 1.76551e-05 0.999664 0.000298189
1.04713e+10 8.24915e-06 5.57929e-08 1.58682e-05 1.73393e-05 0.999665 0.000293057
1.05682e+10 6.84837e-06 8.74387e-07 4.57949e-06 1.70336e-05 0.999683 0.000287831
1.0666e+10 3.32629e-06 1.39808e-06 5.80796e-08 1.67192e-05 0.999696 0.000282459
1.07647e+10 6.98921e-08 9.64588e-07 4.24228e-06 1.6387e-05 0.999701 0.000277154
1.08643e+10 2.95202e-06 8.63668e-08 9.2056e-06 1.60607e-05 0.9997 0.000271985
1.09648e+10 8.28194e-06 7.09265e-07 1.19158e-05 1.58055e-05 0.999696 0.00026699
1.10662e+10 2.93848e-06 4.97869e-06 1.21164e-05 1.55599e-05 0.999702 0.00026211
1.11686e+10 1.88694e-06 1.02039e-05 9.82468e-06 1.52117e-05 0.999706 0.00025731
1.1272e+10 7.95908e-06 7.34045e-06 5.2129e-06 1.49428e-05 0.999712 0.000252803
1.13763e+10 3.86803e-09 4.88057e-08 4.86814e-07 1.46783e-05 0.999737 0.000248175
1.14815e+10 8.38906e-06 7.3045e-06 2.4661e-06 1.44394e-05 0.999724 0.000243675
1.15878e+10 5.1866e-08 7.38534e-06 1.35221e-05 1.41379e-05 0.999725 0.000239424
1.1695e+10 7.63142e-06 1.06477e-06 1.51163e-05 1.39179e-05 0.999728 0.000234742
1.18032e+10 3.07706e-06 1.02528e-05 1.08555e-06 1.36052e-05 0.999741 0.000230515
1.19124e+10 1.52576e-06 4.18111e-07 9.71796e-06 1.34283e-05 0.999748 0.000226492
1.20226e+10 8.1532e-06 9.48429e-06 1.31706e-05 1.31392e-05 0.999734 0.000222196
1.21339e+10 4.96894e-06 3.39213e-06 1.64978e-06 1.29042e-05 0.999759 0.000218133
1.22462e+10 2.16492e-07 3.24919e-06 1.62622e-05 1.26446e-05 0.999753 0.000214216
1.23595e+10 1.51264e-06 1.06494e-05 1.5991e-06 1.24692e-05 0.999763 0.000210381
1.24738e+10 5.27453e-06 3.13537e-06 1.32955e-05 1.22508e-05 0.99976 0.0002063
1.25893e+10 7.63348e-06 5.58266e-07 9.26555e-06 1.20043e-05 0.999768 0.000202872
1.27057e+10 8.31403e-06 6.71848e-06 1.56473e-06 1.17546e-05 0.999773 0.000199011
1.28233e+10 8.31535e-06 1.05244e-05 1.60185e-05 1.1548e-05 0.999758 0.000195304
1.2942e+10 8.36329e-06 9.40113e-06 1.15818e-05 1.13606e-05 0.999767 0.000191838
1.30617e+10 8.31549e-06 6.49276e-06 7.23857e-07 1.1161e-05 0.999785 0.000188255
1.31826e+10 7.86213e-06 4.36567e-06 2.92664e-06 1.09609e-05 0.999789 0.000184697
1.33045e+10 5.83743e-06 3.47214e-06 1.11367e-05 1.07699e-05 0.999787 0.00018132
1.34276e+10 2.26416e-06 3.76152e-06 1.62637e-05 1.05767e-05 0.999789 0.000178062
1.35519e+10 8.37617e-11 5.25151e-06 1.71971e-05 1.03664e-05 0.999792 0.000174836
1.36773e+10 3.29381e-06 7.85574e-06 1.67414e-05 1.01543e-05 0.99979 0.000171657
1.38038e+10 8.20029e-06 1.03989e-05 1.64579e-05 9.97767e-06 0.999786 0.000168601
1.39316e+10 4.28865e-06 9.57509e-06 1.69483e-05 9.8085e-06 0.999794 0.000165624
1.40605e+10 3.05804e-07 3.98604e-06 1.71398e-05 9.58984e-06 0.999806 0.000162548
1.41906e+10 7.66211e-06 1.96764e-08 1.49599e-05 9.42429e-06 0.999809 0.000159432
1.43219e+10 3.06238e-06 6.01522e-06 8.57247e-06 9.29891e-06 0.999817 0.000156462
1.44544e+10 3.08782e-06 1.01851e-05 1.07537e-06 9.06798e-06 0.999823 0.00015371
1.45881e+10 6.41808e-06 1.21249e-06 2.42678e-06 8.94431e-06 0.99983 0.000151105
1.47231e+10 1.48939e-06 5.3618e-06 1.42086e-05 8.77221e-06 0.999822 0.000148176
1.48594e+10 6.52509e-06 8.58181e-06 1.4218e-05 8.61063e-06 0.999817 0.000145502
1.49968e+10 2.84081e-06 5.1695e-07 5.29366e-07 8.43632e-06 0.999845 0.000142745
1.51356e+10 3.48241e-06 1.05661e-05 1.05263e-05 8.32162e-06 0.999827 0.000140376
1.52757e+10 7.28122e-06 5.6334e-08 1.31333e-05 8.12995e-06 0.999834 0.000137558
1.5417e+10 5.49502e-08 1.04065e-05 7.82875e-07 7.99286e-06 0.999846 0.000135221
1.55597e+10 5.5081e-06 1.0634e-06 1.71271e-05 7.87956e-06 0.999836 0.000132671
1.57036e+10 7.46528e-06 7.28365e-06 4.66368e-08 7.68234e-06 0.999847 0.000130315
1.58489e+10 1.29893e-06 7.25973e-06 1.70863e-05 7.56712e-06 0.999839 0.000127812
1.59956e+10 9.39962e-07 1.83274e-07 1.31141e-07 7.43995e-06 0.999866 0.000125618
1.61436e+10 5.87493e-06 8.7396e-06 1.55616e-05 7.29876e-06 0.999839 0.000123295
1.6293e+10 8.40484e-06 8.45486e-06 5.83821e-06 7.17756e-06 0.999849 0.000121053
1.64437e+10 6.61475e-06 8.48059e-07 4.36818e-06 7.018e-06 0.999862 0.000118672
1.65959e+10 3.64636e-06 1.8554e-06 1.72065e-05 6.87293e-06 0.999854 0.000116673
1.67494e+10 1.43901e-06 8.053e-06 5.35739e-06 6.75537e-06 0.999864 0.00011464
1.69044e+10 4.27261e-07 1.06031e-05 1.25935e-06 6.64298e-06 0.999869 0.000112364
1.70608e+10 1.10389e-07 8.45414e-06 1.29515e-05 6.53389e-06 0.999862 0.000110235
1.72187e+10 6.40266e-08 4.99112e-06 1.68343e-05 6.42394e-06 0.999863 0.000108315
1.7378e+10 1.759e-07 2.34674e-06 9.43671e-06 6.30584e-06 0.999875 0.00010641
1.75388e+10 6.9097e-07 1.0093e-06 1.86566e-06 6.18102e-06 0.999886 0.000104445
1.77011e+10 2.09404e-06 5.44744e-07 8.09183e-08 6.057e-06 0.999889 0.000102474
1.78649e+10 4.63757e-06 5.59232e-07 2.35664e-06 5.94156e-06 0.999886 0.000100552
1.80302e+10 7.46623e-06 1.03984e-06 5.51946e-06 5.84043e-06 0.999881 9.86944e-05
1.8197e+10 8.12726e-06 2.33307e-06 7.83492e-06 5.75249e-06 0.999879 9.68942e-05
1.83654e+10 4.73769e-06 4.8621e-06 8.68855e-06 5.66194e-06 0.999881 9.51308e-05
1.85353e+10 3.73394e-07 8.28508e-06 7.97975e-06 5.54712e-06 0.999884 9.3391e-05
1.87068e+10 1.97854e-06 1.05563e-05 5.83533e-06 5.41602e-06 0.999885 9.17028e-05
1.88799e+10 7.76506e-06 8.59094e-06 2.77161e-06 5.31314e-06 0.999885 9.01091e-05
1.90546e+10 5.42722e-06 2.69163e-06 2.48082e-07 5.24147e-06 0.999898 8.85444e-05
1.92309e+10 3.41429e-09 2.1521e-07 1.10375e-06 5.14615e-06 0.999907 8.68951e-05
1.94089e+10 6.29518e-06 6.41633e-06 7.43255e-06 5.0489e-06 0.99989 8.52876e-05
1.95884e+10 5.58115e-06 1.0321e-05 1.56309e-05 4.96971e-06 0.99988 8.38143e-05
1.97697e+10 4.26285e-07 2.51323e-06 1.55128e-05 4.84571e-06 0.999895 8.2196e-05
1.99526e+10 8.23913e-06 2.23504e-06 4.6128e-06 4.77935e-06 0.9999 8.05847e-05
2.01372e+10 7.30358e-07 1.05562e-05 9.75507e-07 4.70098e-06 0.999904 7.92755e-05
2.03236e+10 6.69757e-06 2.07022e-06 1.36713e-05 4.58539e-06 0.999895 7.78721e-05
2.05116e+10 2.15313e-06 4.97895e-06 1.34603e-05 4.54108e-06 0.999899 7.62674e-05
2.07014e+10 6.08398e-06 8.28734e-06 8.1882e-08 4.41407e-06 0.999906 7.49879e-05
2.0893e+10 1.73979e-06 7.88148e-07 1.25674e-05 4.37786e-06 0.999907 7.36573e-05
2.10863e+10 7.39673e-06 1.03417e-05 1.1116e-05 4.26031e-06 0.999895 7.21924e-05
2.12814e+10 1.48581e-07 8.66776e-08 1.61978e-06 4.20699e-06 0.999923 7.09809e-05
2.14783e+10 8.17164e-06 1.04941e-05 1.70653e-05 4.12361e-06 0.99989 6.96536e-05
2.1677e+10 1.81603e-06 3.79678e-07 1.89605e-07 4.03783e-06 0.999925 6.83257e-05
2.18776e+10 3.16845e-06 9.31347e-06 1.64433e-05 3.9823e-06 0.9999 6.72093e-05
2.208e+10 8.05195e-06 3.17544e-06 8.75534e-07 3.90307e-06 0.999918 6.58182e-05
2.22844e+10 1.08091e-06 4.26629e-06 1.65692e-05 3.81125e-06 0.99991 6.47614e-05
2.24905e+10 2.55971e-06 9.53788e-06 6.54231e-08 3.77875e-06 0.999921 6.34999e-05
2.26986e+10 8.2154e-06 1.35899e-07 1.68594e-05 3.69499e-06 0.999909 6.23361e-05
2.29087e+10 4.71222e-06 7.02645e-06 2.46967e-06 3.60297e-06 0.999921 6.12982e-05
2.31206e+10 7.1728e-08 9.13207e-06 9.67235e-06 3.5585e-06 0.999918 6.00022e-05
2.33346e+10 2.65277e-06 7.01009e-07 1.38918e-05 3.51329e-06 0.99992 5.90547e-05
2.35505e+10 7.36467e-06 3.45695e-06 4.30704e-09 3.42878e-06 0.999928 5.79928e-05
2.37684e+10 7.97082e-06 1.03341e-05 1.25279e-05 3.35453e-06 0.999909 5.68242e-05
2.39883e+10 4.69416e-06 7.52075e-06 1.42636e-05 3.30293e-06 0.999914 5.58218e-05
2.42103e+10 1.33617e-06 1.11099e-06 1.04066e-06 3.24242e-06 0.999938 5.48065e-05
2.44343e+10 1.00427e-08 8.01633e-07 5.36239e-06 3.17676e-06 0.999937 5.37835e-05
2.46604e+10 6.55293e-07 5.69622e-06 1.64449e-05 3.12418e-06 0.999921 5.28668e-05
2.48886e+10 2.18216e-06 9.87767e-06 1.32805e-05 3.08011e-06 0.99992 5.19628e-05
2.51189e+10 3.76416e-06 1.03733e-05 3.0182e-06 3.03267e-06 0.999929 5.09763e-05
2.53513e+10 4.86794e-06 8.07793e-06 3.87029e-07 2.97874e-06 0.999934 4.99567e-05
2.55859e+10 5.50606e-06 5.07913e-06 6.5208e-06 2.92323e-06 0.999931 4.8997e-05
2.58226e+10 5.66006e-06 2.67774e-06 1.39506e-05 2.86927e-06 0.999927 4.81183e-05
2.60615e+10 5.32917e-06 1.24822e-06 1.71344e-05 2.8175e-06 0.999926 4.72893e-05
2.63027e+10 4.57747e-06 5.63233e-07 1.59242e-05 2.76709e-06 0.99993 4.64729e-05
2.65461e+10 3.28225e-06 3.13567e-07 1.26516e-05 2.7167e-06 0.999935 4.56512e-05
2.67917e+10 1.73219e-06 3.16953e-07 9.11795e-06 2.6658e-06 0.999941 4.4822e-05
2.70396e+10 3.54155e-07 5.43485e-07 6.6092e-06 2.61318e-06 0.999946 4.39927e-05
2.72898e+10 1.01628e-07 1.20888e-06 5.0795e-06 2.55975e-06 0.999948 4.31679e-05
2.75423e+10 1.80379e-06 2.54719e-06 4.58082e-06 2.5077e-06 0.999946 4.23599e-05
2.77971e+10 5.21212e-06 4.81884e-06 4.96058e-06 2.46148e-06 0.999941 4.15796e-05
2.80543e+10 8.04948e-06 7.69519e-06 6.25687e-06 2.42303e-06 0.999935 4.0838e-05
2.83139e+10 7.25729e-06 1.00958e-05 8.63612e-06 2.38661e-06 0.999931 4.01304e-05
2.85759e+10 2.8089e-06 1.02585e-05 1.18413e-05 2.34022e-06 0.999933 3.94294e-05
2.88403e+10 3.6543e-09 6.9187e-06 1.52753e-05 2.28121e-06 0.999937 3.87031e-05
2.91072e+10 3.53423e-06 1.96968e-06 1.70925e-05 2.22862e-06 0.999937 3.79465e-05
2.93765e+10 8.14105e-06 1.24172e-07 1.53347e-05 2.20184e-06 0.999937 3.71915e-05
2.96483e+10 5.04977e-06 4.50537e-06 9.21565e-06 2.17969e-06 0.999943 3.64815e-05
2.99226e+10 2.00799e-08 1.01231e-05 2.07802e-06 2.12712e-06 0.99995 3.58422e-05
3.01995e+10 4.6352e-06 8.04982e-06 4.85329e-07 2.07017e-06 0.999949 3.52689e-05
3.04789e+10 7.90525e-06 9.55456e-07 7.82746e-06 2.05086e-06 0.999947 3.46697e-05
3.0761e+10 1.01803e-06 2.48827e-06 1.64106e-05 2.0248e-06 0.999944 3.39573e-05
3.10456e+10 3.28858e-06 1.00927e-05 1.34475e-05 1.96467e-06 0.999938 3.32709e-05
3.13329e+10 7.97653e-06 6.12764e-06 2.10277e-06 1.93318e-06 0.999949 3.27423e-05
3.16228e+10 4.34235e-07 9.82385e-08 2.85691e-06 1.91045e-06 0.999963 3.21706e-05
3.19154e+10 5.45727e-06 8.41304e-06 1.54557e-05 1.86569e-06 0.999937 3.15342e-05
3.22107e+10 5.60312e-06 7.28971e-06 1.21671e-05 1.83458e-06 0.999942 3.09757e-05
3.25087e+10 8.25449e-07 1.64235e-07 9.00829e-08 1.79588e-06 0.999967 3.03843e-05
3.28095e+10 8.2466e-06 9.61527e-06 1.06655e-05 1.77521e-06 0.99994 2.98804e-05
3.31131e+10 1.47663e-07 4.07946e-06 1.48359e-05 1.72965e-06 0.99995 2.93146e-05
3.34195e+10 7.64414e-06 3.17684e-06 2.72143e-07 1.70405e-06 0.999958 2.8723e-05
3.37287e+10 1.26933e-06 9.67081e-06 1.21523e-05 1.67805e-06 0.999947 2.83184e-05
3.40408e+10 6.61755e-06 5.477e-08 1.15713e-05 1.6332e-06 0.999952 2.76753e-05
3.43558e+10 1.87573e-06 1.038e-05 1.052e-06 1.62288e-06 0.999958 2.72512e-05
3.46737e+10 6.58898e-06 7.31826e-07 1.71694e-05 1.57214e-06 0.999947 2.67408e-05
3.49945e+10 1.34978e-06 9.28128e-06 1.58053e-06 1.56382e-06 0.99996 2.6205e-05
3.53183e+10 7.57439e-06 1.73967e-06 1.2774e-05 1.51756e-06 0.999951 2.58176e-05
3.56451e+10 2.2409e-07 8.79753e-06 7.03806e-06 1.50335e-06 0.999957 2.52304e-05
3.59749e+10 8.37691e-06 1.57487e-06 8.10301e-06 1.46877e-06 0.999956 2.48983e-05
3.63078e+10 5.44861e-07 9.60171e-06 1.04376e-05 1.4409e-06 0.999954 2.43121e-05
3.66438e+10 6.26473e-06 4.26978e-07 6.16399e-06 1.42483e-06 0.999962 2.39976e-05
3.69828e+10 4.65953e-06 1.06453e-05 1.0904e-05 1.38117e-06 0.999949 2.3442e-05
3.7325e+10 1.1518e-06 2.82465e-07 7.18297e-06 1.37631e-06 0.999967 2.3108e-05
3.76704e+10 8.40675e-06 9.00829e-06 8.42678e-06 1.33491e-06 0.99995 2.26291e-05
3.80189e+10 1.56196e-06 4.31499e-06 1.11065e-05 1.31811e-06 0.999959 2.22338e-05
3.83707e+10 3.13099e-06 2.9933e-06 3.41762e-06 1.29397e-06 0.999967 2.18354e-05
3.87258e+10 8.25869e-06 1.03012e-05 1.63126e-05 1.26998e-06 0.999942 2.14337e-05
3.90841e+10 1.30113e-06 4.78483e-07 1.65521e-08 1.24255e-06 0.999976 2.10205e-05
3.94457e+10 2.55628e-06 6.73289e-06 1.55997e-05 1.22414e-06 0.999953 2.06709e-05
3.98107e+10 8.45078e-06 8.85379e-06 6.62935e-06 1.20816e-06 0.999955 2.02952e-05
4.01791e+10 3.55414e-06 9.33982e-08 4.33565e-06 1.17034e-06 0.999971 1.98587e-05
4.05509e+10 2.41988e-07 6.80527e-06 1.72187e-05 1.15536e-06 0.999955 1.95845e-05
4.09261e+10 6.04029e-06 9.6906e-06 2.17935e-06 1.14861e-06 0.999962 1.92071e-05
4.13048e+10 8.05126e-06 1.03961e-06 7.40441e-06 1.11356e-06 0.999964 1.87796e-05
4.16869e+10 2.5293e-06 3.26331e-06 1.69452e-05 1.08392e-06 0.999958 1.85231e-05
4.20727e+10 1.96783e-07 1.06168e-05 2.73779e-06 1.07802e-06 0.999967 1.81949e-05
4.2462e+10 4.74391e-06 6.37587e-06 4.77383e-06 1.06729e-06 0.999965 1.7777e-05
4.28549e+10 8.47415e-06 9.01585e-08 1.73139e-05 1.03832e-06 0.999956 1.74901e-05
4.32514e+10 6.19638e-06 4.10276e-06 8.89438e-06 1.00776e-06 0.999963 1.72347e-05
4.36516e+10 1.5115e-06 1.04437e-05 5.55319e-08 9.91359e-07 0.99997 1.68666e-05
4.40555e+10 1.23635e-07 8.4677e-06 1.00536e-05 9.85326e-07 0.999964 1.65053e-05
4.44631e+10 3.0226e-06 1.95434e-06 1.74817e-05 9.74499e-07 0.99996 1.6252e-05
4.48745e+10 6.93419e-06 3.28773e-07 8.61341e-06 9.51454e-07 0.999967 1.60138e-05
4.52898e+10 8.5464e-06 5.05267e-06 1.1006e-07 9.23458e-07 0.99997 1.57018e-05
4.57088e+10 7.10951e-06 1.00539e-05 5.42405e-06 9.01617e-07 0.999961 1.53587e-05
4.61318e+10 4.06299e-06 1.03128e-05 1.54866e-05 8.88709e-07 0.999954 1.50601e-05
4.65586e+10 1.33306e-06 6.31693e-06 1.65737e-05 8.79141e-07 0.99996 1.48116e-05
4.69894e+10 6.28354e-08 1.854e-06 8.48307e-06 8.66864e-07 0.999974 1.45708e-05
4.74242e+10 3.65517e-07 8.09017e-09 1.00235e-06 8.50592e-07 0.999983 1.43109e-05
4.7863e+10 1.73069e-06 1.35631e-06 1.12192e-06 8.32851e-07 0.999981 1.40397e-05
4.83059e+10 3.50895e-06 4.57814e-06 7.58729e-06 8.16459e-07 0.99997 1.37768e-05
4.87528e+10 5.19364e-06 7.89584e-06 1.46087e-05 8.02388e-07 0.999958 1.35306e-05
4.9204e+10 6.5118e-06 1.01134e-05 1.76276e-05 7.89902e-07 0.999952 1.32956e-05
4.96592e+10 7.4062e-06 1.08942e-05 1.58115e-05 7.77754e-07 0.999952 1.30619e-05
5.01187e+10 7.95188e-06 1.05031e-05 1.10579e-05 7.65101e-07 0.999957 1.28235e-05
5.05825e+10 8.25559e-06 9.41575e-06 5.89035e-06 7.51738e-07 0.999963 1.25806e-05
5.10505e+10 8.39787e-06 8.06803e-06 2.06796e-06 7.37906e-07 0.999968 1.23367e-05
5.15229e+10 8.43237e-06 6.77547e-06 2.30231e-07 7.24022e-07 0.999972 1.20964e-05
5.19996e+10 8.39531e-06 5.72821e-06 1.576e-07 7.10481e-07 0.999973 1.18628e-05
5.24807e+10 8.28706e-06 5.00537e-06 1.22594e-06 6.97543e-07 0.999973 1.16371e-05
5.29663e+10 8.04991e-06 4.6099e-06 2.79621e-06 6.85283e-07 0.999972 1.14191e-05
5.34564e+10 7.58365e-06 4.52105e-06 4.40049e-06 6.73618e-07 0.999972 1.12078e-05
5.39511e+10 6.79355e-06 4.73477e-06 5.74386e-06 6.6235e-07 0.999971 1.10022e-05
5.44503e+10 5.63134e-06 5.26637e-06 6.65481e-06 6.51175e-07 0.999971 1.08011e-05
5.49541e+10 4.12221e-06 6.11943e-06 7.06368e-06 6.39669e-07 0.999971 1.0604e-05
5.54626e+10 2.41986e-06 7.2483e-06 6.97507e-06 6.27324e-07 0.999972 1.04104e-05
5.59758e+10 8.80491e-07 8.5379e-06 6.41173e-06 6.13744e-07 0.999973 1.02207e-05
5.64937e+10 4.00939e-08 9.7917e-06 5.39264e-06 5.98947e-07 0.999974 1.00357e-05
5.70164e+10 4.19741e-07 1.07024e-05 3.98693e-06 5.83561e-07 0.999974 9.85703e-06
5.7544e+10 2.22462e-06 1.08476e-05 2.38608e-06 5.68826e-07 0.999974 9.68636e-06
5.80764e+10 5.03437e-06 9.82266e-06 9.24924e-07 5.56346e-07 0.999974 9.52415e-06
5.86138e+10 7.66011e-06 7.51697e-06 6.56105e-08 5.47383e-07 0.999975 9.3687e-06
5.91562e+10 8.53673e-06 4.35957e-06 3.64541e-07 5.41802e-07 0.999977 9.21537e-06
5.97035e+10 6.77012e-06 1.38429e-06 2.32471e-06 5.37544e-07 0.99998 9.05721e-06
6.0256e+10 3.1848e-06 8.67649e-09 6.05745e-06 5.31454e-07 0.999981 8.88828e-06
6.08135e+10 3.14883e-07 1.33906e-06 1.09303e-05 5.21274e-07 0.999978 8.70892e-06
6.13762e+10 7.47112e-07 5.13581e-06 1.54665e-05 5.07637e-07 0.99997 8.5282e-06
6.19441e+10 4.52741e-06 9.30778e-06 1.76431e-05 4.94112e-07 0.99996 8.35936e-06
6.25173e+10 8.15802e-06 1.08501e-05 1.57884e-05 4.84175e-07 0.999957 8.20954e-06
6.30957e+10 7.56889e-06 8.11499e-06 1.00346e-05 4.77576e-07 0.999966 8.07245e-06
6.36796e+10 3.05572e-06 2.91955e-06 3.25774e-06 4.70787e-07 0.999982 7.9333e-06
6.42688e+10 1.81718e-08 1.28267e-08 1.26673e-08 4.61696e-07 0.999992 7.78522e-06
6.48634e+10 2.71748e-06 2.75343e-06 3.34029e-06 4.52514e-07 0.999983 7.63884e-06
6.54636e+10 7.71962e-06 8.5981e-06 1.14053e-05 4.45992e-07 0.999964 7.50697e-06
6.60693e+10 7.48326e-06 1.0703e-05 1.73738e-05 4.39596e-07 0.999957 7.38083e-06
6.66807e+10 2.02323e-06 5.99452e-06 1.49135e-05 4.28652e-07 0.999969 7.23806e-06
6.72977e+10 4.08303e-07 4.31584e-07 5.77297e-06 4.16407e-07 0.999986 7.08178e-06
6.79204e+10 5.76231e-06 2.1982e-06 3.11685e-08 4.11413e-07 0.999985 6.94864e-06
6.85488e+10 8.32177e-06 9.09189e-06 5.18917e-06 4.10953e-07 0.99997 6.85329e-06
6.91831e+10 2.90865e-06 1.00112e-05 1.5276e-05 4.01936e-07 0.999965 6.74929e-06
6.98232e+10 3.12718e-07 2.98934e-06 1.6281e-05 3.8582e-07 0.999973 6.59636e-06
7.04693e+10 6.21217e-06 4.52969e-07 5.94571e-06 3.80011e-07 0.999981 6.44174e-06
7.11214e+10 7.78569e-06 7.46443e-06 1.26165e-07 3.82917e-07 0.999978 6.34908e-06
7.17794e+10 1.2656e-06 1.04338e-05 9.02395e-06 3.73371e-07 0.999973 6.2744e-06
7.24436e+10 1.99693e-06 3.00073e-06 1.76006e-05 3.56799e-07 0.999971 6.13813e-06
7.31139e+10 8.35259e-06 8.90778e-07 9.81719e-06 3.5603e-07 0.999975 5.98365e-06
7.37904e+10 4.29675e-06 9.05235e-06 8.7008e-08 3.57044e-07 0.99998 5.89785e-06
7.44732e+10 2.62573e-07 8.7587e-06 8.13397e-06 3.41131e-07 0.999977 5.82989e-06
7.51623e+10 7.10923e-06 4.96376e-07 1.76124e-05 3.33087e-07 0.999969 5.69413e-06
7.58578e+10 6.0592e-06 4.65692e-06 7.66755e-06 3.37432e-07 0.999976 5.55824e-06
7.65597e+10 2.45857e-08 1.0812e-05 4.26205e-07 3.25181e-07 0.999983 5.49524e-06
7.72681e+10 6.4753e-06 2.747e-06 1.31282e-05 3.14212e-07 0.999972 5.41255e-06
7.7983e+10 6.33234e-06 2.15855e-06 1.51949e-05 3.19102e-07 0.999971 5.26765e-06
7.87046e+10 3.91246e-08 1.07736e-05 1.18728e-06 3.07819e-07 0.999983 5.17834e-06
7.94328e+10 7.04646e-06 4.09073e-06 7.22152e-06 2.97428e-07 0.999976 5.12672e-06
8.01678e+10 5.24502e-06 1.56012e-06 1.74872e-05 3.02781e-07 0.99997 4.996e-06
8.09096e+10 4.90233e-07 1.07452e-05 3.869e-06 2.89527e-07 0.99998 4.89069e-06
8.16582e+10 8.29854e-06 3.66524e-06 4.49347e-06 2.82926e-07 0.999978 4.85185e-06
8.24138e+10 2.69111e-06 2.38544e-06 1.76619e-05 2.87091e-07 0.999972 4.72935e-06
8.31764e+10 2.72181e-06 1.09228e-05 4.60793e-06 2.7112e-07 0.999977 4.62808e-06
8.3946e+10 8.18014e-06 1.72188e-06 4.64793e-06 2.71475e-07 0.999981 4.59354e-06
8.47227e+10 1.62863e-07 5.11533e-06 1.76376e-05 2.69534e-07 0.999972 4.46637e-06
8.55067e+10 6.96994e-06 9.65093e-06 2.85526e-06 2.55517e-07 0.999976 4.39049e-06
8.62979e+10 4.19971e-06 4.85937e-08 7.66834e-06 2.61031e-07 0.999983 4.34346e-06
8.70964e+10 2.04481e-06 9.40493e-06 1.62778e-05 2.49776e-07 0.999968 4.21615e-06
8.79023e+10 8.22934e-06 4.93462e-06 3.06599e-07 2.4586e-07 0.999982 4.1746e-06
8.87156e+10 5.40837e-08 2.67115e-06 1.35711e-05 2.45953e-07 0.999979 4.09118e-06
8.95365e+10 7.98599e-06 1.05568e-05 1.05674e-05 2.34177e-07 0.999967 3.99747e-06
9.03649e+10 2.14287e-06 1.35821e-07 2.01152e-06 2.37145e-07 0.999992 3.9572e-06
9.12011e+10 4.85705e-06 9.63372e-06 1.77912e-05 2.27622e-07 0.999964 3.85352e-06
9.2045e+10 5.57111e-06 3.7777e-06 1.80475e-06 2.25936e-07 0.999985 3.80398e-06
9.28966e+10 1.78724e-06 4.70466e-06 1.18483e-05 2.21754e-07 0.999978 3.72707e-06
9.37562e+10 7.9656e-06 8.67997e-06 1.10388e-05 2.16334e-07 0.999968 3.65656e-06
9.46237e+10 2.48461e-07 8.74506e-07 2.78124e-06 2.14196e-07 0.999992 3.59698e-06
9.54993e+10 8.74434e-06 1.10079e-05 1.74866e-05 2.08871e-07 0.999959 3.52476e-06
9.63829e+10 1.38831e-07 1.5374e-07 2.14529e-07 2.0571e-07 0.999996 3.46367e-06
9.72747e+10 8.42711e-06 1.04336e-05 1.63548e-05 2.02174e-07 0.999961 3.40138e-06
9.81748e+10 7.56425e-07 1.69976e-06 4.22541e-06 1.97629e-07 0.99999 3.33563e-06
9.90832e+10 7.72563e-06 8.38899e-06 1.07906e-05 1.95257e-07 0.99997 3.27925e-06
1e+11 1.47897e-06 3.96813e-06 1.02825e-05 1.90447e-07 0.999981 3.21655e-06
1.00925e+11 7.13131e-06 6.22444e-06 5.21599e-06 1.88024e-07 0.999978 3.15741e-06
1.01859e+11 1.95051e-06 5.94077e-06 1.49655e-05 1.83955e-07 0.999974 3.10494e-06
1.02802e+11 6.88318e-06 4.60546e-06 1.74072e-06 1.80809e-07 0.999984 3.03809e-06
1.03753e+11 2.02632e-06 7.25235e-06 1.73803e-05 1.77756e-07 0.99997 2.99804e-06
1.04713e+11 7.05316e-06 3.67981e-06 3.37301e-07 1.73968e-07 0.999986 2.92337e-06
1.05682e+11 1.69259e-06 7.89074e-06 1.81263e-05 1.71525e-07 0.999969 2.89407e-06
1.0666e+11 7.60033e-06 3.39656e-06 1.36259e-07 1.67748e-07 0.999986 2.81415e-06
1.07647e+11 1.04898e-06 7.91878e-06 1.81221e-05 1.65049e-07 0.99997 2.79226e-06
1.08643e+11 8.35283e-06 3.71377e-06 3.09876e-07 1.62296e-07 0.999985 2.71064e-06
1.09648e+11 3.57184e-07 7.3412e-06 1.80358e-05 1.58216e-07 0.999971 2.69223e-06
1.10662e+11 8.94349e-06 4.66154e-06 3.80085e-07 1.57638e-07 0.999983 2.61293e-06
1.11686e+11 9.7652e-08 6.10783e-06 1.8153e-05 1.51083e-07 0.999973 2.59353e-06
1.1272e+11 8.79301e-06 6.27892e-06 2.46893e-07 1.53559e-07 0.999982 2.5213e-06
1.13763e+11 9.02267e-07 4.2368e-06 1.83916e-05 1.44033e-07 0.999974 2.49559e-06
1.14815e+11 7.30711e-06 8.43317e-06 1.68663e-07 1.49444e-07 0.999982 2.43597e-06
1.15878e+11 3.18929e-06 2.0425e-06 1.83181e-05 1.37881e-07 0.999974 2.3982e-06
1.1695e+11 4.41899e-06 1.05671e-05 7.45615e-07 1.44304e-07 0.999982 2.35645e-06
1.18032e+11 6.49031e-06 3.63995e-07 1.71935e-05 1.33631e-07 0.999974 2.30221e-06
1.19124e+11 1.26779e-06 1.15701e-05 2.79893e-06 1.37311e-07 0.999982 2.28087e-06
1.20226e+11 8.98363e-06 4.9335e-07 1.42213e-05 1.31623e-07 0.999974 2.21016e-06
1.21339e+11 1.66574e-07 1.01619e-05 6.93881e-06 1.28879e-07 0.99998 2.20563e-06
1.22462e+11 8.31141e-06 3.39415e-06 9.19506e-06 1.30461e-07 0.999977 2.12601e-06
1.23595e+11 2.83932e-06 6.07908e-06 1.27174e-05 1.21356e-07 0.999976 2.12636e-06
1.24738e+11 4.15934e-06 8.24903e-06 3.44607e-06 1.2715e-07 0.999982 2.05341e-06
1.25893e+11 7.58212e-06 1.46288e-06 1.77933e-05 1.17655e-07 0.999971 2.04056e-06
1.27057e+11 3.48188e-07 1.16602e-05 2.38852e-07 1.19811e-07 0.999986 1.99236e-06
1.28233e+11 9.16523e-06 4.41043e-07 1.83826e-05 1.17617e-07 0.99997 1.95125e-06
1.2942e+11 1.9407e-06 9.80089e-06 3.102e-06 1.11167e-07 0.999983 1.93583e-06
1.30617e+11 4.78588e-06 5.16275e-06 1.23036e-05 1.16261e-07 0.999976 1.86885e-06
1.31826e+11 7.67614e-06 3.51076e-06 1.169e-05 1.07017e-07 0.999975 1.87094e-06
1.33045e+11 2.34751e-07 1.11688e-05 3.2935e-06 1.09211e-07 0.999983 1.80553e-06
1.34276e+11 8.89032e-06 2.06255e-07 1.88463e-05 1.07996e-07 0.99997 1.78991e-06
1.35519e+11 3.3775e-06 1.03053e-05 6.73151e-07 1.0066e-07 0.999984 1.76e-06
1.36773e+11 2.81851e-06 5.4375e-06 1.57215e-05 1.06172e-07 0.999974 1.70545e-06
1.38038e+11 9.31508e-06 2.81458e-06 9.33132e-06 9.88222e-08 0.999977 1.70885e-06
1.39316e+11 6.61964e-07 1.19201e-05 4.48342e-06 9.74816e-08 0.999981 1.64485e-06
1.40605e+11 6.19631e-06 8.986e-07 1.90285e-05 1.00548e-07 0.999972 1.63172e-06
1.41906e+11 7.49833e-06 8.00769e-06 9.78752e-07 9.15283e-08 0.999982 1.60943e-06
1.43219e+11 2.06746e-07 9.00843e-06 1.43623e-05 9.4826e-08 0.999975 1.55162e-06
1.44544e+11 8.41819e-06 4.25504e-07 1.24692e-05 9.36977e-08 0.999977 1.558e-06
1.45881e+11 5.47007e-06 1.13818e-05 1.75263e-06 8.62884e-08 0.99998 1.5083e-06
1.47231e+11 8.55476e-07 5.34296e-06 1.95357e-05 9.13838e-08 0.999973 1.47603e-06
1.48594e+11 9.43317e-06 2.2812e-06 5.03524e-06 8.71221e-08 0.999982 1.47694e-06
1.49968e+11 4.15576e-06 1.24251e-05 7.42364e-06 8.21392e-08 0.999974 1.4178e-06
1.51356e+11 1.53577e-06 2.86923e-06 1.90096e-05 8.71744e-08 0.999975 1.40622e-06
1.52757e+11 9.80067e-06 4.36347e-06 1.18854e-06 8.14726e-08 0.999983 1.39425e-06
1.5417e+11 3.70298e-06 1.23262e-05 1.28524e-05 7.82487e-08 0.99997 1.33842e-06
1.55597e+11 1.72989e-06 1.69732e-06 1.61777e-05 8.26433e-08 0.999979 1.33665e-06
1.57036e+11 9.89959e-06 5.66359e-06 3.71465e-07 7.67853e-08 0.999983 1.31569e-06
1.58489e+11 4.07835e-06 1.2148e-05 1.6223e-05 7.42592e-08 0.999966 1.26651e-06
1.59956e+11 1.34148e-06 1.39654e-06 1.37138e-05 7.80941e-08 0.999982 1.26699e-06
1.61436e+11 9.70675e-06 5.91874e-06 7.00297e-07 7.29031e-08 0.999982 1.24338e-06
1.6293e+11 5.31207e-06 1.236e-05 1.77672e-05 7.0178e-08 0.999963 1.19941e-06
1.64437e+11 6.21669e-07 1.75895e-06 1.27037e-05 7.35668e-08 0.999984 1.19824e-06
1.65959e+11 8.82137e-06 5.10728e-06 9.04964e-07 6.96486e-08 0.999984 1.177e-06
1.67494e+11 7.3553e-06 1.28778e-05 1.79995e-05 6.62397e-08 0.999961 1.13641e-06
1.69044e+11 2.71718e-07 2.98827e-06 1.33959e-05 6.89553e-08 0.999982 1.13116e-06
1.70608e+11 6.71916e-06 3.35722e-06 6.59582e-07 6.67646e-08 0.999988 1.11511e-06
1.72187e+11 9.62442e-06 1.30719e-05 1.69328e-05 6.2796e-08 0.999959 1.07789e-06
1.7378e+11 1.42034e-06 5.50468e-06 1.57045e-05 6.42503e-08 0.999976 1.06653e-06
1.75388e+11 3.45196e-06 1.27667e-06 5.34798e-07 6.38158e-08 0.999994 1.05573e-06
1.77011e+11 1.05861e-05 1.18283e-05 1.40761e-05 6.00908e-08 0.999962 1.02409e-06
1.78649e+11 4.86111e-06 9.29712e-06 1.90188e-05 5.97938e-08 0.999966 1.00595e-06
1.80302e+11 6.36176e-07 3.86017e-07 1.95469e-06 6.03378e-08 0.999996 9.97152e-07
1.8197e+11 8.37849e-06 8.20045e-06 9.11282e-06 5.78846e-08 0.999973 9.73602e-07
1.83654e+11 9.33824e-06 1.29012e-05 2.15595e-05 5.621e-08 0.999955 9.5145e-07
1.85353e+11 1.29931e-06 2.74922e-06 6.63818e-06 5.63746e-08 0.999988 9.39809e-07
1.87068e+11 3.3551e-06 3.06118e-06 3.30321e-06 5.53737e-08 0.999989 9.23407e-07
1.88799e+11 1.07592e-05 1.31495e-05 2.02649e-05 5.36784e-08 0.999955 9.03054e-07
1.90546e+11 6.53999e-06 8.6938e-06 1.46602e-05 5.2819e-08 0.999969 8.87059e-07
1.92309e+11 3.75777e-07 4.43171e-07 6.73314e-07 5.20845e-08 0.999998 8.72042e-07
1.94089e+11 6.13576e-06 7.91628e-06 1.29951e-05 5.12358e-08 0.999972 8.56612e-07
1.95884e+11 1.1145e-05 1.38158e-05 2.17146e-05 5.0384e-08 0.999952 8.41336e-07
1.97697e+11 4.5842e-06 4.72924e-06 6.02437e-06 4.90067e-08 0.999984 8.23652e-07
1.99526e+11 6.4367e-07 1.31649e-06 3.33336e-06 4.79382e-08 0.999994 8.08091e-07
2.01372e+11 7.71797e-06 1.12528e-05 2.00562e-05 4.79518e-08 0.99996 7.97866e-07
2.03236e+11 1.10891e-05 1.27629e-05 1.77011e-05 4.72496e-08 0.999958 7.83259e-07
2.05116e+11 3.92396e-06 2.70328e-06 1.83398e-06 4.51283e-08 0.999991 7.62644e-07
2.07014e+11 8.57375e-07 2.69152e-06 8.26489e-06 4.4217e-08 0.999987 7.49945e-07
2.0893e+11 8.06443e-06 1.28048e-05 2.2835e-05 4.50355e-08 0.999956 7.44212e-07
2.10863e+11 1.13945e-05 1.2112e-05 1.38667e-05 4.42834e-08 0.999962 7.28383e-07
2.12814e+11 4.49174e-06 2.17677e-06 9.04543e-07 4.15637e-08 0.999992 7.0589e-07
2.14783e+11 6.71114e-07 3.16527e-06 1.16192e-05 4.07038e-08 0.999984 6.96135e-07
2.1677e+11 7.18071e-06 1.31559e-05 2.36541e-05 4.21567e-08 0.999955 6.93957e-07
2.18776e+11 1.19721e-05 1.2643e-05 1.23484e-05 4.16985e-08 0.999962 6.78006e-07
2.208e+11 6.38477e-06 2.77097e-06 9.42547e-07 3.85635e-08 0.999989 6.53934e-07
2.22844e+11 6.11561e-07 2.45289e-06 1.24364e-05 3.72157e-08 0.999984 6.44855e-07
2.24905e+11 4.96182e-06 1.23288e-05 2.41864e-05 3.90189e-08 0.999958 6.461e-07
2.26986e+11 1.18587e-05 1.42198e-05 1.34982e-05 3.94948e-08 0.99996 6.32964e-07
2.29087e+11 9.51173e-06 4.83777e-06 1.13708e-06 3.64176e-08 0.999984 6.07463e-07
2.31206e+11 2.03521e-06 1.14813e-06 1.06131e-05 3.39399e-08 0.999986 5.95367e-07
2.33346e+11 2.00715e-06 9.72228e-06 2.43335e-05 3.53134e-08 0.999963 5.98976e-07
2.35505e+11 9.5042e-06 1.56928e-05 1.72906e-05 3.71717e-08 0.999957 5.92524e-07
2.37684e+11 1.24395e-05 8.96706e-06 2.48844e-06 3.52634e-08 0.999976 5.67964e-07
2.39883e+11 6.25633e-06 1.06132e-06 6.46198e-06 3.16309e-08 0.999986 5.49175e-07
2.42103e+11 7.89289e-07 5.20058e-06 2.22974e-05 3.1209e-08 0.999971 5.50709e-07
2.44343e+11 4.54871e-06 1.46458e-05 2.27662e-05 3.37686e-08 0.999957 5.53153e-07
2.46604e+11 1.18434e-05 1.42748e-05 7.33945e-06 3.43435e-08 0.999966 5.35846e-07
2.48886e+11 1.18287e-05 4.84922e-06 2.10121e-06 3.11035e-08 0.999981 5.10756e-07
2.51189e+11 4.66492e-06 1.23282e-06 1.57813e-05 2.81138e-08 0.999978 5.02585e-07
2.53513e+11 8.6389e-07 9.0405e-06 2.62265e-05 2.90384e-08 0.999963 5.09342e-07
2.55859e+11 5.90349e-06 1.65009e-05 1.69457e-05 3.17003e-08 0.99996 5.06123e-07
2.58226e+11 1.27345e-05 1.26297e-05 2.84421e-06 3.14386e-08 0.999971 4.83919e-07
2.60615e+11 1.20005e-05 3.28531e-06 5.96107e-06 2.78803e-08 0.999978 4.62685e-07
2.63027e+11 4.84346e-06 2.08045e-06 2.15952e-05 2.53121e-08 0.999971 4.60765e-07
2.65461e+11 9.67137e-07 1.07722e-05 2.63733e-05 2.65632e-08 0.999961 4.68207e-07
2.67917e+11 5.53311e-06 1.72666e-05 1.34936e-05 2.92159e-08 0.999963 4.62142e-07
2.70396e+11 1.26559e-05 1.27721e-05 1.98531e-06 2.90634e-08 0.999972 4.39572e-07
2.72898e+11 1.33355e-05 3.55799e-06 8.48063e-06 2.57138e-08 0.999974 4.20662e-07
2.75423e+11 6.86039e-06 2.02611e-06 2.3877e-05 2.29145e-08 0.999967 4.20152e-07
2.77971e+11 1.357e-06 1.02348e-05 2.69512e-05 2.36006e-08 0.999961 4.27811e-07
2.80543e+11 3.58116e-06 1.76539e-05 1.37848e-05 2.62837e-08 0.999965 4.23184e-07
2.83139e+11 1.09113e-05 1.50058e-05 2.35145e-06 2.71037e-08 0.999971 4.02694e-07
2.85759e+11 1.47999e-05 5.78366e-06 7.91775e-06 2.45924e-08 0.999971 3.8334e-07
2.88403e+11 1.08791e-05 1.46101e-06 2.33047e-05 2.12722e-08 0.999964 3.8019e-07
2.91072e+11 3.75367e-06 7.32955e-06 2.89518e-05 2.05066e-08 0.99996 3.87831e-07
2.93765e+11 1.49723e-06 1.64641e-05 1.8018e-05 2.26237e-08 0.999964 3.88101e-07
2.96483e+11 6.64352e-06 1.82965e-05 4.34764e-06 2.47283e-08 0.99997 3.72597e-07
2.99226e+11 1.36726e-05 1.08989e-05 4.79042e-06 2.40748e-08 0.99997 3.52016e-07
3.01995e+11 1.5201e-05 2.81511e-06 1.88956e-05 2.10185e-08 0.999963 3.42611e-07
3.04789e+11 9.77199e-06 3.14745e-06 3.01329e-05 1.84479e-08 0.999957 3.47287e-07
3.0761e+11 3.11151e-06 1.15878e-05 2.56967e-05 1.86205e-08 0.999959 3.53137e-07
3.10456e+11 2.05188e-06 1.91287e-05 1.09578e-05 2.08959e-08 0.999967 3.46686e-07
3.13329e+11 7.69948e-06 1.79343e-05 2.71121e-06 2.25626e-08 0.999971 3.28592e-07
3.16228e+11 1.45876e-05 9.43643e-06 1.01923e-05 2.16443e-08 0.999965 3.12064e-07
3.19154e+11 1.61946e-05 2.49534e-06 2.5364e-05 1.8766e-08 0.999956 3.08149e-07
3.22107e+11 1.11449e-05 4.19449e-06 3.21878e-05 1.63903e-08 0.999952 3.14407e-07
3.25087e+11 4.27478e-06 1.29141e-05 2.37729e-05 1.6398e-08 0.999959 3.18249e-07
3.28095e+11 1.96492e-06 2.02595e-05 9.11455e-06 1.83997e-08 0.999968 3.10223e-07
3.31131e+11 6.35267e-06 1.93562e-05 3.32403e-06 2.02354e-08 0.999971 2.93152e-07
3.34195e+11 1.36218e-05 1.12434e-05 1.23076e-05 2.00016e-08 0.999963 2.78613e-07
3.37287e+11 1.75557e-05 3.59036e-06 2.73489e-05 1.769e-08 0.999951 2.753e-07
3.40408e+11 1.49334e-05 3.46439e-06 3.41104e-05 1.50706e-08 0.999947 2.8102e-07
3.43558e+11 8.1036e-06 1.10499e-05 2.64559e-05 1.40911e-08 0.999954 2.85412e-07
3.46737e+11 2.82136e-06 1.97696e-05 1.18346e-05 1.52605e-08 0.999965 2.79902e-07
3.49945e+11 3.45089e-06 2.22337e-05 3.89875e-06 1.73296e-08 0.99997 2.65278e-07
3.53183e+11 9.55295e-06 1.65352e-05 9.95136e-06 1.83974e-08 0.999964 2.504e-07
3.56451e+11 1.64272e-05 7.61245e-06 2.47402e-05 1.7438e-08 0.999951 2.44016e-07
3.59749e+11 1.8899e-05 2.92344e-06 3.5546e-05 1.50318e-08 0.999942 2.47298e-07
3.63078e+11 1.52447e-05 6.34081e-06 3.33732e-05 1.28268e-08 0.999945 2.53328e-07
3.66438e+11 8.32637e-06 1.5238e-05 2.03617e-05 1.22506e-08 0.999956 2.53307e-07
3.69828e+11 3.31511e-06 2.27998e-05 7.55853e-06 1.34851e-08 0.999966 2.43806e-07
3.7325e+11 3.89162e-06 2.34019e-05 5.57475e-06 1.54132e-08 0.999967 2.29178e-07
3.76704e+11 9.7184e-06 1.6782e-05 1.61302e-05 1.64834e-08 0.999957 2.17667e-07
3.80189e+11 1.68411e-05 8.01099e-06 3.10725e-05 1.58075e-08 0.999944 2.14812e-07
3.83707e+11 2.05261e-05 3.59531e-06 3.90737e-05 1.37228e-08 0.999937 2.19411e-07
3.87258e+11 1.84526e-05 6.78388e-06 3.43483e-05 1.14938e-08 0.99994 2.24812e-07
3.90841e+11 1.21334e-05 1.54307e-05 2.07317e-05 1.04291e-08 0.999951 2.24112e-07
3.94457e+11 5.77888e-06 2.36958e-05 8.47281e-06 1.10357e-08 0.999962 2.15143e-07
3.98107e+11 3.5196e-06 2.6145e-05 6.59645e-06 1.27457e-08 0.999964 2.01729e-07
4.01791e+11 6.84112e-06 2.13392e-05 1.65767e-05 1.43316e-08 0.999955 1.90674e-07
4.05509e+11 1.37885e-05 1.26053e-05 3.16291e-05 1.4694e-08 0.999942 1.86941e-07
4.09261e+11 2.02846e-05 5.70508e-06 4.16841e-05 1.35148e-08 0.999932 1.90421e-07
4.13048e+11 2.26223e-05 5.10649e-06 4.02748e-05 1.13999e-08 0.999932 1.96299e-07
4.16869e+11 1.95952e-05 1.12765e-05 2.86438e-05 9.47549e-09 0.99994 1.98439e-07
4.20727e+11 1.30771e-05 2.05663e-05 1.46167e-05 8.71708e-09 0.999952 1.93368e-07
4.2462e+11 6.84487e-06 2.75616e-05 7.35061e-06 9.41138e-09 0.999958 1.82295e-07
4.28549e+11 4.42568e-06 2.83304e-05 1.15614e-05 1.10371e-08 0.999956 1.70102e-07
4.32514e+11 7.20779e-06 2.2623e-05 2.48177e-05 1.25919e-08 0.999945 1.62194e-07
4.36516e+11 1.37973e-05 1.38569e-05 3.9308e-05 1.31518e-08 0.999933 1.61263e-07
4.40555e+11 2.08615e-05 7.06356e-06 4.66915e-05 1.23496e-08 0.999925 1.65877e-07
4.44631e+11 2.49129e-05 6.07533e-06 4.29695e-05 1.05322e-08 0.999926 1.71528e-07
4.48745e+11 2.40633e-05 1.15244e-05 3.05849e-05 8.54635e-09 0.999934 1.73333e-07
4.52898e+11 1.8884e-05 2.06467e-05 1.67784e-05 7.29132e-09 0.999944 1.68741e-07
4.57088e+11 1.20239e-05 2.88557e-05 9.39566e-06 7.27772e-09 0.99995 1.58784e-07
4.61318e+11 6.86243e-06 3.21473e-05 1.26166e-05 8.40479e-09 0.999948 1.47323e-07
4.65586e+11 5.90363e-06 2.90696e-05 2.4891e-05 1.00416e-08 0.99994 1.38881e-07
4.69894e+11 9.66832e-06 2.13237e-05 3.99923e-05 1.13478e-08 0.999929 1.36289e-07
4.74242e+11 1.65467e-05 1.28098e-05 5.04098e-05 1.1667e-08 0.99992 1.39362e-07
4.7863e+11 2.36013e-05 7.69242e-06 5.11835e-05 1.0809e-08 0.999917 1.45163e-07
4.83059e+11 2.78973e-05 8.45992e-06 4.22462e-05 9.1073e-09 0.999921 1.49574e-07
4.87528e+11 2.775e-05 1.48653e-05 2.82448e-05 7.24579e-09 0.999929 1.49321e-07
4.9204e+11 2.3373e-05 2.4156e-05 1.61222e-05 5.95006e-09 0.999936 1.43448e-07
4.96592e+11 1.6707e-05 3.23903e-05 1.17688e-05 5.68334e-09 0.999939 1.33621e-07
5.01187e+11 1.05627e-05 3.6186e-05 1.73609e-05 6.47241e-09 0.999936 1.23228e-07
5.05825e+11 7.47191e-06 3.4126e-05 3.05413e-05 7.92175e-09 0.999928 1.15789e-07
5.10505e+11 8.71848e-06 2.72593e-05 4.56604e-05 9.39353e-09 0.999918 1.13428e-07
5.15229e+11 1.39053e-05 1.8565e-05 5.63785e-05 1.02683e-08 0.999911 1.16052e-07
5.19996e+11 2.1178e-05 1.16753e-05 5.84024e-05 1.01794e-08 0.999909 1.21524e-07
5.24807e+11 2.79703e-05 9.4203e-06 5.11964e-05 9.13461e-09 0.999911 1.26653e-07
5.29663e+11 3.19603e-05 1.27731e-05 3.80364e-05 7.49188e-09 0.999917 1.28533e-07
5.34564e+11 3.18793e-05 2.05643e-05 2.45179e-05 5.80922e-09 0.999923 1.25668e-07
5.39511e+11 2.79047e-05 3.00128e-05 1.62333e-05 4.63575e-09 0.999926 1.18465e-07
5.44503e+11 2.15331e-05 3.78116e-05 1.65943e-05 4.32154e-09 0.999924 1.0896e-07
5.49541e+11 1.50206e-05 4.13353e-05 2.56245e-05 4.91026e-09 0.999918 9.99684e-08
5.54626e+11 1.06075e-05 3.95316e-05 4.01022e-05 6.14312e-09 0.99991 9.40085e-08
5.59758e+11 9.79835e-06 3.3212e-05 5.48931e-05 7.5625e-09 0.999902 9.24229e-08
5.64937e+11 1.29203e-05 2.46932e-05 6.48926e-05 8.67187e-09 0.999897 9.498e-08
5.70164e+11 1.90764e-05 1.69577e-05 6.68367e-05 9.09559e-09 0.999897 1.00052e-07
5.7544e+11 2.64752e-05 1.26519e-05 6.03552e-05 8.68829e-09 0.9999 1.05251e-07
5.80764e+11 3.30078e-05 1.32541e-05 4.79672e-05 7.56473e-09 0.999906 1.08267e-07
5.86138e+11 3.68802e-05 1.86646e-05 3.41035e-05 6.0489e-09 0.99991 1.07613e-07
5.91562e+11 3.7115e-05 2.73094e-05 2.35592e-05 4.56518e-09 0.999912 1.03043e-07
5.97035e+11 3.3788e-05 3.6685e-05 1.99268e-05 3.50915e-09 0.99991 9.55511e-08
6.0256e+11 2.79576e-05 4.41451e-05 2.45113e-05 3.13711e-09 0.999903 8.69843e-08
6.08135e+11 2.13303e-05 4.76775e-05 3.60298e-05 3.5037e-09 0.999895 7.94326e-08
6.13762e+11 1.57745e-05 4.64502e-05 5.11238e-05 4.46025e-09 0.999887 7.45959e-08
6.19441e+11 1.28237e-05 4.09882e-05 6.54634e-05 5.70814e-09 0.999881 7.33189e-08
6.25173e+11 1.32989e-05 3.2965e-05 7.50671e-05 6.88756e-09 0.999879 7.54076e-08
6.30957e+11 1.71363e-05 2.46956e-05 7.74359e-05 7.67476e-09 0.999881 7.97537e-08
6.36796e+11 2.34459e-05 1.84917e-05 7.21918e-05 7.86192e-09 0.999886 8.46986e-08
6.42688e+11 3.07678e-05 1.60612e-05 6.10818e-05 7.40101e-09 0.999892 8.85147e-08
6.48634e+11 3.74476e-05 1.81007e-05 4.74006e-05 6.40465e-09 0.999897 8.98643e-08
6.54636e+11 4.20321e-05 2.41706e-05 3.50334e-05 5.10786e-09 0.999899 8.8117e-08
6.60693e+11 4.35928e-05 3.2858e-05 2.74064e-05 3.8041e-09 0.999896 8.346e-08
6.66807e+11 4.1908e-05 4.2165e-05 2.66248e-05 2.77319e-09 0.999889 7.6794e-08
6.72977e+11 3.74766e-05 5.00103e-05 3.30039e-05 2.21869e-09 0.999879 6.94644e-08
6.79204e+11 3.13741e-05 5.47161e-05 4.50779e-05 2.22785e-09 0.999869 6.29081e-08
6.85488e+11 2.49947e-05 5.53702e-05 6.00433e-05 2.76086e-09 0.99986 5.83107e-08
6.91831e+11 1.97452e-05 5.1992e-05 7.44954e-05 3.66855e-09 0.999854 5.63522e-08
6.98232e+11 1.67566e-05 4.54811e-05 8.52559e-05 4.7318e-09 0.999852 5.70902e-08
7.04693e+11 1.66712e-05 3.73801e-05 9.00939e-05 5.71199e-09 0.999856 5.99925e-08
7.11214e+11 1.95415e-05 2.95162e-05 8.81823e-05 6.40098e-09 0.999863 6.40949e-08
7.17794e+11 2.48503e-05 2.36084e-05 8.02109e-05 6.66029e-09 0.999871 6.82386e-08
7.24436e+11 3.1638e-05 2.09239e-05 6.81607e-05 6.44311e-09 0.999879 7.13258e-08
7.31139e+11 3.87042e-05 2.20486e-05 5.4816e-05 5.79631e-09 0.999884 7.25397e-08
7.37904e+11 4.48382e-05 2.68073e-05 4.31411e-05 4.84462e-09 0.999885 7.14875e-08
7.44732e+11 4.90368e-05 3.43368e-05 3.56625e-05 3.76157e-09 0.999881 6.82457e-08
7.51623e+11 5.06683e-05 4.32838e-05 3.39821e-05 2.73427e-09 0.999872 6.33098e-08
7.58578e+11 4.95625e-05 5.208e-05 3.85081e-05 1.92898e-09 0.99986 5.7468e-08
7.65597e+11 4.60137e-05 5.92377e-05 4.84369e-05 1.46366e-09 0.999846 5.16328e-08
7.72681e+11 4.07081e-05 6.36094e-05 6.19688e-05 1.39146e-09 0.999834 4.66646e-08
7.7983e+11 3.45906e-05 6.45703e-05 7.66954e-05 1.69679e-09 0.999824 4.32217e-08
7.87046e+11 2.87006e-05 6.20966e-05 9.00718e-05 2.3034e-09 0.999819 4.1661e-08
7.94328e+11 2.40044e-05 5.67381e-05 9.98812e-05 3.09146e-09 0.999819 4.19995e-08
8.01678e+11 2.12508e-05 4.94968e-05 0.000104608 3.92019e-09 0.999825 4.39385e-08
8.09096e+11 2.08708e-05 4.16404e-05 0.000103661 4.65149e-09 0.999834 4.69381e-08
8.16582e+11 2.29309e-05 3.44877e-05 9.74286e-05 5.17096e-09 0.999845 5.03237e-08
8.24138e+11 2.71442e-05 2.92009e-05 8.71559e-05 5.40318e-09 0.999856 5.34048e-08
8.31764e+11 3.29301e-05 2.66166e-05 7.47002e-05 5.31966e-09 0.999866 5.55839e-08
8.3946e+11 3.95119e-05 2.71392e-05 6.21988e-05 4.93918e-09 0.999871 5.64407e-08
8.47227e+11 4.60334e-05 3.07048e-05 5.17185e-05 4.32118e-09 0.999871 5.5781e-08
8.55067e+11 5.16785e-05 3.68166e-05 4.4941e-05 3.5541e-09 0.999867 5.36467e-08
8.62979e+11 5.57757e-05 4.46389e-05 4.29301e-05 2.74086e-09 0.999857 5.02904e-08
8.70964e+11 5.78766e-05 5.31313e-05 4.60077e-05 1.98377e-09 0.999843 4.6122e-08
8.79023e+11 5.77999e-05 6.12019e-05 5.37476e-05 1.3711e-09 0.999827 4.16386e-08
8.87156e+11 5.56383e-05 6.7855e-05 6.50784e-05 9.66776e-10 0.999811 3.7349e-08
8.95365e+11 5.17317e-05 7.23158e-05 7.84683e-05 8.04364e-10 0.999797 3.37047e-08
9.03649e+11 4.66123e-05 7.41173e-05 9.21616e-05 8.85426e-10 0.999787 3.10448e-08
9.12011e+11 4.0931e-05 7.3141e-05 0.000104427 1.18209e-09 0.999781 2.95621e-08
9.2045e+11 3.53759e-05 6.96114e-05 0.000113785 1.64292e-09 0.999781 2.92908e-08
9.28966e+11 3.05924e-05 6.40498e-05 0.000119186 2.20103e-09 0.999786 3.01157e-08
9.37562e+11 2.7115e-05 5.71943e-05 0.000120115 2.78319e-09 0.999796 3.17993e-08
9.46237e+11 2.5315e-05 4.99021e-05 0.000116632 3.31866e-09 0.999808 3.40204e-08
9.54993e+11 2.53716e-05 4.30443e-05 0.000109325 3.74693e-09 0.999822 3.64193e-08
9.63829e+11 2.72641e-05 3.7408e-05 9.92141e-05 4.02339e-09 0.999836 3.86425e-08
9.72747e+11 3.07864e-05 3.36142e-05 8.76017e-05 4.12275e-09 0.999848 4.0382e-08
9.81748e+11 3.55782e-05 3.20615e-05 7.59097e-05 4.04e-09 0.999856 4.14056e-08
9.90832e+11 4.11703e-05 3.28965e-05 6.551e-05 3.78911e-09 0.99986 4.15754e-08
1e+12 4.70361e-05 3.60143e-05 5.75753e-05 3.39989e-09 0.999859 4.08543e-08
1.00925e+12 5.26451e-05 4.10835e-05 5.29635e-05 2.91363e-09 0.999853 3.93008e-08
1.01859e+12 5.7512e-05 4.75935e-05 5.21442e-05 2.37799e-09 0.999843 3.70546e-08
1.02802e+12 6.12387e-05 5.49147e-05 5.51731e-05 1.84186e-09 0.999829 3.43149e-08
1.03753e+12 6.35437e-05 6.23664e-05 6.17111e-05 1.35061e-09 0.999812 3.13159e-08
1.04713e+12 6.42803e-05 6.92835e-05 7.10814e-05 9.42214e-10 0.999795 2.83004e-08
1.05682e+12 6.34403e-05 7.50775e-05 8.23574e-05 6.44491e-10 0.999779 2.54958e-08
1.0666e+12 6.1146e-05 7.92842e-05 9.44674e-05 4.73528e-10 0.999765 2.30947e-08
1.07647e+12 5.76324e-05 8.15981e-05 0.000106305 4.33363e-10 0.999754 2.12397e-08
1.08643e+12 5.32206e-05 8.18884e-05 0.000116834 5.16756e-10 0.999748 2.00158e-08
1.09648e+12 4.82871e-05 8.01996e-05 0.000125181 7.06837e-10 0.999746 1.94475e-08
1.10662e+12 4.32306e-05 7.67369e-05 0.0001307 9.79414e-10 0.999749 1.95028e-08
1.11686e+12 3.84406e-05 7.18391e-05 0.000133019 1.30562e-09 0.999757 2.01005e-08
1.1272e+12 3.42682e-05 6.5943e-05 0.000132052 1.65466e-09 0.999768 2.11222e-08
1.13763e+12 3.10033e-05 5.95426e-05 0.00012799 1.9964e-09 0.999781 2.2425e-08
1.14815e+12 2.88568e-05 5.31471e-05 0.000121268 2.30364e-09 0.999797 2.38555e-08
1.15878e+12 2.79518e-05 4.72416e-05 0.000112513 2.5539e-09 0.999812 2.52628e-08
1.1695e+12 2.83199e-05 4.2252e-05 0.000102484 2.73059e-09 0.999827 2.65099e-08
1.18032e+12 2.99052e-05 3.85178e-05 9.2001e-05 2.82373e-09 0.99984 2.74831e-08
1.19124e+12 3.2574e-05 3.62735e-05 8.18808e-05 2.82997e-09 0.999849 2.8098e-08
1.20226e+12 3.61287e-05 3.56386e-05 7.28743e-05 2.75221e-09 0.999855 2.83028e-08
1.21339e+12 4.03241e-05 3.6617e-05 6.56159e-05 2.59884e-09 0.999857 2.80794e-08
1.22462e+12 4.48867e-05 3.91041e-05 6.05844e-05 2.38255e-09 0.999855 2.74409e-08
1.23595e+12 4.95333e-05 4.2901e-05 5.80791e-05 2.11916e-09 0.999849 2.64282e-08
1.24738e+12 5.39885e-05 4.77338e-05 5.82108e-05 1.82624e-09 0.99984 2.51041e-08
1.25893e+12 5.80012e-05 5.32754e-05 6.09062e-05 1.52181e-09 0.999828 2.35472e-08
1.27057e+12 6.13569e-05 5.91705e-05 6.5925e-05 1.22317e-09 0.999814 2.18453e-08
1.28233e+12 6.38884e-05 6.50583e-05 7.28865e-05 9.45908e-10 0.999798 2.00886e-08
1.2942e+12 6.54811e-05 7.05954e-05 8.13036e-05 7.03101e-10 0.999783 1.83639e-08
1.30617e+12 6.60766e-05 7.54746e-05 9.06207e-05 5.04802e-10 0.999768 1.67496e-08
1.31826e+12 6.56714e-05 7.94406e-05 0.000100252 3.57736e-10 0.999755 1.53115e-08
1.33045e+12 6.43138e-05 8.23005e-05 0.000109622 2.65249e-10 0.999744 1.41003e-08
1.34276e+12 6.20975e-05 8.39311e-05 0.000118194 2.27446e-10 0.999736 1.31502e-08
1.35519e+12 5.91541e-05 8.42804e-05 0.000125505 2.41511e-10 0.999731 1.2478e-08
1.36773e+12 5.56436e-05 8.33656e-05 0.000131182 3.02149e-10 0.99973 1.20845e-08
1.38038e+12 5.17446e-05 8.1268e-05 0.000134963 4.02121e-10 0.999732 1.19558e-08
1.39316e+12 4.76446e-05 7.81237e-05 0.000136698 5.32813e-10 0.999738 1.20652e-08
1.40605e+12 4.35304e-05 7.41134e-05 0.000136352 6.84814e-10 0.999746 1.23764e-08
1.41906e+12 3.95795e-05 6.94504e-05 0.000134001 8.48488e-10 0.999757 1.28461e-08
1.43219e+12 3.59526e-05 6.43675e-05 0.000129818 1.01445e-09 0.99977 1.34269e-08
1.44544e+12 3.27878e-05 5.91049e-05 0.000124058 1.17404e-09 0.999784 1.40701e-08
1.45881e+12 3.01958e-05 5.38982e-05 0.000117039 1.31962e-09 0.999799 1.47286e-08
1.47231e+12 2.82575e-05 4.89681e-05 0.000109125 1.44485e-09 0.999814 1.53585e-08
1.48594e+12 2.70224e-05 4.45112e-05 0.000100701 1.54487e-09 0.999828 1.59212e-08
1.49968e+12 2.65089e-05 4.06929e-05 9.21555e-05 1.61634e-09 0.999841 1.63848e-08
1.51356e+12 2.67055e-05 3.76428e-05 8.38623e-05 1.65744e-09 0.999852 1.67246e-08
1.52757e+12 2.7574e-05 3.54512e-05 7.61637e-05 1.66782e-09 0.999861 1.69237e-08
1.5417e+12 2.90523e-05 3.41686e-05 6.93578e-05 1.64843e-09 0.999867 1.69728e-08
1.55597e+12 3.10587e-05 3.38061e-05 6.36882e-05 1.60137e-09 0.999871 1.68701e-08
1.57036e+12 3.34966e-05 3.43376e-05 5.93377e-05 1.52967e-09 0.999873 1.66202e-08
1.58489e+12 3.62588e-05 3.57041e-05 5.64244e-05 1.43709e-09 0.999872 1.62336e-08
1.59956e+12 3.92324e-05 3.78179e-05 5.50015e-05 1.32787e-09 0.999868 1.57255e-08
1.61436e+12 4.2303e-05 4.05679e-05 5.50601e-05 1.20653e-09 0.999862 1.51149e-08
1.6293e+12 4.53594e-05 4.3826e-05 5.65336e-05 1.07764e-09 0.999854 1.44229e-08
1.64437e+12 4.82962e-05 4.74523e-05 5.93046e-05 9.45694e-10 0.999845 1.36724e-08
1.65959e+12 5.10178e-05 5.13017e-05 6.32129e-05 8.14883e-10 0.999834 1.28863e-08
1.67494e+12 5.34405e-05 5.5229e-05 6.8065e-05 6.89015e-10 0.999823 1.20872e-08
1.69044e+12 5.54944e-05 5.9094e-05 7.36434e-05 5.71402e-10 0.999812 1.12963e-08
1.70608e+12 5.71243e-05 6.27661e-05 7.97163e-05 4.648e-10 0.9998 1.05326e-08
1.72187e+12 5.82911e-05 6.61278e-05 8.60469e-05 3.71367e-10 0.99979 9.81288e-09
1.7378e+12 5.89709e-05 6.90775e-05 9.24024e-05 2.92645e-10 0.99978 9.15095e-09
1.75388e+12 5.91553e-05 7.1532e-05 9.85613e-05 2.29582e-10 0.999771 8.55767e-09
1.77011e+12 5.88501e-05 7.34275e-05 0.00010432 1.82558e-10 0.999763 8.04078e-09
1.78649e+12 5.80744e-05 7.47201e-05 0.0001095 1.51432e-10 0.999758 7.60505e-09
1.80302e+12 5.68588e-05 7.53859e-05 0.000113947 1.35601e-10 0.999754 7.25235e-09
1.8197e+12 5.52438e-05 7.542e-05 0.000117542 1.34065e-10 0.999752 6.98194e-09
1.83654e+12 5.3278e-05 7.48355e-05 0.000120194 1.45507e-10 0.999752 6.79077e-09
1.85353e+12 5.10162e-05 7.36616e-05 0.000121847 1.68358e-10 0.999753 6.67378e-09
1.87068e+12 4.85172e-05 7.19417e-05 0.000122475 2.00877e-10 0.999757 6.62429e-09
1.88799e+12 4.58426e-05 6.9731e-05 0.000122085 2.41214e-10 0.999762 6.63437e-09
1.90546e+12 4.30544e-05 6.70943e-05 0.000120708 2.87479e-10 0.999769 6.69521e-09
1.92309e+12 4.02137e-05 6.41033e-05 0.000118403 3.37799e-10 0.999777 6.79747e-09
1.94089e+12 3.73794e-05 6.08346e-05 0.00011525 3.9037e-10 0.999787 6.93159e-09
1.95884e+12 3.46067e-05 5.73671e-05 0.000111345 4.43496e-10 0.999797 7.0881e-09
1.97697e+12 3.19463e-05 5.37798e-05 0.000106799 4.95629e-10 0.999807 7.25788e-09
1.99526e+12 2.94433e-05 5.015e-05 0.000101731 5.45385e-10 0.999819 7.43235e-09
2.01372e+12 2.71369e-05 4.65513e-05 9.62695e-05 5.9157e-10 0.99983 7.60365e-09
2.03236e+12 2.50598e-05 4.30526e-05 9.05417e-05 6.33189e-10 0.999841 7.76479e-09
2.05116e+12 2.32381e-05 3.97163e-05 8.46751e-05 6.6945e-10 0.999852 7.90971e-09
2.07014e+12 2.16911e-05 3.65977e-05 7.8793e-05 6.99762e-10 0.999863 8.03335e-09
2.0893e+12 2.04315e-05 3.37442e-05 7.30118e-05 7.23725e-10 0.999873 8.13169e-09
2.10863e+12 1.94656e-05 3.11949e-05 6.74387e-05 7.41122e-10 0.999882 8.20169e-09
2.12814e+12 1.87939e-05 2.89802e-05 6.21701e-05 7.51904e-10 0.99989 8.2413e-09
2.14783e+12 1.84111e-05 2.71221e-05 5.72903e-05 7.56176e-10 0.999897 8.24938e-09
2.1677e+12 1.83069e-05 2.56341e-05 5.28703e-05 7.54171e-10 0.999903 8.22566e-09
2.18776e+12 1.84668e-05 2.45219e-05 4.89672e-05 7.46235e-10 0.999908 8.17059e-09
2.208e+12 1.88723e-05 2.37836e-05 4.56245e-05 7.32812e-10 0.999912 8.08531e-09
2.22844e+12 1.95018e-05 2.34104e-05 4.28718e-05 7.14415e-10 0.999914 7.97155e-09
2.24905e+12 2.03312e-05 2.33874e-05 4.07253e-05 6.91611e-10 0.999916 7.83146e-09
2.26986e+12 2.13344e-05 2.36943e-05 3.91886e-05 6.65005e-10 0.999916 7.6676e-09
2.29087e+12 2.24841e-05 2.43061e-05 3.82537e-05 6.35223e-10 0.999915 7.48278e-09
2.31206e+12 2.37523e-05 2.51942e-05 3.79017e-05 6.02894e-10 0.999913 7.28002e-09
2.33346e+12 2.51108e-05 2.6327e-05 3.81045e-05 5.68639e-10 0.99991 7.06243e-09
2.35505e+12 2.65318e-05 2.76705e-05 3.88256e-05 5.33059e-10 0.999907 6.83313e-09
2.37684e+12 2.7988e-05 2.91897e-05 4.00218e-05 4.96728e-10 0.999903 6.59523e-09
2.39883e+12 2.94535e-05 3.08485e-05 4.16442e-05 4.60178e-10 0.999898 6.35172e-09
2.42103e+12 3.09038e-05 3.26112e-05 4.36397e-05 4.23901e-10 0.999893 6.10545e-09
2.44343e+12 3.2316e-05 3.44423e-05 4.59524e-05 3.88341e-10 0.999887 5.85908e-09
2.46604e+12 3.36692e-05 3.63077e-05 4.85244e-05 3.53889e-10 0.999881 5.61506e-09
2.48886e+12 3.49446e-05 3.81747e-05 5.12975e-05 3.20887e-10 0.999876 5.3756e-09
2.51189e+12 3.61258e-05 4.00126e-05 5.42135e-05 2.89619e-10 0.99987 5.14266e-09
2.53513e+12 3.71983e-05 4.17932e-05 5.7216e-05 2.60322e-10 0.999864 4.91792e-09
2.55859e+12 3.81503e-05 4.34906e-05 6.02504e-05 2.33177e-10 0.999858 4.70281e-09
2.58226e+12 3.8972e-05 4.50817e-05 6.32651e-05 2.08323e-10 0.999853 4.4985e-09
2.60615e+12 3.96561e-05 4.65464e-05 6.62119e-05 1.85846e-10 0.999848 4.30589e-09
2.63027e+12 4.01973e-05 4.78672e-05 6.90467e-05 1.65796e-10 0.999843 4.12566e-09
2.65461e+12 4.05924e-05 4.903e-05 7.17295e-05 1.48183e-10 0.999839 3.95825e-09
2.67917e+12 4.08402e-05 5.00233e-05 7.42248e-05 1.3298e-10 0.999835 3.80388e-09
2.70396e+12 4.09414e-05 5.08385e-05 7.65019e-05 1.20133e-10 0.999832 3.6626e-09
2.72898e+12 4.0898e-05 5.14698e-05 7.85349e-05 1.09562e-10 0.999829 3.53427e-09
2.75423e+12 4.07141e-05 5.1914e-05 8.03027e-05 1.01162e-10 0.999827 3.4186e-09
2.77971e+12 4.03945e-05 5.21702e-05 8.17888e-05 9.48112e-11 0.999826 3.31519e-09
2.80543e+12 3.99457e-05 5.224e-05 8.29812e-05 9.03748e-11 0.999825 3.22351e-09
2.83139e+12 3.9375e-05 5.21268e-05 8.38724e-05 8.77041e-11 0.999825 3.14292e-09
2.85759e+12 3.86903e-05 5.1836e-05 8.44588e-05 8.66426e-11 0.999825 3.07275e-09
2.88403e+12 3.79007e-05 5.13747e-05 8.4741e-05 8.70322e-11 0.999826 3.01225e-09
2.91072e+12 3.70153e-05 5.07513e-05 8.47226e-05 8.8711e-11 0.999828 2.96062e-09
2.93765e+12 3.60441e-05 4.99755e-05 8.44109e-05 9.1517e-11 0.99983 2.91707e-09
2.96483e+12 3.49969e-05 4.90579e-05 8.38158e-05 9.52933e-11 0.999832 2.88077e-09
2.99226e+12 3.38838e-05 4.801e-05 8.29497e-05 9.98838e-11 0.999835 2.8509e-09
3.01995e+12 3.27151e-05 4.6844e-05 8.18272e-05 1.05141e-10 0.999839 2.82666e-09
3.04789e+12 3.15006e-05 4.55724e-05 8.04648e-05 1.10922e-10 0.999842 2.80726e-09
3.0761e+12 3.02503e-05 4.4208e-05 7.88805e-05 1.17092e-10 0.999847 2.79195e-09
3.10456e+12 2.89738e-05 4.27637e-05 7.70934e-05 1.23528e-10 0.999851 2.78002e-09
3.13329e+12 2.76802e-05 4.12525e-05 7.51234e-05 1.30114e-10 0.999856 2.77077e-09
3.16228e+12 2.63783e-05 3.9687e-05 7.29911e-05 1.36748e-10 0.999861 2.76358e-09
3.19154e+12 2.50766e-05 3.80798e-05 7.07176e-05 1.43333e-10 0.999866 2.75786e-09
3.22107e+12 2.37828e-05 3.64428e-05 6.83236e-05 1.49783e-10 0.999871 2.75308e-09
3.25087e+12 2.25043e-05 3.47877e-05 6.58302e-05 1.56023e-10 0.999877 2.74874e-09
3.28095e+12 2.12478e-05 3.31255e-05 6.32576e-05 1.61989e-10 0.999882 2.74441e-09
3.31131e+12 2.00196e-05 3.14667e-05 6.0626e-05 1.67624e-10 0.999888 2.7397e-09
3.34195e+12 1.88252e-05 2.98212e-05 5.79545e-05 1.72881e-10 0.999893 2.73428e-09
3.37287e+12 1.76697e-05 2.8198e-05 5.52616e-05 1.7772e-10 0.999899 2.72784e-09
3.40408e+12 1.65576e-05 2.66056e-05 5.25649e-05 1.82113e-10 0.999904 2.72016e-09
3.43558e+12 1.54927e-05 2.50515e-05 4.98808e-05 1.86038e-10 0.99991 2.71101e-09
3.46737e+12 1.44783e-05 2.35428e-05 4.72249e-05 1.89476e-10 0.999915 2.70025e-09
3.49945e+12 1.35172e-05 2.20856e-05 4.46114e-05 1.9242e-10 0.99992 2.68774e-09
3.53183e+12 1.26116e-05 2.06853e-05 4.20533e-05 1.94865e-10 0.999925 2.67339e-09
3.56451e+12 1.17634e-05 1.93467e-05 3.95627e-05 1.96813e-10 0.999929 2.65715e-09
3.59749e+12 1.09737e-05 1.80738e-05 3.71502e-05 1.98268e-10 0.999934 2.63898e-09
3.63078e+12 1.02436e-05 1.68698e-05 3.48252e-05 1.99241e-10 0.999938 2.61888e-09
3.66438e+12 9.57327e-06 1.57376e-05 3.25962e-05 1.99749e-10 0.999942 2.59688e-09
3.69828e+12 8.96287e-06 1.4679e-05 3.04703e-05 1.99803e-10 0.999946 2.573e-09
3.7325e+12 8.41208e-06 1.36957e-05 2.84534e-05 1.99425e-10 0.999949 2.54731e-09
3.76704e+12 7.92024e-06 1.27884e-05 2.65506e-05 1.98635e-10 0.999953 2.51987e-09
3.80189e+12 7.48642e-06 1.19575e-05 2.47656e-05 1.97456e-10 0.999956 2.49078e-09
3.83707e+12 7.10941e-06 1.12031e-05 2.31014e-05 1.95912e-10 0.999959 2.46013e-09
3.87258e+12 6.78777e-06 1.05245e-05 2.156e-05 1.94027e-10 0.999961 2.42801e-09
3.90841e+12 6.51983e-06 9.92071e-06 2.01423e-05 1.91827e-10 0.999963 2.39455e-09
3.94457e+12 6.30377e-06 9.39052e-06 1.88488e-05 1.8934e-10 0.999965 2.35986e-09
3.98107e+12 6.13759e-06 8.93227e-06 1.76789e-05 1.86587e-10 0.999967 2.32405e-09
4.01791e+12 6.01916e-06 8.544e-06 1.66314e-05 1.83596e-10 0.999969 2.28725e-09
4.05509e+12 5.94625e-06 8.22355e-06 1.57045e-05 1.80392e-10 0.99997 2.24956e-09
4.09261e+12 5.91654e-06 7.96849e-06 1.4896e-05 1.77001e-10 0.999971 2.21112e-09
4.13048e+12 5.92765e-06 7.77622e-06 1.42028e-05 1.73444e-10 0.999972 2.17203e-09
4.16869e+12 5.97713e-06 7.64398e-06 1.36216e-05 1.69747e-10 0.999973 2.13242e-09
4.20727e+12 6.06252e-06 7.56889e-06 1.31488e-05 1.6593e-10 0.999973 2.0924e-09
4.2462e+12 6.18136e-06 7.54795e-06 1.27803e-05 1.62012e-10 0.999973 2.05206e-09
4.28549e+12 6.33116e-06 7.5781e-06 1.25118e-05 1.58018e-10 0.999974 2.01152e-09
4.32514e+12 6.50947e-06 7.65622e-06 1.23386e-05 1.53962e-10 0.999973 1.97087e-09
4.36516e+12 6.71387e-06 7.77915e-06 1.22561e-05 1.49865e-10 0.999973 1.93021e-09
4.40555e+12 6.94196e-06 7.94373e-06 1.22592e-05 1.45744e-10 0.999973 1.88961e-09
4.44631e+12 7.19141e-06 8.14683e-06 1.2343e-05 1.41611e-10 0.999972 1.84916e-09
4.48745e+12 7.45993e-06 8.38531e-06 1.25024e-05 1.37482e-10 0.999972 1.80895e-09
4.52898e+12 7.74531e-06 8.65609e-06 1.27322e-05 1.33371e-10 0.999971 1.76903e-09
4.57088e+12 8.04539e-06 8.95614e-06 1.30274e-05 1.29288e-10 0.99997 1.72947e-09
4.61318e+12 8.35812e-06 9.28251e-06 1.33829e-05 1.25245e-10 0.999969 1.69033e-09
4.65586e+12 8.6815e-06 9.63229e-06 1.37935e-05 1.21251e-10 0.999968 1.65167e-09
4.69894e+12 9.01362e-06 1.00027e-05 1.42544e-05 1.17314e-10 0.999967 1.61352e-09
4.74242e+12 9.35268e-06 1.0391e-05 1.47607e-05 1.13444e-10 0.999965 1.57594e-09
4.7863e+12 9.69694e-06 1.07946e-05 1.53076e-05 1.09647e-10 0.999964 1.53896e-09
4.83059e+12 1.00448e-05 1.12111e-05 1.58904e-05 1.05929e-10 0.999963 1.50262e-09
4.87528e+12 1.03946e-05 1.16379e-05 1.65048e-05 1.02295e-10 0.999961 1.46694e-09
4.9204e+12 1.0745e-05 1.20729e-05 1.71463e-05 9.87467e-11 0.99996 1.43195e-09
4.96592e+12 1.10946e-05 1.25138e-05 1.78109e-05 9.52901e-11 0.999959 1.39766e-09
5.01187e+12 1.14422e-05 1.29586e-05 1.84946e-05 9.19294e-11 0.999957 1.3641e-09
5.05825e+12 1.17864e-05 1.34054e-05 1.91934e-05 8.86651e-11 0.999956 1.33128e-09
5.10505e+12 1.21263e-05 1.38524e-05 1.99039e-05 8.54987e-11 0.999954 1.2992e-09
5.15229e+12 1.24609e-05 1.42978e-05 2.06225e-05 8.24324e-11 0.999953 1.26787e-09
5.19996e+12 1.27891e-05 1.474e-05 2.13461e-05 7.94647e-11 0.999951 1.2373e-09
5.24807e+12 1.31101e-05 1.51776e-05 2.20716e-05 7.65993e-11 0.99995 1.20748e-09
5.29663e+12 1.34233e-05 1.56093e-05 2.27961e-05 7.38327e-11 0.999948 1.17842e-09
5.34564e+12 1.37278e-05 1.60337e-05 2.35168e-05 7.1165e-11 0.999947 1.1501e-09
5.39511e+12 1.4023e-05 1.64497e-05 2.42314e-05 6.85962e-11 0.999945 1.12254e-09
5.44503e+12 1.43085e-05 1.68562e-05 2.49375e-05 6.61242e-11 0.999944 1.09571e-09
5.49541e+12 1.45837e-05 1.72523e-05 2.5633e-05 6.37465e-11 0.999943 1.06961e-09
5.54626e+12 1.48481e-05 1.76371e-05 2.63159e-05 6.1463e-11 0.999941 1.04423e-09
5.59758e+12 1.51014e-05 1.80099e-05 2.69843e-05 5.92737e-11 0.99994 1.01956e-09
5.64937e+12 1.53434e-05 1.837e-05 2.76367e-05 5.7174e-11 0.999939 9.95581e-10
5.70164e+12 1.55737e-05 1.87168e-05 2.82716e-05 5.516e-11 0.999937 9.72284e-10
5.7544e+12 1.57921e-05 1.90497e-05 2.88876e-05 5.32325e-11 0.999936 9.49653e-10
5.80764e+12 1.59985e-05 1.93683e-05 2.94836e-05 5.13884e-11 0.999935 9.27676e-10
5.86138e+12 1.61928e-05 1.96723e-05 3.00584e-05 4.96241e-11 0.999934 9.06334e-10
5.91562e+12 1.63749e-05 1.99613e-05 3.06113e-05 4.79391e-11 0.999933 8.85613e-10
5.97035e+12 1.65448e-05 2.02352e-05 3.11414e-05 4.63268e-11 0.999932 8.65499e-10
6.0256e+12 1.67024e-05 2.04936e-05 3.1648e-05 4.47899e-11 0.999931 8.45971e-10
6.08135e+12 1.68479e-05 2.07365e-05 3.21307e-05 4.33205e-11 0.99993 8.27015e-10
6.13762e+12 1.69812e-05 2.09639e-05 3.25888e-05 4.19183e-11 0.999929 8.08616e-10
6.19441e+12 1.71026e-05 2.11756e-05 3.30222e-05 4.05828e-11 0.999929 7.90755e-10
6.25173e+12 1.72121e-05 2.13718e-05 3.34305e-05 3.93093e-11 0.999928 7.73414e-10
6.30957e+12 1.73098e-05 2.15525e-05 3.38136e-05 3.8094e-11 0.999927 7.56583e-10
6.36796e+12 1.7396e-05 2.17177e-05 3.41714e-05 3.69359e-11 0.999927 7.4024e-10
6.42688e+12 1.74708e-05 2.18677e-05 3.45039e-05 3.58329e-11 0.999926 7.24371e-10
6.48634e+12 1.75344e-05 2.20026e-05 3.48111e-05 3.4781e-11 0.999926 7.08961e-10
6.54636e+12 1.75871e-05 2.21226e-05 3.50932e-05 3.37803e-11 0.999925 6.93994e-10
6.60693e+12 1.76291e-05 2.22278e-05 3.53504e-05 3.28261e-11 0.999925 6.79453e-10
6.66807e+12 1.76607e-05 2.23187e-05 3.5583e-05 3.19163e-11 0.999924 6.65327e-10
6.72977e+12 1.7682e-05 2.23954e-05 3.57911e-05 3.10497e-11 0.999924 6.51598e-10
6.79204e+12 1.76935e-05 2.24582e-05 3.59753e-05 3.02249e-11 0.999924 6.38255e-10
6.85488e+12 1.76953e-05 2.25075e-05 3.61357e-05 2.94377e-11 0.999924 6.25282e-10
6.91831e+12 1.76877e-05 2.25436e-05 3.6273e-05 2.86885e-11 0.999923 6.12666e-10
6.98232e+12 1.76711e-05 2.25668e-05 3.63875e-05 2.79728e-11 0.999923 6.00396e-10
7.04693e+12 1.76457e-05 2.25774e-05 3.64797e-05 2.72902e-11 0.999923 5.88459e-10
7.11214e+12 1.76118e-05 2.25758e-05 3.65502e-05 2.66381e-11 0.999923 5.76839e-10
7.17794e+12 1.75697e-05 2.25625e-05 3.65995e-05 2.60179e-11 0.999923 5.65529e-10
7.24436e+12 1.75198e-05 2.25376e-05 3.6628e-05 2.54246e-11 0.999923 5.54518e-10
7.31139e+12 1.74623e-05 2.25017e-05 3.66365e-05 2.48583e-11 0.999923 5.43791e-10
7.37904e+12 1.73975e-05 2.24551e-05 3.66255e-05 2.43174e-11 0.999924 5.33339e-10
7.44732e+12 1.73257e-05 2.23982e-05 3.65955e-05 2.37983e-11 0.999924 5.23155e-10
7.51623e+12 1.72473e-05 2.23314e-05 3.65472e-05 2.33013e-11 0.999924 5.13226e-10
7.58578e+12 1.71624e-05 2.2255e-05 3.64813e-05 2.2828e-11 0.999924 5.03544e-10
7.65597e+12 1.70715e-05 2.21695e-05 3.63982e-05 2.23722e-11 0.999924 4.94102e-10
7.72681e+12 1.69747e-05 2.20751e-05 3.62987e-05 2.19339e-11 0.999925 4.84888e-10
7.7983e+12 1.68724e-05 2.19724e-05 3.61834e-05 2.15145e-11 0.999925 4.75894e-10
7.87046e+12 1.67648e-05 2.18616e-05 3.60528e-05 2.11129e-11 0.999925 4.67114e-10
7.94328e+12 1.66523e-05 2.17431e-05 3.59076e-05 2.07251e-11 0.999926 4.58538e-10
8.01678e+12 1.6535e-05 2.16174e-05 3.57485e-05 2.03532e-11 0.999926 4.50163e-10
8.09096e+12 1.64133e-05 2.14846e-05 3.55759e-05 1.99937e-11 0.999927 4.41977e-10
8.16582e+12 1.62874e-05 2.13453e-05 3.53906e-05 1.96458e-11 0.999927 4.33978e-10
8.24138e+12 1.61575e-05 2.11998e-05 3.51931e-05 1.93117e-11 0.999927 4.26158e-10
8.31764e+12 1.6024e-05 2.10483e-05 3.4984e-05 1.89881e-11 0.999928 4.18508e-10
8.3946e+12 1.58869e-05 2.08912e-05 3.47638e-05 1.86762e-11 0.999928 4.11026e-10
8.47227e+12 1.57467e-05 2.07289e-05 3.45333e-05 1.83737e-11 0.999929 4.03706e-10
8.55067e+12 1.56034e-05 2.05617e-05 3.42928e-05 1.80824e-11 0.99993 3.9654e-10
8.62979e+12 1.54573e-05 2.03898e-05 3.40429e-05 1.77974e-11 0.99993 3.89524e-10
8.70964e+12 1.53087e-05 2.02137e-05 3.37843e-05 1.75218e-11 0.999931 3.82654e-10
8.79023e+12 1.51577e-05 2.00334e-05 3.35173e-05 1.72524e-11 0.999931 3.75927e-10
8.87156e+12 1.50046e-05 1.98495e-05 3.32426e-05 1.6992e-11 0.999932 3.69337e-10
8.95365e+12 1.48494e-05 1.9662e-05 3.29606e-05 1.67386e-11 0.999933 3.62879e-10
9.03649e+12 1.46925e-05 1.94714e-05 3.26718e-05 1.64902e-11 0.999933 3.56551e-10
9.12011e+12 1.4534e-05 1.92778e-05 3.23766e-05 1.62492e-11 0.999934 3.50345e-10
9.2045e+12 1.4374e-05 1.90816e-05 3.20755e-05 1.60125e-11 0.999934 3.44263e-10
9.28966e+12 1.42128e-05 1.88829e-05 3.17691e-05 1.57819e-11 0.999935 3.38298e-10
9.37562e+12 1.40504e-05 1.8682e-05 3.14576e-05 1.55559e-11 0.999936 3.32445e-10
9.46237e+12 1.38871e-05 1.84791e-05 3.11415e-05 1.53344e-11 0.999936 3.26706e-10
9.54993e+12 1.37231e-05 1.82744e-05 3.08213e-05 1.51198e-11 0.999937 3.21073e-10
9.63829e+12 1.35583e-05 1.80683e-05 3.04972e-05 1.49074e-11 0.999938 3.15546e-10
9.72747e+12 1.33931e-05 1.78607e-05 3.01698e-05 1.46981e-11 0.999939 3.10121e-10
9.81748e+12 1.32274e-05 1.76521e-05 2.98393e-05 1.4494e-11 0.999939 3.04796e-10
9.90832e+12 1.30616e-05 1.74424e-05 2.95061e-05 1.42925e-11 0.99994 2.99567e-10
1e+13 1.28955e-05 1.7232e-05 2.91705e-05 1.4097e-11 0.999941 2.94432e-10
1.00925e+13 1.27295e-05 1.7021e-05 2.88329e-05 1.39026e-11 0.999941 2.89393e-10
1.01859e+13 1.25635e-05 1.68095e-05 2.84936e-05 1.37114e-11 0.999942 2.84441e-10
1.02802e+13 1.23977e-05 1.65978e-05 2.81528e-05 1.3523e-11 0.999943 2.79579e-10
1.03753e+13 1.22322e-05 1.63859e-05 2.78109e-05 1.33372e-11 0.999944 2.74801e-10
1.04713e+13 1.20671e-05 1.61741e-05 2.74682e-05 1.31553e-11 0.999944 2.70107e-10
1.05682e+13 1.19025e-05 1.59624e-05 2.71248e-05 1.2974e-11 0.999945 2.65495e-10
1.0666e+13 1.17385e-05 1.57509e-05 2.67811e-05 1.27952e-11 0.999946 2.60964e-10
1.07647e+13 1.1575e-05 1.55399e-05 2.64373e-05 1.26205e-11 0.999946 2.5651e-10
1.08643e+13 1.14124e-05 1.53295e-05 2.60936e-05 1.24484e-11 0.999947 2.52133e-10
1.09648e+13 1.12505e-05 1.51197e-05 2.57503e-05 1.22771e-11 0.999948 2.47831e-10
1.10662e+13 1.10894e-05 1.49106e-05 2.54075e-05 1.21092e-11 0.999949 2.43602e-10
1.11686e+13 1.09293e-05 1.47024e-05 2.50655e-05 1.19412e-11 0.999949 2.39446e-10
1.1272e+13 1.07702e-05 1.44951e-05 2.47244e-05 1.17773e-11 0.99995 2.3536e-10
1.13763e+13 1.06122e-05 1.42889e-05 2.43844e-05 1.16139e-11 0.999951 2.31342e-10
1.14815e+13 1.04552e-05 1.40838e-05 2.40458e-05 1.1454e-11 0.999951 2.27393e-10
1.15878e+13 1.02994e-05 1.38799e-05 2.37086e-05 1.12941e-11 0.999952 2.2351e-10
1.1695e+13 1.01448e-05 1.36773e-05 2.3373e-05 1.11379e-11 0.999953 2.19693e-10
1.18032e+13 9.9914e-06 1.34761e-05 2.30392e-05 1.09814e-11 0.999953 2.1594e-10
1.19124e+13 9.83931e-06 1.32763e-05 2.27072e-05 1.08265e-11 0.999954 2.12249e-10
1.20226e+13 9.68854e-06 1.3078e-05 2.23773e-05 1.06742e-11 0.999955 2.08619e-10
1.21339e+13 9.53913e-06 1.28812e-05 2.20495e-05 1.05236e-11 0.999956 2.05049e-10
1.22462e+13 9.39111e-06 1.2686e-05 2.1724e-05 1.03745e-11 0.999956 2.0154e-10
1.23595e+13 9.24451e-06 1.24925e-05 2.14008e-05 1.02274e-11 0.999957 1.98089e-10
1.24738e+13 9.09936e-06 1.23007e-05 2.10801e-05 1.00816e-11 0.999958 1.94693e-10
1.25893e+13 8.95567e-06 1.21106e-05 2.0762e-05 9.9387e-12 0.999958 1.91354e-10
1.27057e+13 8.81348e-06 1.19223e-05 2.04464e-05 9.79758e-12 0.999959 1.88071e-10
1.28233e+13 8.67281e-06 1.17359e-05 2.01336e-05 9.65674e-12 0.999959 1.8484e-10
1.2942e+13 8.53366e-06 1.15513e-05 1.98236e-05 9.51657e-12 0.99996 1.81666e-10
1.30617e+13 8.39607e-06 1.13685e-05 1.95165e-05 9.37778e-12 0.999961 1.78544e-10
1.31826e+13 8.26003e-06 1.11877e-05 1.92122e-05 9.24187e-12 0.999961 1.75472e-10
1.33045e+13 8.12557e-06 1.10088e-05 1.8911e-05 9.10656e-12 0.999962 1.72452e-10
1.34276e+13 7.9927e-06 1.08319e-05 1.86128e-05 8.9723e-12 0.999963 1.69481e-10
1.35519e+13 7.86142e-06 1.0657e-05 1.83176e-05 8.841e-12 0.999963 1.66557e-10
1.36773e+13 7.73174e-06 1.04841e-05 1.80256e-05 8.7103e-12 0.999964 1.63684e-10
1.38038e+13 7.60367e-06 1.03132e-05 1.77368e-05 8.58008e-12 0.999964 1.6086e-10
1.39316e+13 7.47721e-06 1.01443e-05 1.74511e-05 8.45137e-12 0.999965 1.58079e-10
1.40605e+13 7.35237e-06 9.97743e-06 1.71687e-05 8.32544e-12 0.999966 1.55345e-10
1.41906e+13 7.22914e-06 9.81263e-06 1.68895e-05 8.20032e-12 0.999966 1.52658e-10
1.43219e+13 7.10753e-06 9.64988e-06 1.66137e-05 8.07684e-12 0.999967 1.50014e-10
1.44544e+13 6.98753e-06 9.48919e-06 1.63411e-05 7.95674e-12 0.999967 1.47414e-10
1.45881e+13 6.86915e-06 9.33055e-06 1.60718e-05 7.83389e-12 0.999968 1.44859e-10
1.47231e+13 6.75238e-06 9.17398e-06 1.58058e-05 7.71649e-12 0.999968 1.42343e-10
1.48594e+13 6.63722e-06 9.01948e-06 1.55432e-05 7.59948e-12 0.999969 1.39871e-10
1.49968e+13 6.52366e-06 8.86703e-06 1.52839e-05 7.48433e-12 0.999969 1.37438e-10
1.51356e+13 6.41169e-06 8.71665e-06 1.5028e-05 7.36787e-12 0.99997 1.35046e-10
1.52757e+13 6.30132e-06 8.56831e-06 1.47754e-05 7.25412e-12 0.99997 1.32696e-10
1.5417e+13 6.19252e-06 8.42203e-06 1.45262e-05 7.14111e-12 0.999971 1.30383e-10
1.55597e+13 6.08531e-06 8.27779e-06 1.42803e-05 7.03076e-12 0.999971 1.28109e-10
1.57036e+13 5.97965e-06 8.13558e-06 1.40377e-05 6.92019e-12 0.999972 1.25875e-10
1.58489e+13 5.87555e-06 7.99539e-06 1.37985e-05 6.81125e-12 0.999972 1.23678e-10
1.59956e+13 5.773e-06 7.85723e-06 1.35626e-05 6.70531e-12 0.999973 1.21516e-10
1.61436e+13 5.67198e-06 7.72106e-06 1.333e-05 6.60057e-12 0.999973 1.19389e-10
1.6293e+13 5.57248e-06 7.58689e-06 1.31007e-05 6.49752e-12 0.999974 1.17301e-10
1.64437e+13 5.4745e-06 7.4547e-06 1.28747e-05 6.39459e-12 0.999974 1.15244e-10
1.65959e+13 5.37801e-06 7.32448e-06 1.26519e-05 6.29134e-12 0.999975 1.13225e-10
1.67494e+13 5.28301e-06 7.19621e-06 1.24324e-05 6.19003e-12 0.999975 1.11238e-10
1.69044e+13 5.18948e-06 7.06988e-06 1.22161e-05 6.09425e-12 0.999976 1.09284e-10
1.70608e+13 5.09742e-06 6.94547e-06 1.2003e-05 5.99608e-12 0.999976 1.07365e-10
1.72187e+13 5.0068e-06 6.82297e-06 1.17931e-05 5.90163e-12 0.999976 1.05478e-10
1.7378e+13 4.91761e-06 6.70236e-06 1.15863e-05 5.80517e-12 0.999977 1.03623e-10
1.75388e+13 4.82983e-06 6.58362e-06 1.13827e-05 5.71158e-12 0.999977 1.01798e-10
1.77011e+13 4.74346e-06 6.46674e-06 1.11822e-05 5.61991e-12 0.999978 1.00004e-10
1.78649e+13 4.65848e-06 6.3517e-06 1.09848e-05 5.52852e-12 0.999978 9.8241e-11
1.80302e+13 4.57487e-06 6.23848e-06 1.07904e-05 5.43687e-12 0.999978 9.65098e-11
1.8197e+13 4.49262e-06 6.12707e-06 1.05991e-05 5.34924e-12 0.999979 9.48068e-11
1.83654e+13 4.41171e-06 6.01743e-06 1.04107e-05 5.26106e-12 0.999979 9.31317e-11
1.85353e+13 4.33213e-06 5.90957e-06 1.02254e-05 5.17444e-12 0.99998 9.14858e-11
1.87068e+13 4.25385e-06 5.80344e-06 1.0043e-05 5.08887e-12 0.99998 8.98669e-11
1.88799e+13 4.17687e-06 5.69904e-06 9.86344e-06 5.00645e-12 0.99998 8.8277e-11
1.90546e+13 4.10118e-06 5.59635e-06 9.68681e-06 4.92325e-12 0.999981 8.6715e-11
1.92309e+13 4.02674e-06 5.49535e-06 9.51303e-06 4.84306e-12 0.999981 8.51769e-11
1.94089e+13 3.95355e-06 5.39601e-06 9.34206e-06 4.76257e-12 0.999981 8.36664e-11
1.95884e+13 3.88159e-06 5.29831e-06 9.17388e-06 4.68355e-12 0.999982 8.2184e-11
1.97697e+13 3.81085e-06 5.20224e-06 9.00846e-06 4.60547e-12 0.999982 8.0723e-11
1.99526e+13 3.74131e-06 5.10778e-06 8.84576e-06 4.52807e-12 0.999982 7.92893e-11
2.01372e+13 3.67295e-06 5.0149e-06 8.68574e-06 4.45233e-12 0.999983 7.78808e-11
2.03236e+13 3.60575e-06 4.92359e-06 8.52838e-06 4.37764e-12 0.999983 7.64974e-11
2.05116e+13 3.53971e-06 4.83382e-06 8.37365e-06 4.30463e-12 0.999983 7.51352e-11
2.07014e+13 3.4748e-06 4.74557e-06 8.2215e-06 4.23275e-12 0.999984 7.37992e-11
2.0893e+13 3.41101e-06 4.65883e-06 8.07191e-06 4.16216e-12 0.999984 7.24847e-11
2.10863e+13 3.34833e-06 4.57356e-06 7.92485e-06 4.08971e-12 0.999984 7.11944e-11
2.12814e+13 3.28673e-06 4.48976e-06 7.78027e-06 4.02078e-12 0.999984 6.99247e-11
2.14783e+13 3.2262e-06 4.4074e-06 7.63816e-06 3.95355e-12 0.999985 6.86772e-11
2.1677e+13 3.16673e-06 4.32647e-06 7.49846e-06 3.88774e-12 0.999985 6.74505e-11
2.18776e+13 3.1083e-06 4.24693e-06 7.36116e-06 3.82189e-12 0.999985 6.62448e-11
2.208e+13 3.05089e-06 4.16877e-06 7.22622e-06 3.7557e-12 0.999986 6.50652e-11
2.22844e+13 2.99449e-06 4.09198e-06 7.09359e-06 3.69256e-12 0.999986 6.39002e-11
2.24905e+13 2.93909e-06 4.01652e-06 6.96327e-06 3.62833e-12 0.999986 6.27589e-11
2.26986e+13 2.88467e-06 3.94239e-06 6.83519e-06 3.5671e-12 0.999986 6.16371e-11
2.29087e+13 2.83121e-06 3.86956e-06 6.70935e-06 3.50558e-12 0.999987 6.05321e-11
2.31206e+13 2.7787e-06 3.79801e-06 6.5857e-06 3.44621e-12 0.999987 5.94501e-11
2.33346e+13 2.72712e-06 3.72772e-06 6.46421e-06 3.38472e-12 0.999987 5.8386e-11
2.35505e+13 2.67647e-06 3.65867e-06 6.34485e-06 3.3276e-12 0.999987 5.73396e-11
2.37684e+13 2.62671e-06 3.59085e-06 6.22759e-06 3.27001e-12 0.999988 5.63101e-11
2.39883e+13 2.57785e-06 3.52424e-06 6.11239e-06 3.21349e-12 0.999988 5.53013e-11
2.42103e+13 2.52987e-06 3.45881e-06 5.99923e-06 3.15688e-12 0.999988 5.431e-11
2.44343e+13 2.48275e-06 3.39454e-06 5.88807e-06 3.10225e-12 0.999988 5.33354e-11
2.46604e+13 2.43648e-06 3.33143e-06 5.77889e-06 3.04939e-12 0.999988 5.23776e-11
2.48886e+13 2.39104e-06 3.26945e-06 5.67164e-06 2.99714e-12 0.999989 5.14379e-11
2.51189e+13 2.34642e-06 3.20858e-06 5.56631e-06 2.94555e-12 0.999989 5.05131e-11
2.53513e+13 2.30261e-06 3.1488e-06 5.46286e-06 2.89371e-12 0.999989 4.96047e-11
2.55859e+13 2.2596e-06 3.09011e-06 5.36126e-06 2.84214e-12 0.999989 4.87119e-11
2.58226e+13 2.21737e-06 3.03247e-06 5.26148e-06 2.79241e-12 0.999989 4.78365e-11
2.60615e+13 2.1759e-06 2.97587e-06 5.1635e-06 2.74659e-12 0.99999 4.69754e-11
2.63027e+13 2.13519e-06 2.9203e-06 5.06728e-06 2.69577e-12 0.99999 4.61305e-11
2.65461e+13 2.09522e-06 2.86574e-06 4.97279e-06 2.64912e-12 0.99999 4.53e-11
2.67917e+13 2.05599e-06 2.81217e-06 4.88001e-06 2.60277e-12 0.99999 4.44846e-11
2.70396e+13 2.01747e-06 2.75957e-06 4.78891e-06 2.55772e-12 0.99999 4.36838e-11
2.72898e+13 1.97966e-06 2.70793e-06 4.69946e-06 2.51302e-12 0.999991 4.28938e-11
2.75423e+13 1.94254e-06 2.65724e-06 4.61164e-06 2.46844e-12 0.999991 4.21214e-11
2.77971e+13 1.9061e-06 2.60747e-06 4.52541e-06 2.42573e-12 0.999991 4.13617e-11
2.80543e+13 1.87033e-06 2.55861e-06 4.44075e-06 2.38339e-12 0.999991 4.0616e-11
2.83139e+13 1.83523e-06 2.51065e-06 4.35764e-06 2.33957e-12 0.999991 3.98839e-11
2.85759e+13 1.80076e-06 2.46357e-06 4.27605e-06 2.29885e-12 0.999991 3.91635e-11
2.88403e+13 1.76694e-06 2.41736e-06 4.19595e-06 2.25903e-12 0.999992 3.84568e-11
2.91072e+13 1.73374e-06 2.37199e-06 4.11731e-06 2.22009e-12 0.999992 3.77626e-11
2.93765e+13 1.70115e-06 2.32746e-06 4.04012e-06 2.17874e-12 0.999992 3.70807e-11
2.96483e+13 1.66917e-06 2.28375e-06 3.96434e-06 2.14211e-12 0.999992 3.64073e-11
2.99226e+13 1.63778e-06 2.24085e-06 3.88996e-06 2.10531e-12 0.999992 3.57511e-11
3.01995e+13 1.60697e-06 2.19874e-06 3.81695e-06 2.06819e-12 0.999992 3.51059e-11
3.04789e+13 1.57673e-06 2.15741e-06 3.74528e-06 2.03141e-12 0.999993 3.44711e-11
3.0761e+13 1.54706e-06 2.11684e-06 3.67493e-06 1.99256e-12 0.999993 3.38493e-11
3.10456e+13 1.51793e-06 2.07703e-06 3.60589e-06 1.96029e-12 0.999993 3.32345e-11
3.13329e+13 1.48935e-06 2.03796e-06 3.53812e-06 1.92291e-12 0.999993 3.26356e-11
3.16228e+13 1.46131e-06 1.99961e-06 3.4716e-06 1.89008e-12 0.999993 3.20427e-11
3.19154e+13 1.43378e-06 1.96197e-06 3.40632e-06 1.85708e-12 0.999993 3.14626e-11
3.22107e+13 1.40677e-06 1.92503e-06 3.34224e-06 1.82428e-12 0.999993 3.08941e-11
3.25087e+13 1.38026e-06 1.88879e-06 3.27936e-06 1.7908e-12 0.999993 3.03335e-11
3.28095e+13 1.35425e-06 1.85321e-06 3.21765e-06 1.75812e-12 0.999994 2.97844e-11
3.31131e+13 1.32872e-06 1.8183e-06 3.15708e-06 1.72606e-12 0.999994 2.92447e-11
3.34195e+13 1.30367e-06 1.78404e-06 3.09764e-06 1.69544e-12 0.999994 2.87159e-11
3.37287e+13 1.27909e-06 1.75043e-06 3.0393e-06 1.66536e-12 0.999994 2.81976e-11
3.40408e+13 1.25497e-06 1.71744e-06 2.98206e-06 1.63707e-12 0.999994 2.76819e-11
3.43558e+13 1.23131e-06 1.68506e-06 2.92588e-06 1.60658e-12 0.999994 2.71823e-11
3.46737e+13 1.20808e-06 1.65329e-06 2.87075e-06 1.5774e-12 0.999994 2.66907e-11
3.49945e+13 1.18529e-06 1.62212e-06 2.81665e-06 1.54936e-12 0.999994 2.62053e-11
3.53183e+13 1.16293e-06 1.59153e-06 2.76356e-06 1.52028e-12 0.999994 2.57299e-11
3.56451e+13 1.14099e-06 1.56152e-06 2.71146e-06 1.49276e-12 0.999995 2.52627e-11
3.59749e+13 1.11947e-06 1.53206e-06 2.66034e-06 1.46809e-12 0.999995 2.48043e-11
3.63078e+13 1.09834e-06 1.50316e-06 2.61018e-06 1.44142e-12 0.999995 2.43558e-11
3.66438e+13 1.07762e-06 1.47481e-06 2.56095e-06 1.41561e-12 0.999995 2.39138e-11
3.69828e+13 1.05728e-06 1.44698e-06 2.51265e-06 1.39098e-12 0.999995 2.34775e-11
3.7325e+13 1.03733e-06 1.41968e-06 2.46526e-06 1.36449e-12 0.999995 2.30514e-11
3.76704e+13 1.01775e-06 1.39289e-06 2.41875e-06 1.34059e-12 0.999995 2.26344e-11
3.80189e+13 9.98541e-07 1.36661e-06 2.37312e-06 1.31568e-12 0.999995 2.22237e-11
3.83707e+13 9.79695e-07 1.34082e-06 2.32835e-06 1.2917e-12 0.999995 2.18201e-11
3.87258e+13 9.61204e-07 1.31551e-06 2.28441e-06 1.27156e-12 0.999995 2.14216e-11
3.90841e+13 9.43061e-07 1.29068e-06 2.24131e-06 1.24718e-12 0.999996 2.103e-11
3.94457e+13 9.25261e-07 1.26632e-06 2.19901e-06 1.22279e-12 0.999996 2.06529e-11
3.98107e+13 9.07797e-07 1.24242e-06 2.15751e-06 1.20352e-12 0.999996 2.02751e-11
4.01791e+13 8.90662e-07 1.21897e-06 2.11679e-06 1.18066e-12 0.999996 1.99059e-11
4.05509e+13 8.73851e-07 1.19597e-06 2.07684e-06 1.15855e-12 0.999996 1.95457e-11
4.09261e+13 8.57357e-07 1.17339e-06 2.03764e-06 1.1379e-12 0.999996 1.91919e-11
4.13048e+13 8.41175e-07 1.15124e-06 1.99918e-06 1.11923e-12 0.999996 1.88423e-11
4.16869e+13 8.25299e-07 1.12951e-06 1.96145e-06 1.09866e-12 0.999996 1.84985e-11
4.20727e+13 8.09723e-07 1.1082e-06 1.92443e-06 1.07826e-12 0.999996 1.81604e-11
4.2462e+13 7.94441e-07 1.08728e-06 1.8881e-06 1.05819e-12 0.999996 1.78304e-11
4.28549e+13 7.79448e-07 1.06676e-06 1.85247e-06 1.0402e-12 0.999996 1.75058e-11
4.32514e+13 7.64739e-07 1.04662e-06 1.8175e-06 1.02132e-12 0.999996 1.71869e-11
4.36516e+13 7.50308e-07 1.02687e-06 1.7832e-06 9.99513e-13 0.999996 1.68759e-11
4.40555e+13 7.3615e-07 1.00749e-06 1.74954e-06 9.83907e-13 0.999997 1.65656e-11
4.44631e+13 7.2226e-07 9.88477e-07 1.71652e-06 9.65963e-13 0.999997 1.62675e-11
4.48745e+13 7.08633e-07 9.69824e-07 1.68412e-06 9.47777e-13 0.999997 1.59704e-11
4.52898e+13 6.95264e-07 9.51523e-07 1.65234e-06 9.32983e-13 0.999997 1.56799e-11
4.57088e+13 6.82148e-07 9.33568e-07 1.62115e-06 9.15344e-13 0.999997 1.53945e-11
4.61318e+13 6.6928e-07 9.15954e-07 1.59056e-06 8.96255e-13 0.999997 1.5115e-11
4.65586e+13 6.56656e-07 8.98672e-07 1.56055e-06 8.80927e-13 0.999997 1.4838e-11
4.69894e+13 6.4427e-07 8.81718e-07 1.5311e-06 8.67452e-13 0.999997 1.45674e-11
4.74242e+13 6.3212e-07 8.65085e-07 1.50221e-06 8.47475e-13 0.999997 1.43069e-11
4.7863e+13 6.20199e-07 8.48767e-07 1.47387e-06 8.34215e-13 0.999997 1.40428e-11
4.83059e+13 6.08505e-07 8.32757e-07 1.44606e-06 8.19726e-13 0.999997 1.37878e-11
4.87528e+13 5.97032e-07 8.17051e-07 1.41878e-06 8.07215e-13 0.999997 1.3535e-11
4.9204e+13 5.85776e-07 8.01642e-07 1.39201e-06 7.90139e-13 0.999997 1.32882e-11
4.96592e+13 5.74733e-07 7.86525e-07 1.36576e-06 7.76268e-13 0.999997 1.30472e-11
5.01187e+13 5.639e-07 7.71695e-07 1.34e-06 7.61287e-13 0.999997 1.28119e-11
5.05825e+13 5.53272e-07 7.57145e-07 1.31473e-06 7.4795e-13 0.999997 1.25758e-11
5.10505e+13 5.42845e-07 7.42871e-07 1.28993e-06 7.3478e-13 0.999997 1.23488e-11
5.15229e+13 5.32616e-07 7.28868e-07 1.26561e-06 7.20826e-13 0.999997 1.21224e-11
5.19996e+13 5.22581e-07 7.15129e-07 1.24175e-06 7.08433e-13 0.999998 1.19026e-11
5.24807e+13 5.12736e-07 7.01652e-07 1.21833e-06 6.95957e-13 0.999998 1.16836e-11
5.29663e+13 5.03077e-07 6.88429e-07 1.19537e-06 6.82773e-13 0.999998 1.14724e-11
5.34564e+13 4.93601e-07 6.75457e-07 1.17283e-06 6.69347e-13 0.999998 1.12611e-11
5.39511e+13 4.84305e-07 6.62731e-07 1.15073e-06 6.5694e-13 0.999998 1.10586e-11
5.44503e+13 4.75186e-07 6.50246e-07 1.12904e-06 6.46323e-13 0.999998 1.08561e-11
5.49541e+13 4.66238e-07 6.37997e-07 1.10777e-06 6.33632e-13 0.999998 1.06597e-11
5.54626e+13 4.57461e-07 6.25981e-07 1.08689e-06 6.216e-13 0.999998 1.04657e-11
5.59758e+13 4.4885e-07 6.14192e-07 1.06642e-06 6.10748e-13 0.999998 1.02735e-11
5.64937e+13 4.40402e-07 6.02627e-07 1.04633e-06 5.99798e-13 0.999998 1.00862e-11
5.70164e+13 4.32114e-07 5.91281e-07 1.02662e-06 5.90666e-13 0.999998 9.9013e-12
5.7544e+13 4.23982e-07 5.80149e-07 1.00728e-06 5.79536e-13 0.999998 9.72084e-12
5.80764e+13 4.16005e-07 5.69229e-07 9.88316e-07 5.6892e-13 0.999998 9.5443e-12
5.86138e+13 4.0818e-07 5.58516e-07 9.69707e-07 5.55681e-13 0.999998 9.36878e-12
5.91562e+13 4.00502e-07 5.48005e-07 9.5145e-07 5.44807e-13 0.999998 9.19928e-12
5.97035e+13 3.9297e-07 5.37694e-07 9.3354e-07 5.3732e-13 0.999998 9.03294e-12
6.0256e+13 3.8558e-07 5.27578e-07 9.15968e-07 5.28487e-13 0.999998 8.86624e-12
6.08135e+13 3.78331e-07 5.17654e-07 8.9873e-07 5.17773e-13 0.999998 8.70633e-12
6.13762e+13 3.71218e-07 5.07917e-07 8.81818e-07 5.09891e-13 0.999998 8.54422e-12
6.19441e+13 3.64241e-07 4.98365e-07 8.65227e-07 4.98795e-13 0.999998 8.38969e-12
6.25173e+13 3.57395e-07 4.88994e-07 8.4895e-07 4.89754e-13 0.999998 8.2377e-12
6.30957e+13 3.50679e-07 4.79801e-07 8.32981e-07 4.80692e-13 0.999998 8.08681e-12
6.36796e+13 3.4409e-07 4.70781e-07 8.17315e-07 4.73226e-13 0.999998 7.94007e-12
6.42688e+13 3.37626e-07 4.61932e-07 8.01945e-07 4.6145e-13 0.999998 7.79539e-12
6.48634e+13 3.31284e-07 4.53251e-07 7.86866e-07 4.52922e-13 0.999998 7.65399e-12
6.54636e+13 3.25063e-07 4.44734e-07 7.72073e-07 4.46483e-13 0.999998 7.51382e-12
6.60693e+13 3.18959e-07 4.36379e-07 7.5756e-07 4.37615e-13 0.999998 7.37524e-12
6.66807e+13 3.1297e-07 4.28181e-07 7.43322e-07 4.29733e-13 0.999999 7.23946e-12
6.72977e+13 3.07095e-07 4.20139e-07 7.29354e-07 4.23939e-13 0.999999 7.10759e-12
6.79204e+13 3.01331e-07 4.12249e-07 7.1565e-07 4.15772e-13 0.999999 6.97911e-12
6.85488e+13 2.95676e-07 4.04508e-07 7.02205e-07 4.07015e-13 0.999999 6.85245e-12
6.91831e+13 2.90128e-07 3.96914e-07 6.89015e-07 4.00194e-13 0.999999 6.72459e-12
6.98232e+13 2.84684e-07 3.89463e-07 6.76074e-07 3.93914e-13 0.999999 6.60584e-12
7.04693e+13 2.79344e-07 3.82153e-07 6.63378e-07 3.85289e-13 0.999999 6.4844e-12
7.11214e+13 2.74105e-07 3.74982e-07 6.50923e-07 3.76497e-13 0.999999 6.36649e-12
7.17794e+13 2.68965e-07 3.67946e-07 6.38703e-07 3.71994e-13 0.999999 6.24706e-12
7.24436e+13 2.63921e-07 3.61043e-07 6.26714e-07 3.6484e-13 0.999999 6.13438e-12
7.31139e+13 2.58974e-07 3.54271e-07 6.14952e-07 3.58324e-13 0.999999 6.02481e-12
7.37904e+13 2.54119e-07 3.47626e-07 6.03413e-07 3.51628e-13 0.999999 5.9127e-12
7.44732e+13 2.49357e-07 3.41108e-07 5.92092e-07 3.43343e-13 0.999999 5.80655e-12
7.51623e+13 2.44684e-07 3.34712e-07 5.80984e-07 3.40082e-13 0.999999 5.69929e-12
7.58578e+13 2.401e-07 3.28437e-07 5.70087e-07 3.35142e-13 0.999999 5.59178e-12
7.65597e+13 2.35602e-07 3.22281e-07 5.59396e-07 3.26475e-13 0.999999 5.49295e-12
7.72681e+13 2.31189e-07 3.16242e-07 5.48907e-07 3.21049e-13 0.999999 5.39339e-12
7.7983e+13 2.26859e-07 3.10316e-07 5.38616e-07 3.1565e-13 0.999999 5.29371e-12
7.87046e+13 2.22612e-07 3.04502e-07 5.2852e-07 3.10064e-13 0.999999 5.19824e-12
7.94328e+13 2.18444e-07 2.98798e-07 5.18614e-07 3.02702e-13 0.999999 5.10388e-12
8.01678e+13 2.14355e-07 2.93202e-07 5.08895e-07 2.98622e-13 0.999999 5.01002e-12
8.09096e+13 2.10343e-07 2.87711e-07 4.9936e-07 2.916e-13 0.999999 4.91812e-12
8.16582e+13 2.06407e-07 2.82324e-07 4.90005e-07 2.89151e-13 0.999999 4.82693e-12
8.24138e+13 2.02545e-07 2.77039e-07 4.80827e-07 2.82982e-13 0.999999 4.73911e-12
8.31764e+13 1.98756e-07 2.71853e-07 4.71822e-07 2.75162e-13 0.999999 4.65469e-12
8.3946e+13 1.95038e-07 2.66766e-07 4.62987e-07 2.72699e-13 0.999999 4.56937e-12
8.47227e+13 1.91391e-07 2.61774e-07 4.54319e-07 2.67682e-13 0.999999 4.48537e-12
8.55067e+13 1.87812e-07 2.56876e-07 4.45814e-07 2.62575e-13 0.999999 4.40413e-12
8.62979e+13 1.84301e-07 2.52071e-07 4.3747e-07 2.57135e-13 0.999999 4.32443e-12
8.70964e+13 1.80855e-07 2.47356e-07 4.29284e-07 2.53693e-13 0.999999 4.24323e-12
8.79023e+13 1.77475e-07 2.4273e-07 4.21251e-07 2.47587e-13 0.999999 4.16712e-12
8.87156e+13 1.74159e-07 2.38192e-07 4.1337e-07 2.42285e-13 0.999999 4.09049e-12
8.95365e+13 1.70904e-07 2.33739e-07 4.05638e-07 2.3908e-13 0.999999 4.01641e-12
9.03649e+13 1.67712e-07 2.2937e-07 3.98052e-07 2.34521e-13 0.999999 3.94138e-12
9.12011e+13 1.64579e-07 2.25083e-07 3.90608e-07 2.28942e-13 0.999999 3.87081e-12
9.2045e+13 1.61505e-07 2.20877e-07 3.83305e-07 2.27332e-13 0.999999 3.80022e-12
9.28966e+13 1.58489e-07 2.1675e-07 3.7614e-07 2.22607e-13 0.999999 3.73059e-12
9.37562e+13 1.5553e-07 2.12701e-07 3.69109e-07 2.16917e-13 0.999999 3.66202e-12
9.46237e+13 1.52627e-07 2.08728e-07 3.62211e-07 2.14002e-13 0.999999 3.59464e-12
9.54993e+13 1.49778e-07 2.0483e-07 3.55443e-07 2.08979e-13 0.999999 3.53062e-12
9.63829e+13 1.46983e-07 2.01005e-07 3.48803e-07 2.04461e-13 0.999999 3.46607e-12
9.72747e+13 1.4424e-07 1.97253e-07 3.42287e-07 2.01623e-13 0.999999 3.40356e-12
9.81748e+13 1.41549e-07 1.93571e-07 3.35894e-07 1.99049e-13 0.999999 3.3403e-12
9.90832e+13 1.38909e-07 1.89958e-07 3.29622e-07 1.94025e-13 0.999999 3.2801e-12
1e+14 1.36318e-07 1.86413e-07 3.23467e-07 1.91701e-13 0.999999 3.21666e-12
