1e+10 8.20027e-06 1.07236e-05 1.70086e-05 0.00394516 0.929091 0.0669278
1.00925e+10 7.9205e-06 7.98668e-07 9.80587e-06 0.00387497 0.930367 0.0657392
1.01859e+10 3.83669e-06 1.64262e-07 2.29553e-06 0.00380593 0.931625 0.0645624
1.02802e+10 6.65715e-06 3.1423e-07 4.31255e-06 0.00373902 0.932834 0.0634161
1.03753e+10 5.43548e-06 9.32848e-06 5.95014e-06 0.00367303 0.934023 0.0622835
1.04713e+10 8.32188e-06 5.03015e-06 -2.59833e-07 0.00360667 0.935209 0.0611711
1.05682e+10 1.31707e-06 6.87951e-06 1.57619e-05 0.00354321 0.936353 0.0600794
1.0666e+10 8.10107e-07 5.15031e-06 1.55469e-05 0.00348056 0.937496 0.059002
1.07647e+10 7.85599e-06 1.13894e-05 1.97096e-05 0.00341826 0.938592 0.0579504
1.08643e+10 2.79391e-07 1.02009e-05 1.27055e-07 0.00335774 0.939716 0.0569159
1.09648e+10 3.55612e-07 6.9008e-07 8.70902e-06 0.00329798 0.940793 0.0558989
1.10662e+10 8.07537e-06 7.36381e-06 5.2088e-06 0.00323913 0.941842 0.0548982
1.11686e+10 2.48668e-06 5.09593e-06 6.55447e-06 0.00318157 0.942892 0.0539126
1.1272e+10 6.36286e-06 2.12679e-06 -1.6757e-07 0.00312444 0.943915 0.0529522
1.13763e+10 2.29451e-06 2.51694e-07 7.25404e-07 0.00306829 0.944928 0.0520001
1.14815e+10 4.77041e-06 1.46332e-06 1.61804e-05 0.00301315 0.945894 0.0510702
1.15878e+10 -6.02992e-08 8.4834e-06 1.51198e-05 0.00296027 0.946865 0.0501507
1.1695e+10 4.49177e-06 9.00347e-06 1.75914e-05 0.00290693 0.947809 0.0492532
1.18032e+10 2.07193e-06 1.39888e-07 5.9528e-07 0.00285481 0.948772 0.0483708
1.19124e+10 6.35723e-06 6.85991e-06 4.27807e-07 0.00280461 0.949677 0.0475046
1.20226e+10 5.5906e-06 3.89385e-06 6.16909e-06 0.00275445 0.95058 0.0466499
1.21339e+10 6.70828e-06 5.26453e-06 3.19328e-06 0.00270422 0.951463 0.0458171
1.22462e+10 6.69539e-06 2.45447e-06 1.24082e-06 0.00265625 0.952339 0.0449946
1.23595e+10 5.51221e-06 9.81616e-06 1.416e-05 0.00260846 0.953181 0.0441815
1.24738e+10 5.04652e-06 5.23066e-06 6.30165e-06 0.00256201 0.954031 0.04339
1.25893e+10 6.89882e-06 8.79164e-06 1.52435e-05 0.00251618 0.954843 0.0426099
1.27057e+10 6.78509e-08 2.62936e-07 3.1503e-06 0.00247082 0.955682 0.0418436
1.28233e+10 9.76434e-09 6.59922e-07 5.77945e-06 0.00242657 0.956476 0.0410913
1.2942e+10 9.21504e-06 1.0216e-05 9.80378e-06 0.00238354 0.957234 0.0403534
1.30617e+10 7.35885e-06 1.0226e-05 1.42268e-05 0.00234081 0.958 0.0396278
1.31826e+10 2.77866e-06 7.55091e-07 -5.04774e-08 0.00229835 0.958785 0.0389135
1.33045e+10 5.99119e-06 6.06302e-06 7.81704e-06 0.00225733 0.959509 0.0382136
1.34276e+10 3.76094e-08 2.00355e-08 -5.40543e-08 0.00221689 0.960257 0.0375265
1.35519e+10 1.92842e-06 5.23086e-06 1.28898e-05 0.00217707 0.960953 0.0368495
1.36773e+10 1.79749e-06 -2.4085e-08 4.83612e-06 0.00213825 0.961667 0.0361881
1.38038e+10 4.44378e-08 7.62268e-06 1.81247e-05 0.00209967 0.962343 0.0355315
1.39316e+10 4.55989e-06 1.49357e-06 1.89477e-05 0.00206214 0.96302 0.0348927
1.40605e+10 1.0961e-06 1.08557e-05 1.90505e-07 0.00202509 0.963699 0.034264
1.41906e+10 8.03598e-06 6.95322e-06 2.04459e-07 0.00198861 0.964351 0.0336453
1.43219e+10 5.09633e-06 9.56973e-06 1.63537e-05 0.00195271 0.964975 0.0330409
1.44544e+10 8.10628e-06 1.16149e-05 1.73293e-05 0.00191716 0.965603 0.0324425
1.45881e+10 8.24291e-06 3.4832e-06 1.49299e-06 0.0018827 0.966243 0.031861
1.47231e+10 1.07138e-06 9.34645e-06 2.6305e-06 0.00184875 0.966853 0.0312855
1.48594e+10 2.72613e-06 1.0743e-07 1.00671e-05 0.00181531 0.967454 0.0307178
1.49968e+10 5.21024e-06 5.15674e-06 5.66699e-06 0.00178309 0.968036 0.0301653
1.51356e+10 4.60814e-06 4.20131e-07 1.35605e-05 0.00175138 0.968609 0.0296213
1.52757e+10 2.46902e-06 3.15189e-06 1.42798e-05 0.00171901 0.969174 0.0290866
1.5417e+10 1.12718e-06 2.51534e-07 7.74764e-07 0.0016883 0.96975 0.0285591
1.55597e+10 7.17839e-06 4.91021e-06 1.09227e-07 0.00165778 0.970285 0.0280449
1.57036e+10 5.2272e-06 1.35236e-06 1.73352e-05 0.0016277 0.97081 0.027538
1.58489e+10 6.60881e-06 9.87565e-06 1.76709e-05 0.00159889 0.971327 0.0270401
1.59956e+10 4.03137e-06 1.00348e-05 5.10574e-06 0.00156955 0.971862 0.0265493
1.61436e+10 6.87148e-06 7.27945e-07 1.0613e-05 0.00154143 0.972372 0.0260685
1.6293e+10 1.83999e-07 1.16233e-07 6.0609e-07 0.00151396 0.972885 0.0256
1.64437e+10 8.15628e-08 1.09514e-05 2.24935e-06 0.00148662 0.973365 0.025135
1.65959e+10 7.16453e-06 5.92631e-06 2.92385e-06 0.00145963 0.973843 0.0246813
1.67494e+10 2.77534e-06 1.21145e-05 3.73491e-06 0.00143295 0.974315 0.0242337
1.69044e+10 7.93332e-06 4.68239e-06 7.29152e-08 0.00140746 0.974784 0.0237959
1.70608e+10 4.23776e-07 8.55809e-06 1.60013e-05 0.00138205 0.975229 0.0233641
1.72187e+10 1.07261e-06 1.55351e-06 1.50313e-05 0.00135669 0.975683 0.0229428
1.7378e+10 8.87085e-06 3.5104e-06 7.40882e-07 0.00133244 0.976125 0.0225298
1.75388e+10 8.55601e-06 3.07783e-06 3.81754e-07 0.00130843 0.976561 0.022119
1.77011e+10 6.90659e-06 1.87305e-07 7.9629e-06 0.00128504 0.976978 0.0217216
1.78649e+10 6.34399e-06 2.41661e-06 5.9915e-08 0.00126149 0.977404 0.0213253
1.80302e+10 7.1538e-06 5.79458e-06 2.56724e-06 0.00123844 0.977804 0.0209417
1.8197e+10 3.09395e-06 6.51823e-06 1.19586e-05 0.0012164 0.978201 0.020561
1.83654e+10 8.39553e-06 8.19543e-07 1.15461e-05 0.00119453 0.978597 0.0201874
1.85353e+10 3.73826e-06 1.97596e-06 1.23501e-07 0.00117292 0.978997 0.0198244
1.87068e+10 4.93958e-06 8.61548e-08 5.80774e-06 0.00115137 0.979375 0.0194624
1.88799e+10 3.50671e-06 1.01349e-05 8.28723e-07 0.00113049 0.979745 0.0191104
1.90546e+10 7.73516e-06 9.18734e-06 1.61015e-05 0.00111036 0.980092 0.0187642
1.92309e+10 2.06995e-06 3.55517e-06 1.43916e-05 0.00108994 0.980465 0.0184251
1.94089e+10 1.77682e-06 9.00469e-06 8.17381e-06 0.0010704 0.980822 0.0180887
1.95884e+10 7.64241e-06 9.97819e-06 1.538e-05 0.00105124 0.981153 0.0177624
1.97697e+10 3.89237e-06 5.53961e-07 1.71207e-05 0.00103187 0.981507 0.0174398
1.99526e+10 6.38583e-06 6.86179e-06 8.75567e-08 0.00101315 0.981849 0.0171241
2.01372e+10 3.12803e-06 2.55724e-06 4.11353e-06 0.000995173 0.982182 0.0168134
2.03236e+10 7.86811e-06 7.18764e-06 1.07802e-07 0.00097733 0.9825 0.0165076
2.05116e+10 5.43347e-06 2.13001e-06 1.67687e-05 0.000959658 0.982808 0.0162075
2.07014e+10 1.21787e-06 7.98486e-06 1.68695e-05 0.000942024 0.983119 0.0159134
2.0893e+10 7.1553e-07 1.59869e-06 5.69089e-06 0.00092495 0.983441 0.0156257
2.10863e+10 4.86176e-08 4.78716e-06 1.64853e-05 0.000908124 0.983727 0.0153433
2.12814e+10 7.15849e-06 8.55578e-08 1.87329e-05 0.00089169 0.984018 0.0150643
2.14783e+10 2.69117e-06 1.06382e-05 7.27974e-06 0.000875424 0.984315 0.0147892
2.1677e+10 5.38501e-06 1.03957e-05 1.94757e-05 0.00085969 0.984584 0.0145213
2.18776e+10 5.35726e-06 1.027e-05 1.80641e-05 0.000844312 0.984863 0.0142592
2.208e+10 7.57481e-06 3.29185e-06 3.49858e-06 0.000828928 0.985159 0.0139979
2.22844e+10 7.76956e-06 3.52337e-07 1.69308e-05 0.000813876 0.985416 0.0137446
2.24905e+10 1.11387e-06 5.78874e-06 1.73685e-05 0.00079938 0.985682 0.0134944
2.26986e+10 7.7539e-06 5.78281e-06 2.98611e-07 0.000784479 0.98595 0.0132515
2.29087e+10 7.86403e-06 1.09244e-05 1.54394e-05 0.000770264 0.986186 0.0130094
2.31206e+10 4.39914e-06 6.52657e-06 1.34636e-05 0.000756478 0.986445 0.0127739
2.33346e+10 6.52485e-06 3.59698e-06 3.23509e-08 0.000742691 0.986706 0.0125409
2.35505e+10 2.96905e-06 1.86789e-07 1.31423e-05 0.000729007 0.986942 0.0123131
2.37684e+10 7.45927e-06 7.19303e-08 1.59601e-05 0.000715835 0.987171 0.0120892
2.39883e+10 2.80352e-06 7.97426e-06 9.9746e-07 0.000703356 0.987415 0.0118703
2.42103e+10 7.78689e-06 3.21453e-07 1.85464e-05 0.000690402 0.987628 0.0116548
2.44343e+10 6.99893e-06 8.52852e-08 1.79044e-05 0.000677929 0.987853 0.0114438
2.46604e+10 2.76303e-07 6.62219e-06 1.67645e-05 0.000665668 0.988077 0.0112339
2.48886e+10 8.23761e-06 3.21136e-06 2.16873e-06 0.000653339 0.988301 0.0110325
2.51189e+10 8.01581e-06 9.50311e-06 2.05627e-06 0.000641288 0.988509 0.0108304
2.53513e+10 8.46054e-06 4.691e-06 8.69232e-08 0.000629839 0.988722 0.0106347
2.55859e+10 1.71144e-08 3.59084e-06 1.49371e-05 0.000618659 0.988922 0.0104404
2.58226e+10 5.53282e-06 1.48718e-06 8.82386e-07 0.000607356 0.989133 0.0102519
2.60615e+10 6.58938e-06 2.9921e-06 5.42484e-08 0.000596258 0.989329 0.0100653
2.63027e+10 1.65795e-06 3.50375e-07 9.17362e-06 0.000585671 0.989521 0.00988238
2.65461e+10 7.51369e-06 1.11526e-05 7.0214e-06 0.000574551 0.989699 0.00970094
2.67917e+10 1.40462e-06 1.00616e-05 1.73972e-05 0.000564328 0.989883 0.00952396
2.70396e+10 2.01259e-06 1.14264e-05 1.26776e-05 0.000554006 0.990069 0.00935066
2.72898e+10 7.98981e-06 5.66793e-06 9.83742e-07 0.000543888 0.990258 0.00918311
2.75423e+10 1.50028e-07 8.58134e-06 1.2971e-05 0.000534332 0.99043 0.0090137
2.77971e+10 4.26394e-06 3.20802e-06 1.79159e-05 0.000524747 0.9906 0.00885021
2.80543e+10 3.88505e-06 6.43675e-06 9.16819e-06 0.000515233 0.990776 0.00868887
2.83139e+10 2.52405e-08 8.68458e-06 5.95665e-06 0.000505652 0.990946 0.00853337
2.85759e+10 8.14957e-06 4.91321e-06 2.71272e-06 0.000496589 0.991112 0.00837581
2.88403e+10 5.51087e-06 9.81063e-07 4.68379e-06 0.000487331 0.991278 0.00822334
2.91072e+10 6.29621e-06 3.65612e-06 2.08384e-07 0.000478552 0.991437 0.00807437
2.93765e+10 8.70072e-06 9.36592e-06 1.51557e-05 0.000469927 0.991569 0.00792817
2.96483e+10 2.34111e-07 2.17847e-06 7.40735e-06 0.000461448 0.991745 0.0077841
2.99226e+10 3.83921e-06 3.74019e-08 6.81469e-06 0.000453181 0.991893 0.00764333
3.01995e+10 5.30081e-06 4.80755e-07 1.65406e-05 0.000444959 0.992029 0.00750357
3.04789e+10 1.65668e-06 7.80543e-06 1.43002e-06 0.000436892 0.992186 0.00736638
3.0761e+10 4.96213e-06 5.67051e-07 1.68928e-05 0.000428523 0.992317 0.0072323
3.10456e+10 1.04763e-06 6.21091e-06 1.89522e-05 0.000420981 0.992451 0.00710154
3.13329e+10 3.9389e-06 6.35953e-06 1.15762e-05 0.000413315 0.992593 0.00697186
3.16228e+10 2.29828e-06 1.6621e-07 3.38048e-06 0.000405947 0.992742 0.00684606
3.19154e+10 1.24164e-06 1.16536e-05 7.20284e-06 0.000398345 0.992862 0.00671933
3.22107e+10 8.03189e-06 2.62928e-06 1.35523e-05 0.000391366 0.992987 0.0065971
3.25087e+10 6.82286e-06 8.62372e-07 6.8352e-06 0.000383995 0.993125 0.00647686
3.28095e+10 4.70689e-06 4.26998e-06 3.44128e-06 0.000377129 0.99325 0.00636008
3.31131e+10 7.88592e-06 1.0907e-05 1.14832e-05 0.00037013 0.993356 0.00624378
3.34195e+10 4.18642e-06 2.08646e-06 1.91495e-05 0.000363792 0.99348 0.00613054
3.37287e+10 6.57942e-06 2.64857e-07 1.90017e-05 0.000356798 0.993598 0.00601894
3.40408e+10 1.09544e-06 1.38752e-07 6.3775e-06 0.00035035 0.993733 0.00590907
3.43558e+10 9.39992e-07 3.40152e-06 8.96316e-06 0.000344162 0.99384 0.00580219
3.46737e+10 5.00376e-06 9.95498e-06 1.10978e-06 0.000337658 0.99395 0.00569631
3.49945e+10 5.80105e-06 5.59384e-06 6.82545e-06 0.000331892 0.994058 0.00559166
3.53183e+10 3.38452e-06 7.60375e-07 1.95173e-06 0.00032561 0.994178 0.00549017
3.56451e+10 3.92107e-08 1.62975e-06 6.85389e-06 0.000319881 0.99428 0.00539129
3.59749e+10 1.06677e-07 8.25332e-06 9.06158e-06 0.000314047 0.994377 0.00529198
3.63078e+10 1.36687e-06 3.60793e-06 1.885e-05 0.000308104 0.994471 0.00519698
3.66438e+10 9.45631e-06 9.48021e-06 1.70187e-05 0.0003027 0.994559 0.00510212
3.69828e+10 9.38201e-08 6.32185e-06 1.9877e-05 0.000297248 0.994668 0.00500844
3.7325e+10 4.32185e-06 6.98828e-06 4.95005e-06 0.000291956 0.994775 0.00491698
3.76704e+10 5.62554e-06 1.09638e-05 1.65238e-05 0.000286583 0.994851 0.00482891
3.80189e+10 3.80058e-06 1.19093e-06 1.73724e-06 0.000281329 0.994971 0.00474138
3.83707e+10 1.5521e-07 1.02955e-05 1.28082e-07 0.000276137 0.995059 0.00465423
3.87258e+10 9.49355e-06 6.61558e-06 2.49657e-06 0.00027122 0.995141 0.00456938
3.90841e+10 1.2539e-06 6.47191e-06 1.79752e-05 0.000266239 0.995222 0.00448585
3.94457e+10 3.7313e-07 1.05454e-05 1.69139e-06 0.00026146 0.995322 0.00440398
3.98107e+10 3.42331e-07 3.84693e-06 1.67148e-05 0.000256589 0.995398 0.00432429
4.01791e+10 1.0868e-06 6.75357e-06 1.72599e-05 0.000251975 0.995478 0.00424506
4.05509e+10 7.10488e-06 2.89155e-08 1.83393e-05 0.000247353 0.995559 0.00416798
4.09261e+10 1.18981e-07 1.53177e-06 9.37704e-06 0.00024283 0.995654 0.00409196
4.13048e+10 5.92416e-06 5.08914e-07 5.93415e-06 0.00023856 0.99573 0.00401862
4.16869e+10 7.6917e-06 2.05825e-06 7.6615e-06 0.000234171 0.995805 0.00394371
4.20727e+10 7.26394e-06 9.26034e-06 1.69945e-05 0.000229873 0.995864 0.00387261
4.2462e+10 5.36925e-06 9.10382e-07 1.61472e-05 0.000225845 0.99595 0.00380215
4.28549e+10 4.69248e-08 2.27279e-06 1.38954e-05 0.00022155 0.996029 0.00373292
4.32514e+10 8.42079e-06 5.33706e-06 1.56154e-06 0.000217523 0.996102 0.00366504
4.36516e+10 2.13978e-06 3.10364e-06 1.51209e-05 0.000213521 0.996167 0.00359875
4.40555e+10 1.5085e-08 2.29536e-07 2.03155e-07 0.000209802 0.996257 0.00353273
4.44631e+10 3.66086e-08 8.71769e-06 3.14658e-06 0.000205995 0.996314 0.00346796
4.48745e+10 1.44795e-06 9.85798e-08 3.9067e-06 0.000202108 0.996388 0.00340485
4.52898e+10 7.6295e-06 6.13133e-06 9.8413e-08 0.00019843 0.996444 0.00334346
4.57088e+10 6.34882e-07 9.33698e-06 1.03668e-05 0.000194968 0.996502 0.00328304
4.61318e+10 8.15168e-06 8.43319e-06 7.87244e-06 0.000191308 0.996562 0.0032223
4.65586e+10 3.75239e-06 3.57254e-06 1.38018e-05 0.00018776 0.996627 0.00316436
4.69894e+10 9.86853e-07 1.32244e-06 3.31623e-06 0.000184498 0.996704 0.00310635
4.74242e+10 1.91501e-06 9.08913e-06 1.05829e-06 0.000181032 0.996757 0.00304998
4.7863e+10 6.7205e-06 4.83476e-06 4.82869e-06 0.000177848 0.996812 0.0029941
4.83059e+10 4.55935e-06 2.81338e-07 1.80423e-05 0.000174711 0.996863 0.00293976
4.87528e+10 2.22475e-06 2.93213e-08 3.36084e-06 0.000171334 0.996937 0.00288565
4.9204e+10 2.60877e-06 8.79345e-07 1.76375e-05 0.000168455 0.996977 0.00283365
4.96592e+10 8.75523e-06 7.25034e-06 2.20868e-06 0.000165374 0.997035 0.0027819
5.01187e+10 9.54281e-06 4.88544e-06 2.62477e-07 0.000162185 0.997092 0.00273124
5.05825e+10 9.62114e-06 4.46555e-06 1.63431e-07 0.000159372 0.997145 0.00268105
5.10505e+10 6.11232e-06 7.60696e-07 3.56505e-06 0.000156503 0.9972 0.00263321
5.15229e+10 6.58729e-08 7.00098e-06 1.51825e-05 0.000153537 0.997239 0.00258508
5.19996e+10 6.64213e-06 9.37614e-06 1.14078e-06 0.000150703 0.997294 0.00253769
5.24807e+10 1.26105e-07 6.38174e-06 1.53434e-05 0.000147976 0.997338 0.00249171
5.29663e+10 4.15904e-06 1.53338e-07 6.50612e-06 0.000145464 0.997397 0.00244653
5.34564e+10 8.47832e-06 8.3725e-06 6.92258e-07 0.000142843 0.997438 0.00240127
5.39511e+10 8.86169e-06 2.21207e-06 7.488e-07 0.000140138 0.99749 0.00235802
5.44503e+10 6.98779e-06 1.13266e-05 6.2077e-06 0.000137717 0.997523 0.00231501
5.49541e+10 1.21069e-06 4.46844e-06 1.54434e-05 0.000135232 0.997571 0.00227224
5.54626e+10 4.89475e-06 1.00341e-06 1.41266e-06 0.000132566 0.99763 0.00223057
5.59758e+10 4.87458e-06 1.35146e-06 1.65862e-05 0.000130364 0.997656 0.00219045
5.64937e+10 7.52234e-06 5.86928e-06 3.33007e-06 0.000127865 0.997705 0.00215042
5.70164e+10 5.32148e-07 9.84444e-06 3.01041e-07 0.000125501 0.997753 0.00211131
5.7544e+10 3.59048e-07 6.90314e-07 1.72576e-06 0.000123255 0.997801 0.00207287
5.80764e+10 5.55256e-07 8.70363e-06 1.80517e-07 0.000121078 0.997834 0.00203508
5.86138e+10 1.26e-08 1.05314e-06 5.43357e-06 0.000118876 0.997876 0.00199828
5.91562e+10 2.78742e-06 1.67092e-06 1.45485e-05 0.000116564 0.997903 0.00196176
5.97035e+10 7.95509e-06 5.42177e-06 3.24893e-07 0.000114507 0.997946 0.0019262
6.0256e+10 4.06246e-07 5.03927e-06 1.48068e-05 0.000112472 0.997976 0.00189114
6.08135e+10 7.71056e-06 1.24835e-06 9.2332e-06 0.000110432 0.998014 0.00185704
6.13762e+10 2.23958e-06 1.43303e-06 1.41764e-06 0.00010842 0.998064 0.00182268
6.19441e+10 6.6555e-08 1.08403e-05 2.16482e-07 0.000106479 0.998093 0.00178953
6.25173e+10 9.68263e-07 3.46396e-07 1.2828e-06 0.000104556 0.998136 0.00175729
6.30957e+10 7.82279e-07 1.02785e-05 1.03911e-05 0.000102674 0.99815 0.00172542
6.36796e+10 6.06407e-08 5.64713e-06 1.64001e-05 0.000100809 0.998184 0.00169307
6.42688e+10 3.37451e-06 1.26959e-06 1.32612e-07 9.89136e-05 0.998234 0.00166234
6.48634e+10 9.26973e-06 2.87764e-07 1.53967e-05 9.71959e-05 0.998246 0.00163224
6.54636e+10 7.59388e-08 9.33668e-07 4.39534e-06 9.54479e-05 0.998296 0.00160278
6.60693e+10 9.37428e-06 4.90081e-06 1.18912e-06 9.37239e-05 0.998318 0.00157303
6.66807e+10 2.46962e-06 9.99336e-06 6.62045e-06 9.1893e-05 0.998345 0.00154434
6.72977e+10 4.04012e-07 2.89365e-06 7.21088e-06 9.02609e-05 0.998383 0.00151665
6.79204e+10 2.64599e-06 6.99555e-06 2.9907e-06 8.87453e-05 0.99841 0.00148868
6.85488e+10 3.56402e-06 1.32982e-06 4.57004e-07 8.70777e-05 0.998445 0.00146226
6.91831e+10 2.06479e-06 8.41692e-06 1.40568e-05 8.55157e-05 0.998454 0.00143569
6.98232e+10 7.98456e-08 7.83651e-06 9.99985e-06 8.39209e-05 0.99849 0.00140855
7.04693e+10 3.73812e-06 5.13802e-06 1.1216e-05 8.23935e-05 0.998514 0.00138348
7.11214e+10 6.90657e-06 4.78456e-06 1.7726e-06 8.09664e-05 0.998548 0.00135791
7.17794e+10 1.95306e-07 7.21199e-06 1.23271e-05 7.94444e-05 0.998568 0.00133313
7.24436e+10 7.0686e-06 9.84159e-06 1.42767e-05 7.80261e-05 0.998581 0.00130938
7.31139e+10 4.04772e-06 2.18841e-06 1.37633e-05 7.64983e-05 0.998618 0.00128561
7.37904e+10 1.11329e-07 6.56199e-06 1.46796e-05 7.52479e-05 0.998642 0.00126174
7.44732e+10 1.80528e-06 5.6889e-06 1.30867e-05 7.38379e-05 0.998666 0.00123914
7.51623e+10 3.80142e-06 8.74663e-06 4.05135e-06 7.26013e-05 0.998695 0.00121606
7.58578e+10 3.08214e-06 1.13362e-07 3.90062e-06 7.12525e-05 0.998727 0.00119464
7.65597e+10 4.96113e-07 5.38733e-06 1.78814e-05 6.98572e-05 0.998734 0.00117261
7.72681e+10 1.4081e-06 8.95268e-06 2.34557e-06 6.85554e-05 0.998767 0.00115146
7.7983e+10 6.96024e-06 9.838e-06 8.8956e-06 6.7312e-05 0.998777 0.00112999
7.87046e+10 2.72158e-06 8.48863e-06 1.50244e-05 6.61836e-05 0.998798 0.00110992
7.94328e+10 5.15229e-06 3.5624e-06 9.74307e-06 6.48755e-05 0.998827 0.00108977
8.01678e+10 2.01419e-06 1.31572e-07 5.08883e-06 6.38515e-05 0.998859 0.00106988
8.09096e+10 8.00656e-06 8.29202e-06 5.0031e-06 6.26647e-05 0.998866 0.00105017
8.16582e+10 4.37125e-06 5.47317e-06 9.32617e-06 6.13877e-05 0.998888 0.00103136
8.24138e+10 6.58495e-07 6.79342e-06 1.5629e-05 6.03804e-05 0.998905 0.00101196
8.31764e+10 1.47712e-07 2.49178e-06 8.0117e-06 5.92311e-05 0.998936 0.000993735
8.3946e+10 2.39253e-07 1.06704e-05 4.2918e-06 5.82263e-05 0.998951 0.000976052
8.47227e+10 1.68884e-07 7.42176e-06 1.70542e-05 5.71712e-05 0.998961 0.000957565
8.55067e+10 2.39768e-06 2.78711e-06 4.12161e-06 5.61201e-05 0.998994 0.000940515
8.62979e+10 8.69025e-06 8.50075e-07 9.60923e-06 5.50683e-05 0.999003 0.000922921
8.70964e+10 5.2432e-06 1.04322e-06 1.88476e-05 5.41814e-05 0.999014 0.000906573
8.79023e+10 1.61477e-06 3.66812e-06 9.63389e-06 5.31221e-05 0.999042 0.000890044
8.87156e+10 6.98137e-06 8.81281e-06 3.73533e-06 5.22237e-05 0.999054 0.000873947
8.95365e+10 2.1724e-06 1.01191e-05 2.06041e-06 5.11393e-05 0.999076 0.00085815
9.03649e+10 3.64964e-06 3.76847e-07 4.03701e-06 5.03332e-05 0.999099 0.000842669
9.12011e+10 9.13295e-06 1.10979e-05 1.14803e-05 4.94094e-05 0.999092 0.00082705
9.2045e+10 4.27544e-06 1.64022e-06 1.63355e-05 4.84064e-05 0.999117 0.000811972
9.28966e+10 1.22932e-06 1.26035e-05 6.66395e-06 4.75685e-05 0.999135 0.00079677
9.37562e+10 3.3254e-07 1.15151e-06 3.64542e-06 4.67473e-05 0.999165 0.000782666
9.46237e+10 3.75767e-07 2.8659e-06 1.74403e-05 4.58297e-05 0.999165 0.000768306
9.54993e+10 1.5079e-06 8.14792e-06 3.41749e-06 4.50125e-05 0.999187 0.000754634
9.63829e+10 5.2482e-06 1.1042e-05 9.43839e-06 4.41827e-05 0.99919 0.000740334
9.72747e+10 9.30133e-06 1.14203e-05 1.60257e-05 4.34608e-05 0.999193 0.000727208
9.81748e+10 3.00673e-06 1.15924e-05 7.92358e-06 4.27273e-05 0.99922 0.000714272
9.90832e+10 1.44321e-06 1.03202e-05 1.17919e-06 4.18579e-05 0.999244 0.000701189
1e+11 6.34675e-06 4.44559e-06 1.74921e-07 4.11294e-05 0.999259 0.000688416
1.00925e+11 3.14338e-07 1.49361e-07 2.65839e-07 4.03901e-05 0.999283 0.000675699
1.01859e+11 5.17153e-06 7.91379e-06 3.1039e-07 3.9731e-05 0.999283 0.000663379
1.02802e+11 4.69768e-06 8.55341e-06 4.01945e-06 3.88832e-05 0.999292 0.000651685
1.03753e+11 1.10617e-07 3.28813e-06 1.53807e-05 3.82888e-05 0.999303 0.000639512
1.04713e+11 3.89515e-06 9.01383e-06 1.72108e-05 3.75578e-05 0.999304 0.000627919
1.05682e+11 6.42873e-06 6.98366e-06 1.6492e-07 3.69364e-05 0.999333 0.000616311
1.0666e+11 6.41189e-06 7.17533e-07 1.46726e-05 3.62033e-05 0.999337 0.000605444
1.07647e+11 6.31144e-06 6.74029e-06 1.42296e-06 3.5529e-05 0.999356 0.000594249
1.08643e+11 6.46507e-06 8.66114e-06 1.55684e-05 3.49306e-05 0.999351 0.000583454
1.09648e+11 5.70844e-06 6.60509e-06 1.08583e-06 3.43389e-05 0.999379 0.000572838
1.10662e+11 2.88598e-06 4.30205e-06 9.4236e-06 3.37145e-05 0.999388 0.000562092
1.11686e+11 1.44507e-07 4.23984e-06 1.62016e-05 3.30896e-05 0.999394 0.000552022
1.1272e+11 5.93935e-06 5.99994e-06 1.01078e-05 3.24494e-05 0.999403 0.00054205
1.13763e+11 6.9259e-06 8.13162e-06 5.97845e-06 3.19303e-05 0.999415 0.000532386
1.14815e+11 6.17057e-07 8.53742e-06 4.16557e-06 3.12664e-05 0.999433 0.000522741
1.15878e+11 7.49477e-06 2.17972e-06 5.1513e-06 3.07306e-05 0.999441 0.00051333
1.1695e+11 5.90421e-07 3.48866e-06 9.35033e-06 3.01998e-05 0.999453 0.00050369
1.18032e+11 6.6526e-06 9.39729e-06 1.40179e-05 2.96704e-05 0.999446 0.000494692
1.19124e+11 6.17334e-06 1.45872e-07 1.41456e-05 2.90543e-05 0.999465 0.000485362
1.20226e+11 2.16251e-07 8.03851e-06 1.90039e-06 2.85997e-05 0.999485 0.000476615
1.21339e+11 5.1854e-06 1.68433e-07 1.02496e-05 2.81346e-05 0.999488 0.000468347
1.22462e+11 8.74783e-06 8.33357e-06 1.29286e-05 2.75609e-05 0.999483 0.000459534
1.23595e+11 9.24199e-06 6.97879e-06 2.21474e-06 2.70919e-05 0.999503 0.000451182
1.24738e+11 7.77936e-06 2.54107e-07 1.26113e-05 2.65393e-05 0.99951 0.000442919
1.25893e+11 7.37277e-06 6.02904e-06 6.24915e-06 2.605e-05 0.999519 0.000435285
1.27057e+11 8.26143e-06 1.04088e-05 5.41949e-06 2.55846e-05 0.999523 0.000426956
1.28233e+11 8.8543e-06 1.17406e-05 1.97531e-05 2.51717e-05 0.999515 0.000419286
1.2942e+11 7.41911e-06 1.09472e-05 7.19892e-06 2.47687e-05 0.999538 0.000411816
1.30617e+11 1.62775e-06 1.07899e-05 2.93699e-07 2.43091e-05 0.999559 0.000404189
1.31826e+11 1.59463e-06 1.12429e-05 2.27251e-06 2.37974e-05 0.999564 0.000396673
1.33045e+11 6.33562e-06 9.27003e-06 6.42457e-06 2.33657e-05 0.999565 0.000389498
1.34276e+11 3.16683e-06 4.36717e-06 7.65693e-06 2.29833e-05 0.999579 0.000382529
1.35519e+11 2.70311e-06 2.58766e-07 5.73644e-06 2.25389e-05 0.999593 0.00037536
1.36773e+11 7.2543e-06 8.01269e-06 2.00081e-06 2.22254e-05 0.999592 0.000368564
1.38038e+11 2.67648e-06 6.52795e-06 5.55198e-07 2.17311e-05 0.999606 0.000362122
1.39316e+11 4.49864e-06 3.08517e-07 8.3167e-06 2.14322e-05 0.99961 0.000355676
1.40605e+11 6.34873e-06 7.54178e-06 1.42542e-05 2.09821e-05 0.999602 0.000348976
1.41906e+11 6.93462e-07 8.4113e-07 6.87716e-06 2.05772e-05 0.999628 0.000342566
1.43219e+11 2.35526e-06 7.94069e-06 4.28643e-06 2.02788e-05 0.999629 0.000336613
1.44544e+11 9.07516e-06 5.51656e-07 2.08204e-05 1.98967e-05 0.999619 0.00033026
1.45881e+11 8.24704e-06 5.30934e-06 7.50666e-07 1.94878e-05 0.999642 0.000324472
1.47231e+11 5.07177e-06 1.0789e-05 2.20942e-05 1.91501e-05 0.999625 0.000318276
1.48594e+11 2.83081e-06 2.24005e-06 2.3288e-06 1.88189e-05 0.999661 0.000312636
1.49968e+11 1.67934e-06 1.3507e-06 1.55899e-05 1.84365e-05 0.999656 0.000306839
1.51356e+11 1.70877e-06 5.98188e-06 1.41818e-05 1.8115e-05 0.999658 0.000301608
1.52757e+11 2.91684e-06 1.077e-05 8.55828e-07 1.77858e-05 0.999672 0.000296017
1.5417e+11 5.46359e-06 1.28683e-05 4.59862e-06 1.74682e-05 0.999669 0.000290448
1.55597e+11 8.95892e-06 1.33048e-05 1.73261e-05 1.71743e-05 0.999658 0.000285166
1.57036e+11 9.94961e-06 1.34285e-05 2.11354e-05 1.6911e-05 0.999658 0.000280201
1.58489e+11 3.29224e-06 1.2503e-05 1.85589e-05 1.66201e-05 0.999674 0.000275289
1.59956e+11 3.7745e-07 9.30571e-06 1.6517e-05 1.62848e-05 0.999687 0.000270362
1.61436e+11 6.86001e-06 3.06078e-06 1.59061e-05 1.5979e-05 0.999693 0.000265421
1.6293e+11 7.46456e-06 3.96813e-07 1.77785e-05 1.57738e-05 0.999698 0.000260574
1.64437e+11 1.7254e-06 6.98287e-06 2.14037e-05 1.54444e-05 0.999699 0.00025558
1.65959e+11 1.05863e-05 1.29748e-05 2.16631e-05 1.51692e-05 0.999689 0.000251013
1.67494e+11 6.78963e-07 1.15075e-06 1.2748e-05 1.48588e-05 0.999724 0.000246315
1.69044e+11 1.0254e-05 4.66203e-06 2.23556e-06 1.46538e-05 0.999726 0.000241818
1.70608e+11 2.24908e-06 6.13813e-06 6.71648e-06 1.4335e-05 0.999733 0.000237761
1.72187e+11 6.68148e-06 5.32465e-07 1.99541e-05 1.4152e-05 0.999725 0.000233353
1.7378e+11 7.17827e-06 7.32426e-06 3.15635e-06 1.38312e-05 0.999739 0.000229017
1.75388e+11 2.39157e-07 1.02436e-06 5.21752e-06 1.36284e-05 0.999755 0.000224983
1.77011e+11 2.66943e-06 4.33212e-06 1.07461e-05 1.33762e-05 0.999748 0.000220847
1.78649e+11 7.17525e-06 7.01849e-06 8.39749e-07 1.31554e-05 0.999755 0.000216787
1.80302e+11 5.5712e-06 3.88786e-07 1.15633e-05 1.28892e-05 0.999757 0.000212774
1.8197e+11 1.5701e-06 7.96793e-06 3.13719e-06 1.26466e-05 0.999765 0.000209183
1.83654e+11 4.91839e-07 9.55314e-06 4.41392e-06 1.24484e-05 0.999768 0.000205163
1.85353e+11 4.31613e-07 2.51397e-06 1.43034e-05 1.22457e-05 0.999769 0.000201565
1.87068e+11 7.09331e-07 5.19396e-07 3.27233e-06 1.20281e-05 0.999785 0.000198028
1.88799e+11 7.30686e-07 1.85457e-06 6.63573e-06 1.17883e-05 0.999785 0.000194269
1.90546e+11 5.4564e-07 3.8627e-06 1.48555e-05 1.15793e-05 0.999778 0.000190834
1.92309e+11 4.691e-07 4.724e-06 9.88635e-06 1.13736e-05 0.999786 0.000187457
1.94089e+11 1.16327e-06 5.19704e-06 5.09369e-06 1.11669e-05 0.999793 0.000184076
1.95884e+11 3.77721e-06 4.8942e-06 1.1374e-06 1.09584e-05 0.999799 0.000180673
1.97697e+11 6.20776e-06 4.17882e-06 9.06636e-07 1.07726e-05 0.999801 0.000177392
1.99526e+11 4.66173e-06 2.72269e-06 1.32158e-06 1.06001e-05 0.999806 0.000174197
2.01372e+11 1.53156e-06 1.14154e-06 1.53146e-06 1.0421e-05 0.999814 0.000171036
2.03236e+11 3.43048e-06 9.60752e-07 1.12671e-06 1.02059e-05 0.999816 0.000167831
2.05116e+11 8.45915e-06 4.00456e-06 8.54008e-07 1.0056e-05 0.999812 0.000164832
2.07014e+11 9.65225e-07 9.10061e-06 1.96093e-06 9.88085e-06 0.999816 0.000161947
2.0893e+11 2.12597e-06 7.09743e-06 5.49548e-06 9.67374e-06 0.999816 0.000159116
2.10863e+11 6.02956e-06 5.56694e-07 1.2691e-05 9.54997e-06 0.999815 0.000156139
2.12814e+11 1.11984e-07 6.31384e-06 1.36665e-05 9.37968e-06 0.999817 0.000153217
2.14783e+11 8.24929e-06 6.35374e-06 3.82306e-06 9.18549e-06 0.999822 0.000150531
2.1677e+11 1.18729e-07 2.77663e-07 1.25069e-06 9.042e-06 0.999841 0.000147876
2.18776e+11 7.57068e-06 1.20764e-05 1.74166e-05 8.89055e-06 0.999809 0.000145225
2.208e+11 7.20954e-07 2.22322e-06 1.34201e-05 8.69041e-06 0.999832 0.00014251
2.22844e+11 2.96074e-06 1.2997e-05 3.8968e-06 8.59492e-06 0.999831 0.000140058
2.24905e+11 6.75754e-06 2.0957e-06 1.59022e-05 8.38561e-06 0.999829 0.000137522
2.26986e+11 1.78148e-06 1.30732e-05 3.75872e-07 8.24613e-06 0.999842 0.000134943
2.29087e+11 5.48828e-06 1.7871e-07 1.09395e-05 8.14534e-06 0.999843 0.000132632
2.31206e+11 1.16475e-05 7.58636e-06 9.83355e-07 7.96846e-06 0.999842 0.000130198
2.33346e+11 4.85898e-06 6.22768e-06 1.18967e-05 7.83259e-06 0.999841 0.000127744
2.35505e+11 1.06333e-06 1.01943e-06 1.00493e-06 7.70813e-06 0.999864 0.000125492
2.37684e+11 3.05051e-06 8.31763e-06 1.5654e-05 7.57649e-06 0.999842 0.000123294
2.39883e+11 8.9184e-06 1.53181e-05 1.24895e-05 7.48365e-06 0.999835 0.000121174
2.42103e+11 1.22834e-05 5.13501e-06 5.69593e-06 7.33215e-06 0.999851 0.000118675
2.44343e+11 1.40083e-05 1.06568e-06 2.29406e-05 7.18156e-06 0.999838 0.000116624
2.46604e+11 1.28266e-05 4.46862e-06 9.53587e-06 7.03115e-06 0.999851 0.000114728
2.48886e+11 1.19913e-05 1.19929e-05 1.85931e-06 6.89791e-06 0.999855 0.000112644
2.51189e+11 1.16271e-05 1.582e-05 9.02173e-06 6.77894e-06 0.999846 0.000110415
2.53513e+11 1.19479e-05 1.79185e-05 2.38374e-05 6.6758e-06 0.999831 0.000108403
2.55859e+11 1.32372e-05 1.68642e-05 2.36845e-05 6.5806e-06 0.999833 0.000106548
2.58226e+11 1.40457e-05 1.61469e-05 1.9623e-05 6.48782e-06 0.999839 0.000104717
2.60615e+11 1.34835e-05 1.61072e-05 1.06217e-05 6.39437e-06 0.999851 0.000102859
2.63027e+11 1.01954e-05 1.65885e-05 5.43373e-06 6.29675e-06 0.99986 0.000101019
2.65461e+11 3.8884e-06 1.78409e-05 3.13064e-06 6.17675e-06 0.99987 9.9199e-05
2.67917e+11 9.49819e-07 1.7649e-05 2.31385e-06 6.0445e-06 0.999876 9.74262e-05
2.70396e+11 5.78926e-06 1.47188e-05 2.59709e-06 5.89995e-06 0.999875 9.57001e-05
2.72898e+11 1.10378e-05 8.91805e-06 3.73329e-06 5.81089e-06 0.999876 9.40596e-05
2.75423e+11 6.79324e-06 2.09347e-06 7.54017e-06 5.75129e-06 0.999885 9.23854e-05
2.77971e+11 1.44712e-06 2.06056e-06 1.36203e-05 5.6706e-06 0.999887 9.06891e-05
2.80543e+11 8.36546e-06 1.16997e-05 2.2733e-05 5.53952e-06 0.999863 8.89367e-05
2.83139e+11 1.06202e-05 1.46254e-05 2.62231e-05 5.45838e-06 0.999856 8.74063e-05
2.85759e+11 1.10936e-06 3.92222e-06 1.85368e-05 5.33047e-06 0.999885 8.57313e-05
2.88403e+11 4.95073e-06 1.03633e-06 6.75154e-06 5.25293e-06 0.999898 8.41693e-05
2.91072e+11 3.18067e-06 1.3867e-05 5.24196e-06 5.1982e-06 0.99989 8.28296e-05
2.93765e+11 3.84582e-07 9.59502e-06 1.48457e-05 5.08656e-06 0.999889 8.1469e-05
2.96483e+11 7.4686e-06 5.85078e-06 1.80233e-05 5.03662e-06 0.999884 7.97126e-05
2.99226e+11 2.22693e-07 1.09347e-05 5.31448e-06 4.93951e-06 0.9999 7.83585e-05
3.01995e+11 9.19035e-06 9.3796e-07 1.66009e-05 4.86916e-06 0.999891 7.71324e-05
3.04789e+11 2.05584e-07 4.88245e-06 1.91714e-05 4.7844e-06 0.999895 7.56446e-05
3.0761e+11 7.55338e-06 2.25819e-06 2.43361e-06 4.70149e-06 0.999909 7.44302e-05
3.10456e+11 5.53243e-07 2.22214e-06 8.84113e-06 4.6188e-06 0.999911 7.30551e-05
3.13329e+11 2.78711e-06 3.10022e-06 5.53016e-06 4.53557e-06 0.999912 7.17248e-05
3.16228e+11 4.42928e-06 2.75579e-06 1.40651e-06 4.45811e-06 0.999917 7.04397e-05
3.19154e+11 2.68979e-06 1.62344e-06 1.23916e-05 4.36565e-06 0.99991 6.91163e-05
3.22107e+11 7.46677e-06 6.21408e-06 2.09841e-07 4.32969e-06 0.999914 6.79651e-05
3.25087e+11 1.17255e-05 3.25658e-06 1.32664e-05 4.24565e-06 0.999901 6.66297e-05
3.28095e+11 1.80014e-06 9.47627e-06 1.10163e-06 4.18699e-06 0.999918 6.56489e-05
3.31131e+11 4.9188e-06 1.40252e-05 7.03539e-06 4.14072e-06 0.999906 6.43539e-05
3.34195e+11 4.67044e-06 4.23809e-06 6.06683e-06 4.03565e-06 0.999918 6.34063e-05
3.37287e+11 6.94769e-06 1.25659e-05 3.42204e-06 3.96661e-06 0.999911 6.23091e-05
3.40408e+11 2.53824e-06 3.08771e-06 1.32153e-05 3.9283e-06 0.999916 6.11218e-05
3.43558e+11 3.66666e-06 3.66365e-06 2.02199e-05 3.88125e-06 0.999908 6.01551e-05
3.46737e+11 3.50383e-06 5.74922e-06 7.30155e-06 3.79213e-06 0.999921 5.89743e-05
3.49945e+11 5.64458e-06 1.13918e-05 2.17892e-05 3.73734e-06 0.999899 5.79523e-05
3.53183e+11 2.3339e-06 3.42178e-06 5.00213e-06 3.68615e-06 0.999929 5.69793e-05
3.56451e+11 3.76168e-06 5.1045e-06 6.07178e-06 3.636e-06 0.999925 5.60057e-05
3.59749e+11 3.42738e-06 3.87486e-06 7.95976e-06 3.57221e-06 0.999926 5.49939e-05
3.63078e+11 3.68909e-06 4.40307e-06 1.74959e-05 3.51602e-06 0.999917 5.40468e-05
3.66438e+11 3.60641e-06 2.64184e-06 6.15603e-06 3.46403e-06 0.999931 5.31151e-05
3.69828e+11 3.45598e-06 4.43764e-06 9.5575e-06 3.41289e-06 0.999927 5.22474e-05
3.7325e+11 3.11664e-06 2.42679e-06 6.32597e-06 3.35752e-06 0.999933 5.13162e-05
3.76704e+11 3.17653e-06 3.9774e-06 6.07355e-06 3.30858e-06 0.999933 5.04317e-05
3.80189e+11 3.24915e-06 4.08942e-06 3.54258e-06 3.25941e-06 0.999936 4.95805e-05
3.83707e+11 3.83916e-06 4.7634e-06 5.7188e-06 3.21334e-06 0.999934 4.87172e-05
3.87258e+11 4.52426e-06 5.47292e-06 2.97604e-06 3.16764e-06 0.999936 4.78813e-05
3.90841e+11 5.44269e-06 5.57623e-06 5.33298e-06 3.12677e-06 0.999933 4.70698e-05
3.94457e+11 6.44029e-06 6.14367e-06 5.44489e-06 3.08465e-06 0.999933 4.62682e-05
3.98107e+11 6.38178e-06 5.71851e-06 6.45954e-06 3.04836e-06 0.999933 4.55013e-05
4.01791e+11 6.14598e-06 5.66994e-06 7.50239e-06 3.01042e-06 0.999933 4.47424e-05
4.05509e+11 5.58456e-06 4.62696e-06 7.25478e-06 2.97187e-06 0.999936 4.39956e-05
4.09261e+11 2.30768e-06 3.21264e-06 7.70137e-06 2.93011e-06 0.999941 4.32527e-05
4.13048e+11 6.10163e-06 3.50607e-06 6.34596e-06 2.89783e-06 0.999939 4.25278e-05
4.16869e+11 6.44571e-06 1.807e-06 5.20678e-06 2.84787e-06 0.999942 4.17721e-05
4.20727e+11 8.71137e-06 6.26462e-06 4.21772e-06 2.83245e-06 0.999937 4.11301e-05
4.2462e+11 1.054e-05 9.35991e-06 1.94812e-06 2.81248e-06 0.999935 4.04456e-05
4.28549e+11 1.29779e-05 1.11889e-05 6.05241e-06 2.77912e-06 0.999927 3.98634e-05
4.32514e+11 4.94072e-06 1.22066e-05 8.2125e-06 2.71548e-06 0.999933 3.92458e-05
4.36516e+11 9.30887e-06 1.32007e-05 1.50576e-05 2.71153e-06 0.999921 3.86296e-05
4.40555e+11 1.42463e-05 4.40431e-06 2.25593e-05 2.69699e-06 0.999918 3.79382e-05
4.44631e+11 1.90449e-05 1.10448e-05 2.03761e-05 2.67557e-06 0.999909 3.73953e-05
4.48745e+11 1.30384e-05 1.99898e-05 9.68305e-06 2.59633e-06 0.999918 3.66891e-05
4.52898e+11 1.63018e-05 2.16552e-05 1.79153e-05 2.59964e-06 0.999905 3.62077e-05
4.57088e+11 6.11482e-06 7.14563e-06 2.08754e-05 2.60579e-06 0.999928 3.56744e-05
4.61318e+11 1.14786e-05 1.27603e-05 2.38771e-05 2.60067e-06 0.999914 3.51978e-05
4.65586e+11 2.17202e-05 1.9007e-05 1.951e-05 2.5498e-06 0.999903 3.45904e-05
4.69894e+11 2.64089e-05 2.48264e-05 2.8332e-05 2.56178e-06 0.999884 3.41868e-05
4.74242e+11 3.00264e-05 2.91011e-05 3.43176e-05 2.52554e-06 0.99987 3.35814e-05
4.7863e+11 3.60819e-05 3.30458e-05 3.58722e-05 2.54066e-06 0.999859 3.31863e-05
4.83059e+11 2.65088e-05 1.36258e-05 1.13341e-05 2.48162e-06 0.999914 3.24995e-05
4.87528e+11 3.51941e-05 1.92908e-05 2.09405e-05 2.50164e-06 0.99989 3.21434e-05
4.9204e+11 2.27344e-05 1.18705e-05 4.4582e-05 2.43964e-06 0.999887 3.16533e-05
4.96592e+11 3.33214e-05 1.49855e-05 4.88722e-05 2.46448e-06 0.999869 3.13265e-05
5.01187e+11 2.37851e-05 2.50064e-05 5.93965e-05 2.43924e-06 0.999858 3.10888e-05
5.05825e+11 3.62912e-05 2.34943e-05 6.4044e-05 2.46505e-06 0.999843 3.07751e-05
5.10505e+11 3.08051e-05 3.895e-05 4.23475e-05 2.45752e-06 0.999855 3.04552e-05
5.15229e+11 4.61563e-05 3.35497e-05 5.17621e-05 2.49588e-06 0.999836 3.02202e-05
5.19996e+11 4.59418e-05 4.86947e-05 2.98561e-05 2.49004e-06 0.999843 2.97774e-05
5.24807e+11 6.19698e-05 3.93345e-05 3.94266e-05 2.56634e-06 0.999827 2.96633e-05
5.29663e+11 6.91072e-05 5.34666e-05 3.05504e-05 2.56905e-06 0.999815 2.92312e-05
5.34564e+11 7.40762e-05 3.97694e-05 3.76954e-05 2.70341e-06 0.999817 2.92185e-05
5.39511e+11 8.61073e-05 5.18386e-05 3.7952e-05 2.73697e-06 0.999792 2.88959e-05
5.44503e+11 6.94586e-05 3.92139e-05 4.59781e-05 2.89038e-06 0.999814 2.88748e-05
5.49541e+11 7.76084e-05 4.84568e-05 5.07542e-05 2.96119e-06 0.999792 2.86658e-05
5.54626e+11 7.39389e-05 5.46153e-05 6.78402e-05 3.06705e-06 0.999772 2.85673e-05
5.59758e+11 8.84217e-05 6.88637e-05 7.94125e-05 3.1523e-06 0.999732 2.84208e-05
5.64937e+11 0.000133852 0.00010138 0.000110088 3.35437e-06 0.999623 2.85973e-05
5.70164e+11 0.000180856 0.000134554 0.000138438 3.52765e-06 0.999514 2.86676e-05
5.7544e+11 0.000182633 0.000140988 0.000158911 3.87613e-06 0.999484 2.92367e-05
5.80764e+11 0.000220465 0.000175997 0.000205098 4.19395e-06 0.999365 2.96655e-05
5.86138e+11 0.00027137 0.000147728 0.000168752 4.54473e-06 0.999378 2.99465e-05
5.91562e+11 0.000352626 0.000170406 0.000204533 4.92563e-06 0.999237 3.03371e-05
5.97035e+11 0.000499675 0.000247646 0.000171675 6.22282e-06 0.999043 3.19866e-05
6.0256e+11 0.00068753 0.000344421 0.000209081 7.31804e-06 0.998718 3.32795e-05
6.08135e+11 0.000966319 0.000387178 0.000301924 8.39532e-06 0.9983 3.5713e-05
6.13762e+11 0.00129613 0.000497332 0.000428599 9.55937e-06 0.997731 3.78646e-05
6.19441e+11 0.00193069 0.000699164 0.000436905 1.32971e-05 0.996879 4.06926e-05
6.25173e+11 0.00263327 0.000953149 0.000551161 1.67025e-05 0.995802 4.33479e-05
6.30957e+11 0.00401201 0.00134273 0.000692655 2.16715e-05 0.993881 4.95877e-05
6.36796e+11 0.00536548 0.00183288 0.000926179 2.57767e-05 0.991795 5.45689e-05
6.42688e+11 0.00704432 0.00290578 0.00129678 3.05285e-05 0.988665 5.73914e-05
6.48634e+11 0.0086287 0.00400707 0.00180159 3.43463e-05 0.985469 5.90691e-05
6.54636e+11 0.0101584 0.00553518 0.00266407 4.10088e-05 0.98154 6.08281e-05
6.60693e+11 0.0115132 0.00707429 0.00363889 4.61518e-05 0.977666 6.11987e-05
6.66807e+11 0.0118368 0.00940365 0.00523496 5.21202e-05 0.973412 6.00143e-05
6.72977e+11 0.0119828 0.0116129 0.00697998 5.58163e-05 0.969312 5.69405e-05
6.79204e+11 0.0104072 0.0137654 0.0103807 5.76024e-05 0.965339 5.01595e-05
6.85488e+11 0.00876858 0.0156731 0.0137053 5.67214e-05 0.961755 4.16569e-05
6.91831e+11 0.00662712 0.0157227 0.017595 5.38953e-05 0.959964 3.74994e-05
6.98232e+11 0.00452177 0.0155745 0.0212075 4.84365e-05 0.958617 3.12667e-05
7.04693e+11 0.00398693 0.0131527 0.0235319 4.04123e-05 0.959252 3.61601e-05
7.11214e+11 0.00347958 0.0106872 0.0255055 3.05299e-05 0.960259 3.81493e-05
7.17794e+11 0.00436649 0.008103 0.024318 1.99675e-05 0.963145 4.79933e-05
7.24436e+11 0.00522935 0.0055544 0.0229021 8.77983e-06 0.966251 5.46353e-05
7.31139e+11 0.00529824 0.00528388 0.0185574 4.7634e-06 0.970799 5.65562e-05
7.37904e+11 0.00533339 0.00501332 0.0141928 6.78727e-07 0.975404 5.63144e-05
7.44732e+11 0.00435397 0.00601418 0.0108131 1.19853e-06 0.978774 4.31335e-05
7.51623e+11 0.00340052 0.00698054 0.00747043 1.76161e-06 0.982117 2.95175e-05
7.58578e+11 0.00322202 0.00654062 0.00815888 3.47871e-06 0.982059 1.61586e-05
7.65597e+11 0.0030959 0.00609205 0.0088226 4.93028e-06 0.981982 2.94891e-06
7.72681e+11 0.00364014 0.00497707 0.010558 3.15342e-06 0.980814 7.58555e-06
7.7983e+11 0.00410623 0.00390994 0.0122405 1.40769e-06 0.97973 1.20572e-05
7.87046e+11 0.00370195 0.00420178 0.0109252 6.8204e-07 0.981152 1.83279e-05
7.94328e+11 0.00325898 0.00451533 0.00959303 1.92923e-07 0.982608 2.41119e-05
8.01678e+11 0.00274873 0.00482735 0.00762344 1.1962e-06 0.984781 1.79925e-05
8.09096e+11 0.00238694 0.00504378 0.00574952 2.05319e-06 0.986806 1.18484e-05
8.16582e+11 0.0029652 0.00441092 0.00669032 2.16888e-06 0.985924 7.72102e-06
8.24138e+11 0.00345009 0.00377212 0.00764586 1.94368e-06 0.985126 4.35972e-06
8.31764e+11 0.00307329 0.00345812 0.00818317 8.61708e-07 0.985274 1.02402e-05
8.3946e+11 0.00259025 0.00330621 0.00852331 9.19435e-08 0.985564 1.58126e-05
8.47227e+11 0.00234894 0.00385917 0.00679922 8.62876e-07 0.986977 1.46892e-05
8.55067e+11 0.00230158 0.00425915 0.00517869 1.52403e-06 0.988247 1.24943e-05
8.62979e+11 0.00254239 0.00379542 0.00556282 1.39659e-06 0.98809 8.30146e-06
8.70964e+11 0.00269482 0.00324435 0.00613439 7.74086e-07 0.987921 5.13956e-06
8.79023e+11 0.00257891 0.00298289 0.00647564 3.62305e-07 0.987955 7.37094e-06
8.87156e+11 0.0022988 0.00297562 0.00650725 1.82588e-07 0.988208 9.91562e-06
8.95365e+11 0.00206506 0.00327917 0.0058067 5.59637e-07 0.988837 1.18961e-05
9.03649e+11 0.00208329 0.00339775 0.00510186 8.46333e-07 0.989405 1.1751e-05
9.12011e+11 0.00227498 0.00323475 0.00472365 1.00332e-06 0.989758 7.74685e-06
9.2045e+11 0.00232069 0.00293434 0.00470646 5.89216e-07 0.990033 4.93167e-06
9.28966e+11 0.00216903 0.00260118 0.00553994 2.76489e-07 0.989683 6.64789e-06
9.37562e+11 0.00186796 0.00258686 0.00593199 2.65848e-07 0.989604 8.81302e-06
9.46237e+11 0.00174201 0.00288267 0.00505354 7.53544e-07 0.99031 1.08826e-05
9.54993e+11 0.00189883 0.00291039 0.00418201 1.00392e-06 0.990997 1.03188e-05
9.63829e+11 0.00217711 0.00272256 0.00400197 1.04126e-06 0.991091 6.7942e-06
9.72747e+11 0.00221837 0.00244332 0.00423262 3.97415e-07 0.9911 4.78793e-06
9.81748e+11 0.00195458 0.00233517 0.00491346 2.23764e-07 0.99079 6.24587e-06
9.90832e+11 0.00162455 0.00255756 0.00502257 2.11714e-07 0.990787 7.78984e-06
1e+12 0.00149072 0.00276851 0.00434594 8.63331e-07 0.991385 8.61218e-06
1.00925e+12 0.00160803 0.00259935 0.0038 9.46961e-07 0.991985 6.88607e-06
1.01859e+12 0.00181232 0.00222226 0.00372916 9.17091e-07 0.99223 5.09396e-06
1.02802e+12 0.00170921 0.0018879 0.00399796 3.78206e-07 0.992399 5.36385e-06
1.03753e+12 0.00151721 0.00188975 0.00425125 2.0035e-07 0.992334 7.21145e-06
1.04713e+12 0.00136906 0.00213944 0.00383317 3.15254e-07 0.99265 8.1723e-06
1.05682e+12 0.00138246 0.00240163 0.00335096 7.9479e-07 0.992856 7.99115e-06
1.0666e+12 0.00157658 0.0022326 0.0031914 6.67743e-07 0.992993 5.61593e-06
1.07647e+12 0.00174612 0.0019632 0.00349667 6.0073e-07 0.992789 4.28641e-06
1.08643e+12 0.00157124 0.00187197 0.00397316 1.94099e-07 0.992578 5.12747e-06
1.09648e+12 0.00136466 0.00198081 0.00417116 2.53609e-07 0.992476 7.21369e-06
1.10662e+12 0.0013133 0.0022126 0.00367208 4.70063e-07 0.992794 7.39597e-06
1.11686e+12 0.00137433 0.00234446 0.00316765 9.39289e-07 0.993106 6.82768e-06
1.1272e+12 0.00150316 0.00203906 0.00320285 6.15291e-07 0.993249 4.97095e-06
1.13763e+12 0.00157984 0.00176524 0.00349712 4.71875e-07 0.993153 4.37971e-06
1.14815e+12 0.00133752 0.00179962 0.00365333 2.26733e-07 0.993203 5.83881e-06
1.15878e+12 0.00114049 0.00195096 0.00361496 3.873e-07 0.993286 7.56514e-06
1.1695e+12 0.00116512 0.0020509 0.00304365 5.61417e-07 0.993733 6.65141e-06
1.18032e+12 0.00124696 0.00207597 0.00268549 8.49755e-07 0.993985 5.70589e-06
1.19124e+12 0.00128125 0.00174921 0.00294433 4.03063e-07 0.99402 4.56095e-06
1.20226e+12 0.00129462 0.00151987 0.00329307 2.66706e-07 0.993888 4.51149e-06
1.21339e+12 0.00107122 0.00164055 0.00323833 1.72662e-07 0.994044 5.81447e-06
1.22462e+12 0.000950417 0.00177883 0.00312195 3.2333e-07 0.994141 6.98395e-06
1.23595e+12 0.00106351 0.0017364 0.002707 3.03573e-07 0.994487 5.3977e-06
1.24738e+12 0.00122 0.00167319 0.00250206 4.8806e-07 0.9946 4.33365e-06
1.25893e+12 0.00123039 0.0013779 0.0028704 1.50036e-07 0.994517 3.86168e-06
1.27057e+12 0.00125198 0.00121819 0.00318698 1.25689e-07 0.994339 3.98275e-06
1.28233e+12 0.00111296 0.00136494 0.00294453 1.13562e-07 0.994573 4.64576e-06
1.2942e+12 0.00100469 0.00153444 0.00272871 3.78758e-07 0.994727 5.21244e-06
1.30617e+12 0.0011355 0.00144591 0.00239967 4.47337e-07 0.995015 3.58208e-06
1.31826e+12 0.00119372 0.00142677 0.00220167 6.53574e-07 0.995174 2.84415e-06
1.33045e+12 0.00108226 0.00131268 0.002456 3.05713e-07 0.995146 2.8828e-06
1.34276e+12 0.00102689 0.00127091 0.00262743 2.35421e-07 0.995071 3.4161e-06
1.35519e+12 0.000851106 0.00150351 0.00223949 2.17018e-07 0.995402 3.98248e-06
1.36773e+12 0.000826736 0.00162761 0.0020575 3.23262e-07 0.995483 4.78266e-06
1.38038e+12 0.000989748 0.00144207 0.00192834 1.98246e-07 0.995636 3.77027e-06
1.39316e+12 0.0011339 0.00131037 0.00199997 3.90009e-07 0.995552 3.28369e-06
1.40605e+12 0.00108585 0.00109875 0.00235403 1.78484e-07 0.995457 3.70191e-06
1.41906e+12 0.00102015 0.00105039 0.00263837 2.18005e-07 0.995287 3.86084e-06
1.43219e+12 0.000839585 0.00121012 0.00233097 2.78268e-07 0.995615 3.74693e-06
1.44544e+12 0.000757951 0.00140706 0.00208852 3.68975e-07 0.995742 3.87407e-06
1.45881e+12 0.000835502 0.00132206 0.00195144 2.67632e-07 0.995888 2.5162e-06
1.47231e+12 0.000978471 0.00125028 0.0018331 3.73647e-07 0.995935 2.29799e-06
1.48594e+12 0.000966917 0.0011326 0.0019476 8.80137e-08 0.99595 2.95571e-06
1.49968e+12 0.000941488 0.00101193 0.00215512 1.32341e-07 0.995888 3.52266e-06
1.51356e+12 0.000805674 0.00107875 0.00189569 2.08495e-07 0.996216 3.81571e-06
1.52757e+12 0.000712646 0.00121986 0.00183033 3.10003e-07 0.996233 3.74298e-06
1.5417e+12 0.000756231 0.00113844 0.00192514 2.75487e-07 0.996177 2.42114e-06
1.55597e+12 0.000882798 0.00112565 0.0018093 3.60391e-07 0.99618 2.02745e-06
1.57036e+12 0.000896443 0.00106915 0.00189064 8.34846e-08 0.996141 2.42981e-06
1.58489e+12 0.00087467 0.000943626 0.00197041 1.20971e-07 0.996208 2.94506e-06
1.59956e+12 0.000715368 0.000986733 0.00163825 1.73565e-07 0.996656 3.31262e-06
1.61436e+12 0.000658502 0.00111213 0.00163554 2.34713e-07 0.99659 3.30428e-06
1.6293e+12 0.000712438 0.00106589 0.00175908 2.1294e-07 0.99646 2.23748e-06
1.64437e+12 0.00081227 0.00105809 0.0016491 3.2434e-07 0.996478 1.96082e-06
1.65959e+12 0.000843607 0.00095495 0.00173638 1.14277e-07 0.996463 2.26938e-06
1.67494e+12 0.000806812 0.000851749 0.00180835 1.57855e-07 0.99653 2.53386e-06
1.69044e+12 0.000608822 0.000891561 0.00153872 1.43218e-07 0.996958 2.80167e-06
1.70608e+12 0.000618064 0.00103562 0.00155647 1.72991e-07 0.996787 2.92209e-06
1.72187e+12 0.000727547 0.00105804 0.00161436 1.62612e-07 0.996598 2.06795e-06
1.7378e+12 0.000706677 0.00101135 0.00144628 2.73903e-07 0.996833 1.97947e-06
1.75388e+12 0.000683395 0.000786736 0.00148625 1.46644e-07 0.997041 2.11814e-06
1.77011e+12 0.000722895 0.000782227 0.00165852 1.70452e-07 0.996834 2.17893e-06
1.78649e+12 0.000649865 0.000905879 0.00158575 9.13528e-08 0.996856 2.35008e-06
1.80302e+12 0.00060965 0.000936384 0.00154198 1.17182e-07 0.996909 2.60783e-06
1.8197e+12 0.000598552 0.000913338 0.00135593 1.49087e-07 0.99713 2.05099e-06
1.83654e+12 0.000598249 0.000916641 0.00128096 2.15439e-07 0.997202 1.97653e-06
1.85353e+12 0.00064812 0.000767698 0.0013972 1.37269e-07 0.997185 1.80013e-06
1.87068e+12 0.000695717 0.000745121 0.00155904 1.74885e-07 0.996998 1.8012e-06
1.88799e+12 0.000624839 0.00081387 0.0015441 8.8216e-08 0.997015 2.10633e-06
1.90546e+12 0.000609563 0.000782635 0.00147423 9.40266e-08 0.997131 2.20299e-06
1.92309e+12 0.000541612 0.000790181 0.00114648 1.00911e-07 0.99752 1.84977e-06
1.94089e+12 0.000519232 0.000874002 0.00117287 1.67094e-07 0.997432 1.86949e-06
1.95884e+12 0.000580807 0.000811989 0.00141146 1.54027e-07 0.997194 1.68463e-06
1.97697e+12 0.000600205 0.000764596 0.0013276 2.02088e-07 0.997306 1.51552e-06
1.99526e+12 0.000593805 0.00065713 0.00122763 8.52686e-08 0.99752 1.6348e-06
2.01372e+12 0.000599848 0.000669263 0.00136573 1.11394e-07 0.997363 1.87214e-06
2.03236e+12 0.000501446 0.000788064 0.00131374 9.4687e-08 0.997395 1.91442e-06
2.05116e+12 0.000510942 0.000782079 0.00119302 1.05931e-07 0.997512 1.9398e-06
2.07014e+12 0.000542633 0.000712045 0.00102923 1.19447e-07 0.997715 1.41758e-06
2.0893e+12 0.000501438 0.000733186 0.00112197 1.39916e-07 0.997642 1.40502e-06
2.10863e+12 0.000494465 0.00065871 0.00134951 9.8048e-08 0.997496 1.54307e-06
2.12814e+12 0.000552572 0.000651681 0.00130204 1.26424e-07 0.997492 1.47854e-06
2.14783e+12 0.000564589 0.000671987 0.0010699 8.66267e-08 0.997692 1.57215e-06
2.1677e+12 0.000528959 0.00065 0.00112047 9.65189e-08 0.997699 1.64201e-06
2.18776e+12 0.000412493 0.000656299 0.00111241 5.88654e-08 0.997817 1.42484e-06
2.208e+12 0.000426849 0.000709292 0.00104917 1.43727e-07 0.997813 1.47119e-06
2.22844e+12 0.000503963 0.000695234 0.00104028 1.59018e-07 0.997759 1.36045e-06
2.24905e+12 0.000497225 0.000645631 0.0010843 1.64035e-07 0.997771 1.20586e-06
2.26986e+12 0.000489709 0.000517795 0.0011283 6.19813e-08 0.997863 1.18753e-06
2.29087e+12 0.000492779 0.000555511 0.00116028 7.44681e-08 0.99779 1.41952e-06
2.31206e+12 0.000421706 0.00067051 0.00105 8.36372e-08 0.997856 1.58365e-06
2.33346e+12 0.00044624 0.000642604 0.000973318 7.54728e-08 0.997936 1.53193e-06
2.35505e+12 0.000464794 0.00059521 0.000857385 8.80903e-08 0.998081 1.06589e-06
2.37684e+12 0.00041963 0.000612324 0.000938284 7.41306e-08 0.998029 1.08802e-06
2.39883e+12 0.00039297 0.000548618 0.00111919 6.01714e-08 0.997938 1.18967e-06
2.42103e+12 0.000422321 0.00057279 0.00105562 1.04623e-07 0.997948 1.15665e-06
2.44343e+12 0.000451652 0.000585337 0.000909964 1.00667e-07 0.998052 1.25378e-06
2.46604e+12 0.000466547 0.000523917 0.000956439 1.10223e-07 0.998052 1.17877e-06
2.48886e+12 0.000436595 0.00049739 0.000918899 4.11571e-08 0.998146 1.03045e-06
2.51189e+12 0.000400355 0.000549259 0.000931494 6.78586e-08 0.998118 1.13717e-06
2.53513e+12 0.000330972 0.000592859 0.000918101 6.91149e-08 0.998157 1.16281e-06
2.55859e+12 0.000351694 0.00059764 0.000835692 1.21154e-07 0.998214 1.07261e-06
2.58226e+12 0.000414063 0.000530478 0.000820444 1.21281e-07 0.998234 9.01164e-07
2.60615e+12 0.000422203 0.000484164 0.000914212 1.21629e-07 0.998178 9.06896e-07
2.63027e+12 0.00042572 0.0004226 0.00097978 5.04508e-08 0.998171 9.87864e-07
2.65461e+12 0.000403988 0.000463231 0.00096073 5.66382e-08 0.998171 1.12571e-06
2.67917e+12 0.000325517 0.000550607 0.000798908 5.14719e-08 0.998324 1.15929e-06
2.70396e+12 0.000337387 0.00054451 0.000736476 6.55897e-08 0.99838 1.09613e-06
2.72898e+12 0.000355821 0.000520974 0.000709461 9.27603e-08 0.998413 7.95724e-07
2.75423e+12 0.000371416 0.000498765 0.000789618 7.18302e-08 0.998339 7.96735e-07
2.77971e+12 0.000387072 0.000408941 0.000925322 5.3066e-08 0.998278 8.27669e-07
2.80543e+12 0.000352378 0.000432104 0.000888169 4.85461e-08 0.998326 8.9259e-07
2.83139e+12 0.000321238 0.000469476 0.000791124 4.1398e-08 0.998417 1.02938e-06
2.85759e+12 0.000335716 0.000475847 0.000768426 5.69577e-08 0.998419 9.45473e-07
2.88403e+12 0.000333831 0.00048319 0.000664106 6.59234e-08 0.998518 7.9815e-07
2.91072e+12 0.000355905 0.000443933 0.000716517 5.82635e-08 0.998483 7.7837e-07
2.93765e+12 0.000358556 0.00040379 0.000791321 4.35984e-08 0.998446 7.23039e-07
2.96483e+12 0.000337687 0.000428327 0.000767613 3.93092e-08 0.998466 7.74403e-07
2.99226e+12 0.000300673 0.000435493 0.000752072 3.11474e-08 0.998511 8.38901e-07
3.01995e+12 0.000279828 0.00045954 0.000709914 5.55106e-08 0.99855 7.67795e-07
3.04789e+12 0.000281149 0.000451861 0.000652332 6.26856e-08 0.998614 7.1978e-07
3.0761e+12 0.00031056 0.000415587 0.000699836 8.18174e-08 0.998573 6.72319e-07
3.10456e+12 0.000341455 0.000370275 0.000725462 6.2238e-08 0.998562 6.52979e-07
3.13329e+12 0.000349649 0.000356453 0.000750614 6.05703e-08 0.998542 7.27722e-07
3.16228e+12 0.000329287 0.000369411 0.000712229 2.67299e-08 0.998588 7.62848e-07
3.19154e+12 0.000303915 0.000406613 0.0006391 3.62537e-08 0.99865 7.71884e-07
3.22107e+12 0.000252074 0.000442643 0.000578667 3.24469e-08 0.998726 6.91303e-07
3.25087e+12 0.000238945 0.000446465 0.00058609 5.72136e-08 0.998728 6.23388e-07
3.28095e+12 0.000247958 0.00040583 0.00062895 6.77697e-08 0.998717 5.32309e-07
3.31131e+12 0.000276953 0.000369328 0.000682502 8.21364e-08 0.998671 5.49768e-07
3.34195e+12 0.000315742 0.000310673 0.000724039 6.38821e-08 0.998649 6.05247e-07
3.37287e+12 0.000319971 0.000304712 0.000715264 6.01337e-08 0.998659 6.78772e-07
3.40408e+12 0.000311961 0.00032909 0.000622318 2.78831e-08 0.998736 7.21175e-07
3.43558e+12 0.000291852 0.00036551 0.000559233 3.29183e-08 0.998783 7.13891e-07
3.46737e+12 0.00024014 0.00041129 0.000489215 2.48179e-08 0.998859 6.02266e-07
3.49945e+12 0.000223471 0.000409771 0.000504521 3.88208e-08 0.998862 5.41211e-07
3.53183e+12 0.000210683 0.000385829 0.00056718 5.32721e-08 0.998836 4.41127e-07
3.56451e+12 0.000230303 0.000358083 0.000618288 6.45211e-08 0.998793 4.63967e-07
3.59749e+12 0.000261709 0.000293445 0.000676775 6.36176e-08 0.998768 5.05452e-07
3.63078e+12 0.000277562 0.000277926 0.000661191 5.78997e-08 0.998783 5.53675e-07
3.66438e+12 0.000294638 0.000274191 0.000594219 3.75602e-08 0.998836 6.25089e-07
3.69828e+12 0.000280189 0.000303897 0.000546352 3.30416e-08 0.998869 6.26914e-07
3.7325e+12 0.000253112 0.000346289 0.000453026 1.78839e-08 0.998947 5.72039e-07
3.76704e+12 0.000234072 0.000359555 0.000444067 2.31963e-08 0.998962 5.09685e-07
3.80189e+12 0.00019844 0.000372904 0.000464128 2.91906e-08 0.998964 4.10205e-07
3.83707e+12 0.000195553 0.00035148 0.000517144 3.73842e-08 0.998935 3.98491e-07
3.87258e+12 0.000197724 0.000310131 0.000585268 4.93209e-08 0.998906 3.82191e-07
3.90841e+12 0.000218837 0.000287239 0.000590757 5.11472e-08 0.998903 4.21319e-07
3.94457e+12 0.000242773 0.000247359 0.000591517 4.83795e-08 0.998918 4.82505e-07
3.98107e+12 0.000252071 0.0002491 0.00055259 3.9477e-08 0.998946 4.98524e-07
4.01791e+12 0.000260373 0.000259635 0.00047502 2.67819e-08 0.999004 5.25423e-07
4.05509e+12 0.0002448 0.000287874 0.000442549 2.19433e-08 0.999024 4.96149e-07
4.09261e+12 0.000224629 0.000318025 0.000393964 1.43121e-08 0.999063 4.40258e-07
4.13048e+12 0.000207546 0.000323835 0.000409577 1.76727e-08 0.999059 3.87954e-07
4.16869e+12 0.000180267 0.000328591 0.000441168 2.27907e-08 0.99905 3.28804e-07
4.20727e+12 0.000175641 0.000306505 0.00048574 2.81228e-08 0.999032 3.2681e-07
4.2462e+12 0.000171654 0.000276461 0.000530468 3.76801e-08 0.999021 3.25414e-07
4.28549e+12 0.000185893 0.000256261 0.000526479 3.95885e-08 0.999031 3.57876e-07
4.32514e+12 0.000202091 0.00022445 0.000520445 4.0656e-08 0.999053 3.98656e-07
4.36516e+12 0.000217742 0.000222096 0.000481962 3.46227e-08 0.999078 4.09226e-07
4.40555e+12 0.000229996 0.000222775 0.000426258 2.74341e-08 0.999121 4.31704e-07
4.44631e+12 0.000224981 0.000243607 0.000397814 2.03e-08 0.999133 4.10646e-07
4.48745e+12 0.000219134 0.000265551 0.000355437 1.32902e-08 0.999159 3.80831e-07
4.52898e+12 0.000202178 0.000282279 0.00036033 1.27748e-08 0.999155 3.38579e-07
4.57088e+12 0.000181386 0.000294903 0.00037312 1.23919e-08 0.99915 2.93009e-07
4.61318e+12 0.000168504 0.000284487 0.000410773 1.60994e-08 0.999136 2.7144e-07
4.65586e+12 0.000151054 0.000273064 0.000446934 2.22787e-08 0.999129 2.54722e-07
4.69894e+12 0.000149721 0.000251285 0.00046511 2.60869e-08 0.999134 2.72385e-07
4.74242e+12 0.000150297 0.00022364 0.000477819 3.18859e-08 0.999148 2.89703e-07
4.7863e+12 0.000162748 0.000208935 0.000453448 3.23535e-08 0.999175 3.11322e-07
4.83059e+12 0.000175869 0.000189813 0.000426656 3.20217e-08 0.999207 3.38698e-07
4.87528e+12 0.000189726 0.000190945 0.000392141 2.73628e-08 0.999227 3.40177e-07
4.9204e+12 0.000200364 0.000195398 0.000346727 2.22253e-08 0.999257 3.45283e-07
4.96592e+12 0.000200171 0.00021309 0.000327261 1.66217e-08 0.999259 3.25593e-07
5.01187e+12 0.000198698 0.000230615 0.000304253 1.14631e-08 0.999266 3.00447e-07
5.05825e+12 0.000186287 0.000246287 0.000312718 9.83107e-09 0.999254 2.68438e-07
5.10505e+12 0.000172162 0.000257958 0.000327283 8.38664e-09 0.999242 2.36523e-07
5.15229e+12 0.000158222 0.000254463 0.000358641 1.0438e-08 0.999228 2.1721e-07
5.19996e+12 0.000140405 0.000249697 0.000387434 1.35397e-08 0.999222 2.02087e-07
5.24807e+12 0.0001319 0.000232741 0.000407122 1.67354e-08 0.999228 2.08684e-07
5.29663e+12 0.000122803 0.000212913 0.000421042 2.16145e-08 0.999243 2.1551e-07
5.34564e+12 0.000124386 0.000195743 0.000408729 2.38969e-08 0.999271 2.32277e-07
5.39511e+12 0.000128496 0.000173918 0.000394633 2.64798e-08 0.999303 2.51357e-07
5.44503e+12 0.00013963 0.000164671 0.000365539 2.59595e-08 0.99933 2.60915e-07
5.49541e+12 0.000151077 0.000155866 0.000330358 2.45926e-08 0.999362 2.74363e-07
5.54626e+12 0.000162395 0.000160111 0.000304305 2.11635e-08 0.999373 2.71195e-07
5.59758e+12 0.00017211 0.00016764 0.00027201 1.72749e-08 0.999388 2.65998e-07
5.64937e+12 0.000174444 0.000182837 0.000261074 1.35047e-08 0.999381 2.49318e-07
5.70164e+12 0.000175858 0.000197884 0.000253159 9.62868e-09 0.999373 2.28692e-07
5.7544e+12 0.000168881 0.000210984 0.000264947 7.9842e-09 0.999355 2.05884e-07
5.80764e+12 0.000160081 0.000222149 0.000281548 6.18003e-09 0.999336 1.83451e-07
5.86138e+12 0.000148711 0.000222962 0.000307466 6.87108e-09 0.999321 1.68931e-07
5.91562e+12 0.000133691 0.000222631 0.000332036 7.93046e-09 0.999311 1.55966e-07
5.97035e+12 0.000122563 0.00021243 0.000349614 9.91794e-09 0.999315 1.5604e-07
6.0256e+12 0.00010928 0.000199364 0.000364402 1.29134e-08 0.999327 1.56566e-07
6.08135e+12 0.000102732 0.000184557 0.00036109 1.5154e-08 0.999351 1.65174e-07
6.13762e+12 9.75592e-05 0.000165058 0.000355684 1.80172e-08 0.999382 1.76148e-07
6.19441e+12 9.89171e-05 0.000151353 0.000336672 1.941e-08 0.999413 1.8532e-07
6.25173e+12 0.000102803 0.00013574 0.000311874 2.04324e-08 0.999449 1.98019e-07
6.30957e+12 0.000110939 0.000128732 0.000287482 2.00757e-08 0.999473 2.03087e-07
6.36796e+12 0.000120296 0.000124149 0.000255869 1.88903e-08 0.999499 2.08225e-07
6.42688e+12 0.000129703 0.000127492 0.000235126 1.6947e-08 0.999507 2.05734e-07
6.48634e+12 0.000139305 0.000134018 0.000213231 1.43119e-08 0.999513 1.99747e-07
6.54636e+12 0.00014472 0.000145152 0.000205203 1.19755e-08 0.999505 1.88882e-07
6.60693e+12 0.000149828 0.000157646 0.000202201 9.07568e-09 0.99949 1.7499e-07
6.66807e+12 0.000149444 0.000169143 0.000211082 7.48873e-09 0.99947 1.60374e-07
6.72977e+12 0.00014732 0.000180866 0.00022477 5.42959e-09 0.999447 1.44738e-07
6.79204e+12 0.000141906 0.000186628 0.000244001 4.96898e-09 0.999427 1.33203e-07
6.85488e+12 0.000133043 0.000191787 0.000265011 4.42258e-09 0.99941 1.21318e-07
6.91831e+12 0.000124252 0.000190203 0.000282162 4.92885e-09 0.999403 1.16248e-07
6.98232e+12 0.000112175 0.000185921 0.000299551 5.8622e-09 0.999402 1.1141e-07
7.04693e+12 0.000102429 0.000178199 0.000306287 7.04319e-09 0.999413 1.11932e-07
7.11214e+12 9.17086e-05 0.000165854 0.000311413 8.76093e-09 0.999431 1.14439e-07
7.17794e+12 8.41923e-05 0.000154186 0.000306481 1.02081e-08 0.999455 1.1837e-07
7.24436e+12 7.81406e-05 0.000138712 0.000296154 1.17833e-08 0.999487 1.25372e-07
7.31139e+12 7.53986e-05 0.0001264 0.0002819 1.29255e-08 0.999516 1.30695e-07
7.37904e+12 7.5046e-05 0.000113512 0.000259947 1.36895e-08 0.999551 1.37688e-07
7.44732e+12 7.74113e-05 0.000104682 0.000240205 1.40426e-08 0.999578 1.41996e-07
7.51623e+12 8.18286e-05 9.81524e-05 0.000215352 1.37895e-08 0.999605 1.45299e-07
7.58578e+12 8.74704e-05 9.57114e-05 0.000195961 1.32732e-08 0.999621 1.46091e-07
7.65597e+12 9.45413e-05 9.6402e-05 0.000177038 1.21715e-08 0.999632 1.44353e-07
7.72681e+12 0.000100923 0.000100254 0.000164656 1.11089e-08 0.999634 1.40656e-07
7.7983e+12 0.000108038 0.000106678 0.00015674 9.53e-09 0.999628 1.34641e-07
7.87046e+12 0.000113182 0.000114201 0.00015516 8.35753e-09 0.999617 1.27741e-07
7.94328e+12 0.000117935 0.000123488 0.000158697 6.74332e-09 0.9996 1.19307e-07
8.01678e+12 0.000120663 0.000131501 0.000166645 5.76186e-09 0.999581 1.1159e-07
8.09096e+12 0.000121569 0.000140285 0.0001786 4.51294e-09 0.999559 1.02875e-07
8.16582e+12 0.000121238 0.000146449 0.000191342 3.86177e-09 0.999541 9.6205e-08
8.24138e+12 0.00011816 0.000151792 0.000206738 3.22241e-09 0.999523 8.91269e-08
8.31764e+12 0.000114648 0.000154718 0.000219328 2.96576e-09 0.999511 8.43205e-08
8.3946e+12 0.00010864 0.000155006 0.000232698 2.95541e-09 0.999504 8.01235e-08
8.47227e+12 0.000102589 0.000153937 0.000241726 3.11169e-09 0.999502 7.74054e-08
8.55067e+12 9.52827e-05 0.000149294 0.000248682 3.55659e-09 0.999507 7.63048e-08
8.62979e+12 8.80818e-05 0.000144199 0.000252116 4.05434e-09 0.999516 7.57013e-08
8.70964e+12 8.10444e-05 0.000136147 0.000250683 4.69801e-09 0.999532 7.69337e-08
8.79023e+12 7.435e-05 0.000128023 0.000247473 5.35805e-09 0.99955 7.81527e-08
8.87156e+12 6.8727e-05 0.000118664 0.000238467 5.97237e-09 0.999574 8.04601e-08
8.95365e+12 6.38223e-05 0.000109411 0.000228885 6.57284e-09 0.999598 8.26951e-08
9.03649e+12 6.02727e-05 0.000100662 0.0002151 7.0112e-09 0.999624 8.49061e-08
9.12011e+12 5.77194e-05 9.23781e-05 0.000201165 7.38777e-09 0.999649 8.7037e-08
9.2045e+12 5.64695e-05 8.55995e-05 0.000186003 7.58185e-09 0.999672 8.83937e-08
9.28966e+12 5.61895e-05 7.97842e-05 0.000171017 7.68109e-09 0.999693 8.94907e-08
9.37562e+12 5.70801e-05 7.57316e-05 0.000157402 7.6187e-09 0.99971 8.96583e-08
9.46237e+12 5.86528e-05 7.29438e-05 0.000144659 7.47721e-09 0.999724 8.9346e-08
9.54993e+12 6.1189e-05 7.18292e-05 0.000134581 7.18781e-09 0.999732 8.82807e-08
9.63829e+12 6.40801e-05 7.18718e-05 0.000126179 6.87546e-09 0.999738 8.6707e-08
9.72747e+12 6.75425e-05 7.34147e-05 0.000120675 6.42311e-09 0.999738 8.45562e-08
9.81748e+12 7.11651e-05 7.57204e-05 0.000117193 6.00306e-09 0.999736 8.21023e-08
9.90832e+12 7.47851e-05 7.92244e-05 0.000116428 5.47393e-09 0.999729 7.91641e-08
1e+13 7.84886e-05 8.31061e-05 0.000117364 4.99776e-09 0.999721 7.61905e-08
1.00925e+13 8.16197e-05 8.76242e-05 0.000120713 4.47847e-09 0.99971 7.28681e-08
1.01859e+13 8.47327e-05 9.232e-05 0.000125092 3.99876e-09 0.999698 6.96507e-08
1.02802e+13 8.69428e-05 9.68878e-05 0.000131297 3.55467e-09 0.999685 6.63608e-08
1.03753e+13 8.89008e-05 0.000101549 0.000137987 3.12934e-09 0.999671 6.3154e-08
1.04713e+13 8.99682e-05 0.000105389 0.000145468 2.7944e-09 0.999659 6.02216e-08
1.05682e+13 9.04504e-05 0.000109161 0.000153198 2.47482e-09 0.999647 5.73035e-08
1.0666e+13 9.03053e-05 0.000111772 0.000160443 2.25607e-09 0.999637 5.49036e-08
1.07647e+13 8.92913e-05 0.000113972 0.000167802 2.06964e-09 0.999629 5.25334e-08
1.08643e+13 8.79617e-05 0.000115106 0.000173655 1.95937e-09 0.999623 5.07056e-08
1.09648e+13 8.56781e-05 0.00011539 0.000179279 1.90157e-09 0.99962 4.90356e-08
1.10662e+13 8.32737e-05 0.000114975 0.000183032 1.8876e-09 0.999619 4.77431e-08
1.11686e+13 8.0075e-05 0.000113383 0.000185916 1.92904e-09 0.999621 4.6765e-08
1.1272e+13 7.67957e-05 0.000111465 0.000187235 1.99796e-09 0.999624 4.59493e-08
1.13763e+13 7.30524e-05 0.000108328 0.000186971 2.10029e-09 0.999632 4.55195e-08
1.14815e+13 6.91927e-05 0.000105061 0.000185774 2.23521e-09 0.99964 4.512e-08
1.15878e+13 6.52325e-05 0.000100843 0.000182561 2.36529e-09 0.999651 4.50381e-08
1.1695e+13 6.11573e-05 9.65056e-05 0.000178952 2.54327e-09 0.999663 4.49818e-08
1.18032e+13 5.72605e-05 9.16669e-05 0.000173404 2.67893e-09 0.999678 4.50686e-08
1.19124e+13 5.3352e-05 8.66587e-05 0.000167673 2.87174e-09 0.999692 4.5253e-08
1.20226e+13 4.97707e-05 8.16008e-05 0.000160553 2.99944e-09 0.999708 4.53875e-08
1.21339e+13 4.6367e-05 7.64011e-05 0.000153203 3.17814e-09 0.999724 4.56813e-08
1.22462e+13 4.33333e-05 7.14705e-05 0.000145233 3.28745e-09 0.99974 4.57922e-08
1.23595e+13 4.06817e-05 6.65654e-05 0.000136959 3.4282e-09 0.999756 4.60552e-08
1.24738e+13 3.8392e-05 6.20793e-05 0.000128757 3.50823e-09 0.999771 4.60921e-08
1.25893e+13 3.66298e-05 5.78836e-05 0.000120359 3.5963e-09 0.999785 4.62045e-08
1.27057e+13 3.5213e-05 5.41357e-05 0.000112468 3.63612e-09 0.999798 4.61157e-08
1.28233e+13 3.43749e-05 5.09399e-05 0.000104722 3.66674e-09 0.99981 4.60006e-08
1.2942e+13 3.38663e-05 4.81733e-05 9.76504e-05 3.65855e-09 0.99982 4.57323e-08
1.30617e+13 3.39053e-05 4.61274e-05 9.11864e-05 3.6348e-09 0.999829 4.53611e-08
1.31826e+13 3.42404e-05 4.44918e-05 8.54032e-05 3.57703e-09 0.999836 4.48721e-08
1.33045e+13 3.50514e-05 4.36196e-05 8.06379e-05 3.50667e-09 0.999841 4.42562e-08
1.34276e+13 3.60841e-05 4.31401e-05 7.65153e-05 3.405e-09 0.999844 4.35351e-08
1.35519e+13 3.75209e-05 4.33682e-05 7.36391e-05 3.29771e-09 0.999845 4.27099e-08
1.36773e+13 3.90581e-05 4.39426e-05 7.1382e-05 3.16345e-09 0.999846 4.17818e-08
1.38038e+13 4.09451e-05 4.51282e-05 7.03927e-05 3.02931e-09 0.999843 4.07926e-08
1.39316e+13 4.27825e-05 4.65563e-05 6.99948e-05 2.87612e-09 0.999841 3.97123e-08
1.40605e+13 4.49241e-05 4.8507e-05 7.07458e-05 2.72522e-09 0.999836 3.86068e-08
1.41906e+13 4.68736e-05 5.05366e-05 7.19993e-05 2.56586e-09 0.999831 3.74428e-08
1.43219e+13 4.90671e-05 5.30233e-05 7.42407e-05 2.40837e-09 0.999824 3.62688e-08
1.44544e+13 5.09696e-05 5.5396e-05 7.67938e-05 2.25264e-09 0.999817 3.50862e-08
1.45881e+13 5.30206e-05 5.81656e-05 8.01997e-05 2.09864e-09 0.999809 3.38923e-08
1.47231e+13 5.47469e-05 6.0648e-05 8.36347e-05 1.95288e-09 0.999801 3.27415e-08
1.48594e+13 5.64885e-05 6.34403e-05 8.78225e-05 1.81171e-09 0.999792 3.1576e-08
1.49968e+13 5.79346e-05 6.58373e-05 9.17272e-05 1.67955e-09 0.999784 3.04896e-08
1.51356e+13 5.92422e-05 6.84073e-05 9.6279e-05 1.55879e-09 0.999776 2.93982e-08
1.52757e+13 6.03248e-05 7.05605e-05 0.00010029 1.44234e-09 0.999769 2.83945e-08
1.5417e+13 6.11265e-05 7.2702e-05 0.000104783 1.3469e-09 0.999761 2.74146e-08
1.55597e+13 6.17818e-05 7.4483e-05 0.0001086 1.24769e-09 0.999755 2.65034e-08
1.57036e+13 6.20585e-05 7.60482e-05 0.000112646 1.17926e-09 0.999749 2.56597e-08
1.58489e+13 6.22457e-05 7.73531e-05 0.000116025 1.0986e-09 0.999744 2.48477e-08
1.59956e+13 6.20241e-05 7.82627e-05 0.000119307 1.05581e-09 0.99974 2.4149e-08
1.61436e+13 6.17299e-05 7.90125e-05 0.000122047 9.94636e-10 0.999737 2.34417e-08
1.6293e+13 6.10694e-05 7.92546e-05 0.000124352 9.73769e-10 0.999735 2.28818e-08
1.64437e+13 6.03117e-05 7.94003e-05 0.00012629 9.32148e-10 0.999734 2.2283e-08
1.65959e+13 5.92893e-05 7.90187e-05 0.000127516 9.28171e-10 0.999734 2.18436e-08
1.67494e+13 5.81162e-05 7.8548e-05 0.000128532 9.04952e-10 0.999735 2.13533e-08
1.69044e+13 5.68133e-05 7.76244e-05 0.000128685 9.12591e-10 0.999737 2.10093e-08
1.70608e+13 5.52981e-05 7.65658e-05 0.000128707 9.05267e-10 0.999739 2.06213e-08
1.72187e+13 5.3791e-05 7.52007e-05 0.000127877 9.19838e-10 0.999743 2.03463e-08
1.7378e+13 5.20232e-05 7.36217e-05 0.000126898 9.24797e-10 0.999747 2.00477e-08
1.75388e+13 5.03782e-05 7.1918e-05 0.000125228 9.42696e-10 0.999752 1.98184e-08
1.77011e+13 4.84525e-05 6.99173e-05 0.000123309 9.55744e-10 0.999758 1.95905e-08
1.78649e+13 4.67251e-05 6.79694e-05 0.000120965 9.74539e-10 0.999764 1.93886e-08
1.80302e+13 4.47315e-05 6.56645e-05 0.000118228 9.9152e-10 0.999771 1.921e-08
1.8197e+13 4.29679e-05 6.35534e-05 0.000115375 1.00978e-09 0.999778 1.90232e-08
1.83654e+13 4.09837e-05 6.10664e-05 0.000111989 1.02711e-09 0.999786 1.88722e-08
1.85353e+13 3.9224e-05 5.88595e-05 0.000108773 1.04403e-09 0.999793 1.86934e-08
1.87068e+13 3.73095e-05 5.63043e-05 0.000104937 1.05906e-09 0.999801 1.85513e-08
1.88799e+13 3.55895e-05 5.40582e-05 0.000101483 1.07423e-09 0.999809 1.83763e-08
1.90546e+13 3.37874e-05 5.15308e-05 9.73946e-05 1.08537e-09 0.999817 1.82292e-08
1.92309e+13 3.21406e-05 4.92952e-05 9.38046e-05 1.09844e-09 0.999825 1.8056e-08
1.94089e+13 3.04777e-05 4.6869e-05 8.96452e-05 1.10507e-09 0.999833 1.78954e-08
1.95884e+13 2.8935e-05 4.46892e-05 8.60074e-05 1.11568e-09 0.99984 1.7722e-08
1.97697e+13 2.74259e-05 4.24148e-05 8.19259e-05 1.11788e-09 0.999848 1.75445e-08
1.99526e+13 2.60144e-05 4.03334e-05 7.83185e-05 1.12557e-09 0.999855 1.73689e-08
2.01372e+13 2.46656e-05 3.82417e-05 7.44255e-05 1.12388e-09 0.999863 1.71747e-08
2.03236e+13 2.34079e-05 3.6298e-05 7.09213e-05 1.12825e-09 0.999869 1.69943e-08
2.05116e+13 2.2221e-05 3.44049e-05 6.72907e-05 1.12336e-09 0.999876 1.67861e-08
2.07014e+13 2.11336e-05 3.26335e-05 6.39586e-05 1.12405e-09 0.999882 1.65985e-08
2.0893e+13 2.01083e-05 3.09454e-05 6.06334e-05 1.11657e-09 0.999888 1.63798e-08
2.10863e+13 1.92003e-05 2.93744e-05 5.75366e-05 1.11344e-09 0.999894 1.61827e-08
2.12814e+13 1.83355e-05 2.78926e-05 5.45376e-05 1.10386e-09 0.999899 1.59569e-08
2.14783e+13 1.76092e-05 2.65417e-05 5.17313e-05 1.09695e-09 0.999904 1.57492e-08
2.1677e+13 1.69033e-05 2.52653e-05 4.90656e-05 1.08556e-09 0.999909 1.55187e-08
2.18776e+13 1.63546e-05 2.41451e-05 4.65931e-05 1.07516e-09 0.999913 1.53e-08
2.208e+13 1.58048e-05 2.30726e-05 4.42612e-05 1.06211e-09 0.999917 1.50665e-08
2.22844e+13 1.54242e-05 2.21845e-05 4.21519e-05 1.04866e-09 0.99992 1.48377e-08
2.24905e+13 1.50262e-05 2.13137e-05 4.01518e-05 1.034e-09 0.999923 1.46019e-08
2.26986e+13 1.48007e-05 2.0651e-05 3.84196e-05 1.01804e-09 0.999926 1.43647e-08
2.29087e+13 1.45476e-05 1.99785e-05 3.67487e-05 1.00181e-09 0.999929 1.41269e-08
2.31206e+13 1.44618e-05 1.95282e-05 3.53926e-05 9.83967e-10 0.999931 1.38838e-08
2.33346e+13 1.4344e-05 1.9048e-05 3.40474e-05 9.66262e-10 0.999933 1.36441e-08
2.35505e+13 1.43819e-05 1.87926e-05 3.30538e-05 9.47124e-10 0.999934 1.33977e-08
2.37684e+13 1.43868e-05 1.84957e-05 3.20282e-05 9.28112e-10 0.999935 1.31564e-08
2.39883e+13 1.45325e-05 1.84153e-05 3.13737e-05 9.08188e-10 0.999936 1.29093e-08
2.42103e+13 1.46454e-05 1.82888e-05 3.06575e-05 8.88121e-10 0.999936 1.26671e-08
2.44343e+13 1.48838e-05 1.83627e-05 3.03123e-05 8.67829e-10 0.999936 1.24215e-08
2.46604e+13 1.50881e-05 1.83902e-05 2.98896e-05 8.47025e-10 0.999937 1.21795e-08
2.48886e+13 1.54053e-05 1.85983e-05 2.98207e-05 8.26677e-10 0.999936 1.19373e-08
2.51189e+13 1.56839e-05 1.87604e-05 2.96694e-05 8.05495e-10 0.999936 1.16968e-08
2.53513e+13 1.6067e-05 1.90837e-05 2.98434e-05 7.8531e-10 0.999935 1.14593e-08
2.55859e+13 1.64031e-05 1.93592e-05 2.99357e-05 7.64111e-10 0.999934 1.1222e-08
2.58226e+13 1.68399e-05 1.97802e-05 3.03202e-05 7.44232e-10 0.999933 1.09901e-08
2.60615e+13 1.72176e-05 2.0147e-05 3.06238e-05 7.23348e-10 0.999932 1.07576e-08
2.63027e+13 1.76968e-05 2.06496e-05 3.11886e-05 7.0388e-10 0.99993 1.05318e-08
2.65461e+13 1.8102e-05 2.10863e-05 3.16684e-05 6.83591e-10 0.999929 1.03055e-08
2.67917e+13 1.86122e-05 2.16552e-05 3.23857e-05 6.64596e-10 0.999927 1.00861e-08
2.70396e+13 1.90329e-05 2.21418e-05 3.30059e-05 6.45103e-10 0.999926 9.86725e-09
2.72898e+13 1.95631e-05 2.27626e-05 3.38501e-05 6.26638e-10 0.999924 9.65443e-09
2.75423e+13 1.99892e-05 2.32815e-05 3.45761e-05 6.08075e-10 0.999922 9.44392e-09
2.77971e+13 2.05285e-05 2.39397e-05 3.55229e-05 5.90207e-10 0.99992 9.23782e-09
2.80543e+13 2.09522e-05 2.4476e-05 3.6323e-05 5.7264e-10 0.999918 9.03613e-09
2.83139e+13 2.14898e-05 2.51577e-05 3.7349e-05 5.55441e-10 0.999916 8.83693e-09
2.85759e+13 2.19048e-05 2.5699e-05 3.81955e-05 5.38877e-10 0.999914 8.64422e-09
2.88403e+13 2.24304e-05 2.63902e-05 3.92776e-05 5.22425e-10 0.999912 8.45216e-09
2.91072e+13 2.28319e-05 2.6927e-05 4.01474e-05 5.06829e-10 0.99991 8.26831e-09
2.93765e+13 2.33357e-05 2.76138e-05 4.12626e-05 4.91214e-10 0.999908 8.08365e-09
2.96483e+13 2.372e-05 2.81386e-05 4.21368e-05 4.7653e-10 0.999906 7.90836e-09
2.99226e+13 2.41932e-05 2.88078e-05 4.32624e-05 4.61821e-10 0.999904 7.73141e-09
3.01995e+13 2.45572e-05 2.93148e-05 4.41264e-05 4.47972e-10 0.999902 7.56425e-09
3.04789e+13 2.49922e-05 2.99541e-05 4.524e-05 4.34249e-10 0.9999 7.39529e-09
3.0761e+13 2.5333e-05 3.04388e-05 4.60824e-05 4.21173e-10 0.999898 7.23576e-09
3.10456e+13 2.57236e-05 3.1037e-05 4.71627e-05 4.08484e-10 0.999896 7.07503e-09
3.13329e+13 2.60386e-05 3.14955e-05 4.79749e-05 3.96122e-10 0.999894 6.92265e-09
3.16228e+13 2.63802e-05 3.20433e-05 4.9002e-05 3.84497e-10 0.999893 6.77028e-09
3.19154e+13 2.66669e-05 3.24721e-05 4.9777e-05 3.72802e-10 0.999891 6.62464e-09
3.22107e+13 2.69564e-05 3.29617e-05 5.07334e-05 3.62235e-10 0.999889 6.48068e-09
3.25087e+13 2.72122e-05 3.33576e-05 5.14653e-05 3.5117e-10 0.999888 6.34142e-09
3.28095e+13 2.74482e-05 3.37834e-05 5.23361e-05 3.41639e-10 0.999886 6.20577e-09
3.31131e+13 2.76705e-05 3.4143e-05 5.30193e-05 3.31192e-10 0.999885 6.07262e-09
3.34195e+13 2.7853e-05 3.45016e-05 5.37928e-05 3.22661e-10 0.999884 5.94506e-09
3.37287e+13 2.80395e-05 3.48216e-05 5.44221e-05 3.12829e-10 0.999883 5.81781e-09
3.40408e+13 2.81699e-05 3.51114e-05 5.50899e-05 3.05222e-10 0.999882 5.69802e-09
3.43558e+13 2.83184e-05 3.53885e-05 5.56597e-05 2.96e-10 0.999881 5.57653e-09
3.46737e+13 2.83992e-05 3.561e-05 5.62169e-05 2.89237e-10 0.99988 5.46408e-09
3.49945e+13 2.85078e-05 3.58412e-05 5.67219e-05 2.80628e-10 0.999879 5.34824e-09
3.53183e+13 2.85424e-05 3.59964e-05 5.7167e-05 2.74607e-10 0.999878 5.24264e-09
3.56451e+13 2.861e-05 3.61788e-05 5.76016e-05 2.66605e-10 0.999878 5.13237e-09
3.59749e+13 2.86022e-05 3.62712e-05 5.7936e-05 2.61246e-10 0.999877 5.03306e-09
3.63078e+13 2.8628e-05 3.64026e-05 5.82953e-05 2.53862e-10 0.999877 4.92827e-09
3.66438e+13 2.85821e-05 3.64367e-05 5.85229e-05 2.49058e-10 0.999876 4.83468e-09
3.69828e+13 2.85662e-05 3.65154e-05 5.88023e-05 2.42275e-10 0.999876 4.73526e-09
3.7325e+13 2.84867e-05 3.64964e-05 5.89293e-05 2.3794e-10 0.999876 4.64683e-09
3.76704e+13 2.84297e-05 3.65217e-05 5.91254e-05 2.3174e-10 0.999876 4.55263e-09
3.80189e+13 2.83209e-05 3.64551e-05 5.91595e-05 2.27776e-10 0.999876 4.46883e-09
3.83707e+13 2.8224e-05 3.6427e-05 5.92697e-05 2.22129e-10 0.999876 4.37969e-09
3.87258e+13 2.80901e-05 3.63186e-05 5.92197e-05 2.18484e-10 0.999876 4.30001e-09
3.90841e+13 2.79553e-05 3.6238e-05 5.92429e-05 2.13372e-10 0.999877 4.21572e-09
3.94457e+13 2.78001e-05 3.60934e-05 5.91179e-05 2.09956e-10 0.999877 4.13972e-09
3.98107e+13 2.76299e-05 3.5962e-05 5.90544e-05 2.05324e-10 0.999877 4.06006e-09
4.01791e+13 2.74569e-05 3.57864e-05 5.88639e-05 2.02102e-10 0.999878 3.98734e-09
4.05509e+13 2.72541e-05 3.56069e-05 5.87153e-05 1.97917e-10 0.999878 3.91202e-09
4.09261e+13 2.70664e-05 3.54051e-05 5.84683e-05 1.9484e-10 0.999879 3.84224e-09
4.13048e+13 2.68343e-05 3.51807e-05 5.82378e-05 1.91053e-10 0.99988 3.77099e-09
4.16869e+13 2.66344e-05 3.49571e-05 5.79427e-05 1.88096e-10 0.99988 3.70389e-09
4.20727e+13 2.63765e-05 3.46916e-05 5.76347e-05 1.84661e-10 0.999881 3.6364e-09
4.2462e+13 2.61665e-05 3.44499e-05 5.72992e-05 1.81792e-10 0.999882 3.57176e-09
4.28549e+13 2.58865e-05 3.41475e-05 5.69192e-05 1.78658e-10 0.999883 3.50773e-09
4.32514e+13 2.5668e-05 3.38909e-05 5.65502e-05 1.75862e-10 0.999884 3.44536e-09
4.36516e+13 2.53696e-05 3.35562e-05 5.61045e-05 1.72985e-10 0.999885 3.38449e-09
4.40555e+13 2.51442e-05 3.32873e-05 5.57077e-05 1.70269e-10 0.999886 3.32425e-09
4.44631e+13 2.48309e-05 3.29249e-05 5.52035e-05 1.67613e-10 0.999887 3.26626e-09
4.48745e+13 2.45995e-05 3.26458e-05 5.47838e-05 1.64954e-10 0.999888 3.20806e-09
4.52898e+13 2.42748e-05 3.22605e-05 5.42285e-05 1.62471e-10 0.999889 3.15268e-09
4.57088e+13 2.40383e-05 3.19727e-05 5.37899e-05 1.59881e-10 0.99989 3.09643e-09
4.61318e+13 2.37055e-05 3.15692e-05 5.31912e-05 1.57545e-10 0.999892 3.04342e-09
4.65586e+13 2.34644e-05 3.12741e-05 5.27368e-05 1.55024e-10 0.999893 2.98906e-09
4.69894e+13 2.31265e-05 3.08566e-05 5.21025e-05 1.528e-10 0.999894 2.93818e-09
4.74242e+13 2.28814e-05 3.05551e-05 5.16348e-05 1.50332e-10 0.999895 2.88567e-09
4.7863e+13 2.25409e-05 3.01279e-05 5.09723e-05 1.48186e-10 0.999896 2.83674e-09
4.83059e+13 2.22922e-05 2.98207e-05 5.04931e-05 1.45801e-10 0.999897 2.78604e-09
4.87528e+13 2.19516e-05 2.93875e-05 4.98095e-05 1.43733e-10 0.999899 2.73888e-09
4.9204e+13 2.16997e-05 2.90753e-05 4.93203e-05 1.41423e-10 0.9999 2.68994e-09
4.96592e+13 2.1361e-05 2.86394e-05 4.86223e-05 1.39408e-10 0.999901 2.64441e-09
5.01187e+13 2.11062e-05 2.83227e-05 4.81241e-05 1.37176e-10 0.999902 2.59721e-09
5.05825e+13 2.07712e-05 2.78872e-05 4.74177e-05 1.35201e-10 0.999904 2.55318e-09
5.10505e+13 2.05138e-05 2.75662e-05 4.69114e-05 1.33043e-10 0.999905 2.50768e-09
5.15229e+13 2.01837e-05 2.71337e-05 4.6202e-05 1.31097e-10 0.999906 2.46504e-09
5.19996e+13 1.99242e-05 2.6809e-05 4.56883e-05 1.29026e-10 0.999908 2.42121e-09
5.24807e+13 1.96003e-05 2.63815e-05 4.49806e-05 1.27112e-10 0.999909 2.37989e-09
5.29663e+13 1.9339e-05 2.60535e-05 4.44602e-05 1.25112e-10 0.99991 2.33767e-09
5.34564e+13 1.90221e-05 2.56328e-05 4.37582e-05 1.23215e-10 0.999912 2.2976e-09
5.39511e+13 1.87596e-05 2.5302e-05 4.32317e-05 1.21303e-10 0.999913 2.25694e-09
5.44503e+13 1.84502e-05 2.48894e-05 4.25387e-05 1.19437e-10 0.999914 2.21806e-09
5.49541e+13 1.81869e-05 2.45565e-05 4.2007e-05 1.17595e-10 0.999915 2.17893e-09
5.54626e+13 1.78856e-05 2.4153e-05 4.13257e-05 1.15747e-10 0.999917 2.14122e-09
5.59758e+13 1.7622e-05 2.38184e-05 4.07894e-05 1.13982e-10 0.999918 2.10354e-09
5.64937e+13 1.73289e-05 2.34248e-05 4.01219e-05 1.12162e-10 0.999919 2.06694e-09
5.70164e+13 1.70656e-05 2.30892e-05 3.9582e-05 1.10465e-10 0.99992 2.03068e-09
5.7544e+13 1.67808e-05 2.2706e-05 3.89299e-05 1.08671e-10 0.999922 1.99518e-09
5.80764e+13 1.65184e-05 2.23701e-05 3.83873e-05 1.07038e-10 0.999923 1.96028e-09
5.86138e+13 1.62418e-05 2.19975e-05 3.77517e-05 1.05272e-10 0.999924 1.92584e-09
5.91562e+13 1.5981e-05 2.1662e-05 3.72075e-05 1.03704e-10 0.999925 1.89224e-09
5.97035e+13 1.57125e-05 2.13001e-05 3.6589e-05 1.01973e-10 0.999926 1.85886e-09
6.0256e+13 1.54538e-05 2.09658e-05 3.60445e-05 1.00463e-10 0.999928 1.8265e-09
6.08135e+13 1.51932e-05 2.06144e-05 3.54433e-05 9.87671e-11 0.999929 1.79415e-09
6.13762e+13 1.49373e-05 2.02821e-05 3.48996e-05 9.73045e-11 0.99993 1.76297e-09
6.19441e+13 1.46843e-05 1.99412e-05 3.43159e-05 9.56422e-11 0.999931 1.73164e-09
6.25173e+13 1.44316e-05 1.96116e-05 3.37743e-05 9.42371e-11 0.999932 1.7016e-09
6.30957e+13 1.4186e-05 1.92807e-05 3.32078e-05 9.26213e-11 0.999933 1.67127e-09
6.36796e+13 1.39371e-05 1.89547e-05 3.26696e-05 9.12548e-11 0.999934 1.64232e-09
6.42688e+13 1.36986e-05 1.86335e-05 3.21199e-05 8.9675e-11 0.999936 1.61298e-09
6.48634e+13 1.34541e-05 1.83118e-05 3.15863e-05 8.83575e-11 0.999937 1.58505e-09
6.54636e+13 1.32222e-05 1.8e-05 3.10529e-05 8.68271e-11 0.999938 1.55668e-09
6.60693e+13 1.29826e-05 1.76832e-05 3.05253e-05 8.55464e-11 0.999939 1.52973e-09
6.66807e+13 1.27572e-05 1.73803e-05 3.00077e-05 8.40581e-11 0.99994 1.50231e-09
6.72977e+13 1.25227e-05 1.70692e-05 2.94872e-05 8.28106e-11 0.999941 1.4763e-09
6.79204e+13 1.23035e-05 1.67749e-05 2.89846e-05 8.13647e-11 0.999942 1.4498e-09
6.85488e+13 1.20747e-05 1.64699e-05 2.84724e-05 8.01535e-11 0.999943 1.42469e-09
6.91831e+13 1.18613e-05 1.61838e-05 2.79842e-05 7.87553e-11 0.999944 1.39909e-09
6.98232e+13 1.16384e-05 1.58856e-05 2.74813e-05 7.75723e-11 0.999945 1.37484e-09
7.04693e+13 1.14307e-05 1.56073e-05 2.70069e-05 7.62166e-11 0.999946 1.35013e-09
7.11214e+13 1.1214e-05 1.53163e-05 2.65142e-05 7.50666e-11 0.999947 1.3267e-09
7.17794e+13 1.10118e-05 1.50455e-05 2.6053e-05 7.3759e-11 0.999948 1.30286e-09
7.24436e+13 1.08015e-05 1.47621e-05 2.55714e-05 7.2637e-11 0.999949 1.28022e-09
7.31139e+13 1.06045e-05 1.44984e-05 2.51227e-05 7.13731e-11 0.99995 1.25721e-09
7.37904e+13 1.04008e-05 1.42231e-05 2.46531e-05 7.02701e-11 0.999951 1.23532e-09
7.44732e+13 1.02089e-05 1.39662e-05 2.42164e-05 6.90432e-11 0.999952 1.21313e-09
7.51623e+13 1.00119e-05 1.36991e-05 2.37592e-05 6.79799e-11 0.999953 1.19197e-09
7.58578e+13 9.82484e-06 1.34489e-05 2.3334e-05 6.68077e-11 0.999953 1.17057e-09
7.65597e+13 9.63461e-06 1.31903e-05 2.28899e-05 6.57576e-11 0.999954 1.15009e-09
7.72681e+13 9.4524e-06 1.29465e-05 2.24757e-05 6.46158e-11 0.999955 1.12944e-09
7.7983e+13 9.26898e-06 1.26964e-05 2.20451e-05 6.35965e-11 0.999956 1.10966e-09
7.87046e+13 9.09146e-06 1.24589e-05 2.16416e-05 6.2501e-11 0.999957 1.08977e-09
7.94328e+13 8.91484e-06 1.22175e-05 2.12248e-05 6.15085e-11 0.999958 1.07063e-09
8.01678e+13 8.74192e-06 1.1986e-05 2.08316e-05 6.0454e-11 0.999958 1.05143e-09
8.09096e+13 8.57205e-06 1.17533e-05 2.04288e-05 5.9472e-11 0.999959 1.03293e-09
8.16582e+13 8.40366e-06 1.15278e-05 2.00456e-05 5.8443e-11 0.99996 1.01442e-09
8.24138e+13 8.24047e-06 1.13038e-05 1.96569e-05 5.74961e-11 0.999961 9.96519e-10
8.31764e+13 8.07654e-06 1.10841e-05 1.92835e-05 5.65141e-11 0.999962 9.78673e-10
8.3946e+13 7.91992e-06 1.08687e-05 1.8909e-05 5.55845e-11 0.999962 9.61357e-10
8.47227e+13 7.7604e-06 1.06547e-05 1.85451e-05 5.46317e-11 0.999963 9.44146e-10
8.55067e+13 7.61023e-06 1.04479e-05 1.81847e-05 5.3728e-11 0.999964 9.27408e-10
8.62979e+13 7.45507e-06 1.02396e-05 1.78303e-05 5.2811e-11 0.999964 9.1082e-10
8.70964e+13 7.31119e-06 1.00411e-05 1.74839e-05 5.19295e-11 0.999965 8.9464e-10
8.79023e+13 7.16036e-06 9.83842e-06 1.71387e-05 5.10437e-11 0.999966 8.78649e-10
8.87156e+13 7.02261e-06 9.64818e-06 1.68061e-05 5.01839e-11 0.999967 8.62999e-10
8.95365e+13 6.87606e-06 9.451e-06 1.647e-05 4.93279e-11 0.999967 8.4757e-10
9.03649e+13 6.74426e-06 9.26879e-06 1.6151e-05 4.84893e-11 0.999968 8.32446e-10
9.12011e+13 6.60195e-06 9.0771e-06 1.5824e-05 4.76615e-11 0.999968 8.17572e-10
9.2045e+13 6.47592e-06 8.90268e-06 1.55183e-05 4.68472e-11 0.999969 8.02944e-10
9.28966e+13 6.33782e-06 8.71644e-06 1.52002e-05 4.60494e-11 0.99997 7.88591e-10
9.37562e+13 6.21734e-06 8.54959e-06 1.49075e-05 4.52614e-11 0.99997 7.74467e-10
9.46237e+13 6.08341e-06 8.36874e-06 1.45982e-05 4.44942e-11 0.999971 7.60635e-10
9.54993e+13 5.9683e-06 8.20921e-06 1.43181e-05 4.37234e-11 0.999972 7.46981e-10
9.63829e+13 5.8385e-06 8.03371e-06 1.40176e-05 4.29775e-11 0.999972 7.33633e-10
9.72747e+13 5.72853e-06 7.88126e-06 1.37497e-05 4.22276e-11 0.999973 7.20436e-10
9.81748e+13 5.60282e-06 7.71106e-06 1.3458e-05 4.15055e-11 0.999973 7.07556e-10
9.90832e+13 5.49779e-06 7.56541e-06 1.32019e-05 4.07795e-11 0.999974 6.94814e-10
1e+14 5.37612e-06 7.40046e-06 1.29188e-05 4.00833e-11 0.999974 6.82395e-10
