1e+10 3.87199e-06 7.62791e-06 1.55233e-05 7.39139e-05 0.99865 0.00124955
1.00925e+10 1.00658e-06 2.31658e-06 1.61658e-05 7.24935e-05 0.998681 0.00122687
1.01859e+10 5.27366e-07 1.05704e-05 3.39128e-06 7.12242e-05 0.99871 0.00120417
1.02802e+10 1.45328e-06 3.09423e-06 7.45612e-06 6.99652e-05 0.998735 0.00118257
1.03753e+10 5.24347e-06 -6.86537e-09 1.13602e-05 6.86013e-05 0.998754 0.0011606
1.04713e+10 8.278e-06 1.02279e-06 9.49646e-06 6.74262e-05 0.998774 0.00114021
1.05682e+10 1.47395e-06 1.14665e-06 8.19564e-07 6.62104e-05 0.998811 0.00111908
1.0666e+10 4.90079e-06 3.03714e-08 1.2034e-05 6.49099e-05 0.99882 0.00109825
1.07647e+10 3.24418e-06 2.49144e-06 1.68401e-05 6.38931e-05 0.998835 0.00107836
1.08643e+10 7.19579e-06 1.01819e-05 1.71451e-05 6.26185e-05 0.998844 0.00105871
1.09648e+10 2.65049e-07 3.94341e-06 1.73923e-05 6.14381e-05 0.998877 0.00103966
1.10662e+10 2.2973e-06 4.82668e-06 1.35084e-05 6.0457e-05 0.998899 0.00102021
1.11686e+10 6.07437e-06 4.57074e-06 2.69738e-06 5.92757e-05 0.998925 0.00100203
1.1272e+10 7.40014e-06 9.42263e-06 4.75984e-06 5.82672e-05 0.998936 0.000983829
1.13763e+10 7.12332e-06 9.95758e-07 1.62336e-05 5.71865e-05 0.998953 0.000965535
1.14815e+10 4.90482e-06 1.17856e-06 5.88918e-07 5.61263e-05 0.998989 0.000948415
1.15878e+10 7.60853e-07 4.64217e-06 1.43749e-05 5.5053e-05 0.998994 0.000930848
1.1695e+10 2.07188e-06 5.98391e-06 1.07875e-05 5.39928e-05 0.999013 0.000914198
1.18032e+10 8.30698e-06 4.54923e-06 2.06856e-07 5.30445e-05 0.999036 0.000897408
1.19124e+10 4.12809e-07 1.06511e-06 2.84234e-06 5.21009e-05 0.999063 0.000880754
1.20226e+10 7.79315e-06 1.08934e-06 6.94176e-06 5.11436e-05 0.999069 0.000864323
1.21339e+10 -7.54729e-10 9.41522e-06 7.07287e-06 5.02361e-05 0.999085 0.00084857
1.22462e+10 6.32819e-06 5.01972e-06 3.16806e-06 4.93063e-05 0.999103 0.00083351
1.23595e+10 7.39694e-06 3.78539e-06 4.76041e-08 4.84131e-05 0.999122 0.000818057
1.24738e+10 2.84808e-06 5.87102e-06 9.02333e-06 4.74576e-05 0.999131 0.000803663
1.25893e+10 5.41464e-07 7.86047e-06 1.58705e-05 4.66609e-05 0.999141 0.000788339
1.27057e+10 1.23868e-07 1.30906e-08 2.07593e-08 4.57999e-05 0.99918 0.00077423
1.28233e+10 3.85664e-07 4.6511e-06 1.67886e-05 4.49221e-05 0.999173 0.00076033
1.2942e+10 2.24555e-06 9.48051e-06 9.35396e-08 4.40932e-05 0.999198 0.000746349
1.30617e+10 6.53457e-06 1.04988e-05 1.29764e-05 4.32971e-05 0.999194 0.0007324
1.31826e+10 7.52868e-06 1.04896e-05 1.43885e-05 4.25959e-05 0.999206 0.00071946
1.33045e+10 5.37849e-07 1.02995e-05 4.11923e-06 4.18082e-05 0.999237 0.000706431
1.34276e+10 5.49998e-06 7.89718e-06 1.29564e-07 4.09489e-05 0.999252 0.000693406
1.35519e+10 3.66489e-06 1.71532e-06 1.67142e-07 4.02898e-05 0.999273 0.000680779
1.36773e+10 5.22903e-06 1.81621e-06 5.04492e-08 3.95143e-05 0.999285 0.000668006
1.38038e+10 9.21268e-07 1.04274e-05 7.19615e-07 3.88542e-05 0.999293 0.000656125
1.39316e+10 8.0295e-06 1.16871e-06 7.20716e-06 3.81123e-05 0.999301 0.000644386
1.40605e+10 5.0543e-06 8.73617e-06 1.65561e-05 3.73935e-05 0.9993 0.00063217
1.41906e+10 5.73044e-07 5.98265e-07 7.99601e-06 3.66817e-05 0.999334 0.000620595
1.43219e+10 1.98371e-07 1.02547e-05 2.71894e-06 3.60753e-05 0.999341 0.000609647
1.44544e+10 1.11063e-06 4.44622e-06 1.62486e-05 3.54568e-05 0.999345 0.000598105
1.45881e+10 1.19601e-06 4.47228e-08 1.20519e-06 3.47878e-05 0.999375 0.000587577
1.47231e+10 3.4164e-07 3.61724e-06 1.26762e-05 3.41016e-05 0.999373 0.000576673
1.48594e+10 2.59213e-07 7.28587e-06 1.16314e-05 3.34682e-05 0.999381 0.000566455
1.49968e+10 3.88777e-06 8.63686e-06 1.41708e-07 3.28274e-05 0.999399 0.000555919
1.51356e+10 8.16131e-06 8.22063e-06 5.27096e-06 3.22522e-05 0.9994 0.000545614
1.52757e+10 2.83174e-06 5.83933e-06 1.28545e-05 3.17016e-05 0.999411 0.00053576
1.5417e+10 2.14401e-06 1.57907e-06 1.59506e-05 3.10603e-05 0.999423 0.000525917
1.55597e+10 7.25846e-06 6.16912e-07 1.63355e-05 3.05861e-05 0.999429 0.000516255
1.57036e+10 7.46069e-07 8.12074e-06 1.52373e-05 2.99907e-05 0.999439 0.000506671
1.58489e+10 6.50009e-06 7.41492e-06 1.07527e-05 2.94462e-05 0.999448 0.000497668
1.59956e+10 4.26397e-06 4.76431e-07 2.38613e-06 2.8878e-05 0.999476 0.000488366
1.61436e+10 3.95604e-07 1.0362e-05 1.89522e-06 2.84057e-05 0.999479 0.000479844
1.6293e+10 6.33627e-06 8.90144e-08 1.53097e-05 2.7908e-05 0.999479 0.000471056
1.64437e+10 7.85032e-06 9.29787e-06 7.77842e-06 2.73195e-05 0.999486 0.00046222
1.65959e+10 4.91888e-06 4.61609e-06 4.8105e-06 2.68579e-05 0.999505 0.000453884
1.67494e+10 2.40259e-06 6.46075e-07 1.29895e-05 2.6315e-05 0.999512 0.000445493
1.69044e+10 1.42179e-06 7.81353e-06 5.49709e-06 2.58479e-05 0.999522 0.000437731
1.70608e+10 1.64445e-06 1.02336e-05 6.16019e-06 2.53838e-05 0.999527 0.000429275
1.72187e+10 3.08051e-06 7.66421e-06 1.63251e-05 2.49434e-05 0.999526 0.000421561
1.7378e+10 6.0614e-06 5.03113e-06 3.88775e-06 2.44988e-05 0.999547 0.00041395
1.75388e+10 8.06838e-06 4.16662e-06 7.26101e-07 2.40721e-05 0.999557 0.000406235
1.77011e+10 4.4609e-06 5.00138e-06 7.77328e-06 2.36618e-05 0.99956 0.000398765
1.78649e+10 1.0966e-08 7.64034e-06 1.33724e-05 2.3194e-05 0.999564 0.00039148
1.80302e+10 6.30657e-06 1.01387e-05 1.5423e-05 2.27304e-05 0.999561 0.000384421
1.8197e+10 4.56216e-06 7.98967e-06 1.54958e-05 2.23526e-05 0.999572 0.000377623
1.83654e+10 1.96348e-06 9.88504e-07 1.36247e-05 2.18864e-05 0.999591 0.000370583
1.85353e+10 6.34594e-06 3.46861e-06 8.659e-06 2.15757e-05 0.999596 0.000363675
1.87068e+10 2.49513e-06 1.00323e-05 1.43264e-06 2.1102e-05 0.999608 0.000357172
1.88799e+10 3.38356e-06 2.88117e-07 2.16477e-06 2.07872e-05 0.999622 0.000350941
1.90546e+10 7.48449e-06 9.23927e-06 1.44895e-05 2.03802e-05 0.999604 0.000344353
1.92309e+10 7.35919e-07 9.59827e-07 1.05767e-05 1.99678e-05 0.99963 0.000337962
1.94089e+10 2.04839e-06 1.01148e-05 9.70889e-07 1.96808e-05 0.999635 0.000331977
1.95884e+10 7.01492e-06 3.37278e-07 1.65579e-05 1.93116e-05 0.999631 0.000325828
1.97697e+10 7.80876e-06 6.41978e-06 1.0801e-07 1.8899e-05 0.999647 0.000319967
1.99526e+10 5.82506e-06 9.5067e-06 1.66718e-05 1.85706e-05 0.999635 0.000313957
2.01372e+10 4.00959e-06 2.45343e-06 8.75796e-07 1.8239e-05 0.999666 0.000308258
2.03236e+10 3.29482e-06 1.62613e-07 1.0995e-05 1.78721e-05 0.999665 0.000302549
2.05116e+10 3.7806e-06 3.38114e-06 1.40635e-05 1.75433e-05 0.999664 0.000297337
2.07014e+10 5.31595e-06 6.70412e-06 1.46358e-06 1.72238e-05 0.999677 0.000291897
2.0893e+10 7.39655e-06 8.35949e-06 2.73676e-06 1.69154e-05 0.999678 0.000286385
2.10863e+10 7.64987e-06 8.70192e-06 1.15538e-05 1.66329e-05 0.999674 0.000281163
2.12814e+10 3.67243e-06 7.77261e-06 1.6086e-05 1.63491e-05 0.99968 0.00027615
2.14783e+10 4.29253e-09 5.56196e-06 1.63477e-05 1.60221e-05 0.999691 0.000271161
2.1677e+10 5.06488e-06 1.8556e-06 1.55823e-05 1.57088e-05 0.999696 0.000266186
2.18776e+10 6.90031e-06 8.39896e-08 1.59869e-05 1.54865e-05 0.9997 0.000261295
2.208e+10 4.94131e-09 4.78948e-06 1.65571e-05 1.52008e-05 0.999707 0.000256378
2.22844e+10 7.33351e-06 1.01739e-05 1.52623e-05 1.48842e-05 0.999701 0.000251692
2.24905e+10 1.39231e-06 3.6453e-06 9.29665e-06 1.46265e-05 0.999724 0.000247188
2.26986e+10 6.55905e-06 1.8085e-06 1.13812e-06 1.43539e-05 0.999734 0.000242516
2.29087e+10 7.73095e-07 1.00965e-05 3.2938e-06 1.41212e-05 0.999733 0.000238392
2.31206e+10 7.98207e-06 2.38956e-07 1.55889e-05 1.38383e-05 0.999728 0.000233988
2.33346e+10 7.71761e-07 9.54144e-06 8.70569e-06 1.35794e-05 0.999738 0.000229446
2.35505e+10 3.75396e-06 4.73279e-07 1.68152e-06 1.33667e-05 0.999755 0.000225602
2.37684e+10 7.89017e-06 1.01619e-05 1.65814e-05 1.30961e-05 0.999731 0.000221307
2.39883e+10 2.78024e-06 5.66949e-07 3.67468e-07 1.2844e-05 0.999766 0.000217188
2.42103e+10 3.53891e-08 6.37084e-06 1.60542e-05 1.26163e-05 0.999751 0.000213466
2.44343e+10 2.83627e-06 8.85402e-06 1.51061e-07 1.24321e-05 0.999766 0.000209391
2.46604e+10 6.27694e-06 8.90662e-07 1.63996e-05 1.21991e-05 0.999759 0.000205565
2.48886e+10 7.81587e-06 2.13896e-06 3.48121e-06 1.1947e-05 0.999773 0.000202044
2.51189e+10 7.92778e-06 8.2766e-06 5.68034e-06 1.17088e-05 0.999768 0.000198131
2.53513e+10 7.70414e-06 1.00401e-05 1.66058e-05 1.15127e-05 0.99976 0.00019454
2.55859e+10 7.73787e-06 7.74972e-06 6.88905e-06 1.13204e-05 0.999775 0.000191044
2.58226e+10 7.9197e-06 4.90579e-06 1.66601e-08 1.11164e-05 0.999789 0.000187438
2.60615e+10 7.52553e-06 3.13472e-06 5.72913e-06 1.09181e-05 0.999789 0.000183938
2.63027e+10 5.46906e-06 2.554e-06 1.31723e-05 1.07302e-05 0.999787 0.000180617
2.65461e+10 1.83834e-06 3.05501e-06 1.61921e-05 1.05372e-05 0.999791 0.000177379
2.67917e+10 5.90659e-08 4.74089e-06 1.59981e-05 1.03266e-05 0.999795 0.000174154
2.70396e+10 3.90359e-06 7.52637e-06 1.52453e-05 1.0119e-05 0.999792 0.000170983
2.72898e+10 7.9536e-06 9.95301e-06 1.52184e-05 9.94745e-06 0.999789 0.000167944
2.75423e+10 2.94028e-06 8.75874e-06 1.59214e-05 9.77171e-06 0.999798 0.000164964
2.77971e+10 9.94886e-07 3.0089e-06 1.63055e-05 9.5521e-06 0.999808 0.000161879
2.80543e+10 7.88027e-06 2.2401e-07 1.40407e-05 9.40264e-06 0.99981 0.000158787
2.83139e+10 1.39355e-06 7.03959e-06 7.41733e-06 9.2598e-06 0.999819 0.000155838
2.85759e+10 4.87201e-06 8.9142e-06 5.43666e-07 9.03408e-06 0.999824 0.000153127
2.88403e+10 4.13937e-06 2.71327e-07 3.55306e-06 8.92155e-06 0.999833 0.000150485
2.91072e+10 3.54627e-06 7.13577e-06 1.49075e-05 8.73441e-06 0.999818 0.000147563
2.93765e+10 3.89741e-06 6.10017e-06 1.14977e-05 8.58103e-06 0.999825 0.000144922
2.96483e+10 5.36456e-06 2.15802e-06 7.68886e-09 8.41533e-06 0.999842 0.00014218
2.99226e+10 9.03352e-07 8.80038e-06 1.29402e-05 8.27703e-06 0.999829 0.000139817
3.01995e+10 7.93976e-06 1.35904e-06 9.25309e-06 8.12365e-06 0.999836 0.000136979
3.04789e+10 1.72984e-06 8.1027e-06 3.20278e-06 7.94689e-06 0.999844 0.00013473
3.0761e+10 2.04088e-06 3.90091e-06 1.50398e-05 7.85318e-06 0.999839 0.000132066
3.10456e+10 7.83439e-06 3.30223e-06 9.06155e-07 7.67641e-06 0.99985 0.000129868
3.13329e+10 4.69753e-06 9.70313e-06 1.51586e-05 7.5261e-06 0.999836 0.000127279
3.16228e+10 1.66432e-07 7.86505e-07 2.76537e-06 7.41037e-06 0.999864 0.000125086
3.19154e+10 1.76486e-06 4.22376e-06 1.02297e-05 7.2677e-06 0.999854 0.00012278
3.22107e+10 5.86373e-06 1.01056e-05 1.16924e-05 7.15859e-06 0.999845 0.00012064
3.25087e+10 7.82063e-06 4.84845e-06 2.85954e-07 7.02199e-06 0.999862 0.000118254
3.28095e+10 7.31507e-06 4.80604e-08 1.39201e-05 6.86761e-06 0.999856 0.000116092
3.31131e+10 5.75876e-06 2.66951e-06 1.21856e-05 6.73034e-06 0.999858 0.000114171
3.34195e+10 4.4213e-06 7.63864e-06 5.9063e-07 6.60352e-06 0.999869 0.000112041
3.37287e+10 3.65048e-06 9.98741e-06 4.65081e-06 6.48561e-06 0.999865 0.000109844
3.40408e+10 3.60296e-06 9.47527e-06 1.44047e-05 6.37621e-06 0.999858 0.000107819
3.43558e+10 4.22655e-06 7.88382e-06 1.55782e-05 6.26892e-06 0.99986 0.000105917
3.46737e+10 5.48729e-06 6.50956e-06 9.76563e-06 6.16003e-06 0.999868 0.000104025
3.49945e+10 7.02884e-06 5.90363e-06 3.8159e-06 6.05275e-06 0.999875 0.000102122
3.53183e+10 7.80205e-06 6.06374e-06 7.20705e-07 5.9509e-06 0.999879 0.000100239
3.56451e+10 6.52104e-06 7.09657e-06 1.1652e-08 5.85256e-06 0.999882 9.83994e-05
3.59749e+10 2.83559e-06 8.58492e-06 1.99006e-07 5.746e-06 0.999886 9.66035e-05
3.63078e+10 4.02523e-08 9.90917e-06 2.88986e-07 5.62225e-06 0.999889 9.48471e-05
3.66438e+10 2.51018e-06 9.28494e-06 9.88459e-08 5.49462e-06 0.999889 9.31408e-05
3.69828e+10 7.4498e-06 5.77828e-06 9.83089e-08 5.39771e-06 0.99989 9.15042e-05
3.7325e+10 5.36533e-06 1.08227e-06 1.41813e-06 5.32694e-06 0.999897 8.98765e-05
3.76704e+10 4.81613e-08 7.40822e-07 5.41685e-06 5.23197e-06 0.9999 8.81842e-05
3.80189e+10 4.91032e-06 6.71269e-06 1.16498e-05 5.1232e-06 0.999885 8.65222e-05
3.83707e+10 6.71421e-06 9.72915e-06 1.61064e-05 5.03949e-06 0.999877 8.49944e-05
3.87258e+10 2.00731e-08 2.81134e-06 1.26224e-05 4.92789e-06 0.999896 8.33914e-05
3.90841e+10 6.69878e-06 1.28191e-06 2.88339e-06 4.84243e-06 0.999903 8.17727e-05
3.94457e+10 3.18627e-06 9.61574e-06 1.31377e-06 4.78254e-06 0.999901 8.04254e-05
3.98107e+10 3.08937e-06 4.06296e-06 1.27755e-05 4.65216e-06 0.999896 7.90101e-05
4.01791e+10 5.84613e-06 2.0879e-06 1.36373e-05 4.60802e-06 0.999896 7.74026e-05
4.05509e+10 1.64122e-06 9.85465e-06 6.86915e-07 4.48933e-06 0.999907 7.60349e-05
4.09261e+10 6.24674e-06 1.70735e-07 8.90104e-06 4.4365e-06 0.999905 7.47781e-05
4.13048e+10 2.25338e-06 9.09399e-06 1.40749e-05 4.33303e-06 0.999897 7.32173e-05
4.16869e+10 4.5649e-06 1.76294e-06 1.56197e-08 4.27025e-06 0.999917 7.20392e-05
4.20727e+10 5.18816e-06 8.11545e-06 1.48497e-05 4.1822e-06 0.999897 7.06412e-05
4.2462e+10 9.03797e-07 1.78441e-06 4.18604e-06 4.10794e-06 0.99992 6.93682e-05
4.28549e+10 7.98612e-06 9.00222e-06 9.74045e-06 4.04472e-06 0.999901 6.81442e-05
4.32514e+10 1.50332e-06 2.7174e-07 7.98723e-06 3.94331e-06 0.999919 6.68006e-05
4.36516e+10 2.72411e-06 1.00906e-05 8.45826e-06 3.90416e-06 0.999909 6.5741e-05
4.40555e+10 7.94643e-06 1.53694e-06 6.96794e-06 3.81972e-06 0.999915 6.43475e-05
4.44631e+10 2.35731e-06 5.10243e-06 1.1462e-05 3.7295e-06 0.999914 6.33642e-05
4.48745e+10 6.97761e-07 9.04744e-06 2.22314e-06 3.69148e-06 0.999922 6.20555e-05
4.52898e+10 6.3538e-06 3.46337e-07 1.62635e-05 3.6277e-06 0.999912 6.09959e-05
4.57088e+10 7.35942e-06 5.24271e-06 9.91041e-07 3.53236e-06 0.999923 5.99413e-05
4.61318e+10 2.6686e-06 9.91278e-06 1.02574e-05 3.46955e-06 0.999915 5.86882e-05
4.65586e+10 4.88759e-09 2.98134e-06 1.3606e-05 3.42984e-06 0.999922 5.77128e-05
4.69894e+10 2.13425e-06 4.58284e-07 2.45922e-07 3.36514e-06 0.999937 5.67059e-05
4.74242e+10 5.84376e-06 6.54975e-06 9.0286e-06 3.29484e-06 0.99992 5.56202e-05
4.7863e+10 7.80494e-06 1.0092e-05 1.60224e-05 3.23949e-06 0.999908 5.46262e-05
4.83059e+10 7.39289e-06 6.75664e-06 5.19355e-06 3.18165e-06 0.999924 5.36157e-05
4.87528e+10 5.70733e-06 1.73744e-06 4.332e-07 3.11298e-06 0.999936 5.25652e-05
4.9204e+10 3.84574e-06 2.285e-08 9.29801e-06 3.04563e-06 0.999932 5.16007e-05
4.96592e+10 2.45498e-06 1.86232e-06 1.62106e-05 2.9875e-06 0.999926 5.07369e-05
5.01187e+10 1.60974e-06 5.06524e-06 1.28996e-05 2.93555e-06 0.999928 4.98802e-05
5.05825e+10 1.22209e-06 7.72551e-06 5.06665e-06 2.88464e-06 0.999934 4.89715e-05
5.10505e+10 1.19289e-06 9.25887e-06 3.85584e-07 2.83278e-06 0.999938 4.80305e-05
5.15229e+10 1.48848e-06 9.86561e-06 8.28886e-07 2.78057e-06 0.999938 4.70996e-05
5.19996e+10 2.21789e-06 9.95735e-06 4.35558e-06 2.72874e-06 0.999935 4.62047e-05
5.24807e+10 3.43887e-06 9.95316e-06 8.32942e-06 2.67826e-06 0.99993 4.53499e-05
5.29663e+10 5.14635e-06 9.9208e-06 1.1417e-05 2.62983e-06 0.999926 4.4528e-05
5.34564e+10 6.89109e-06 9.91235e-06 1.32379e-05 2.58454e-06 0.999924 4.37334e-05
5.39511e+10 7.76414e-06 9.61713e-06 1.41354e-05 2.54246e-06 0.999923 4.296e-05
5.44503e+10 6.72395e-06 8.688e-06 1.43099e-05 2.50147e-06 0.999926 4.22009e-05
5.49541e+10 3.63114e-06 6.77553e-06 1.38749e-05 2.45707e-06 0.999932 4.14437e-05
5.54626e+10 5.17102e-07 3.89122e-06 1.27358e-05 2.40631e-06 0.99994 4.06757e-05
5.59758e+10 6.44279e-07 1.03833e-06 1.05226e-05 2.35367e-06 0.999946 3.98977e-05
5.64937e+10 4.68635e-06 6.99583e-08 7.25105e-06 2.31164e-06 0.999947 3.91321e-05
5.70164e+10 7.76187e-06 2.57294e-06 3.32056e-06 2.28474e-06 0.999946 3.84136e-05
5.7544e+10 4.72116e-06 7.40921e-06 3.89217e-07 2.25513e-06 0.999947 3.77524e-05
5.80764e+10 1.60353e-07 9.84908e-06 7.89613e-07 2.20221e-06 0.99995 3.71234e-05
5.86138e+10 2.99192e-06 6.17548e-06 5.86439e-06 2.14449e-06 0.999946 3.64863e-05
5.91562e+10 7.77352e-06 5.85332e-07 1.30803e-05 2.11702e-06 0.999941 3.58063e-05
5.97035e+10 3.33124e-06 2.1081e-06 1.58312e-05 2.09582e-06 0.999942 3.50777e-05
6.0256e+10 4.69953e-07 8.90311e-06 9.57533e-06 2.03997e-06 0.999945 3.43883e-05
6.08135e+10 7.04466e-06 7.62758e-06 9.73374e-07 1.99276e-06 0.999949 3.38324e-05
6.13762e+10 4.3566e-06 3.95452e-07 3.00885e-06 1.97809e-06 0.999957 3.32791e-05
6.19441e+10 5.33407e-07 4.37137e-06 1.37764e-05 1.93681e-06 0.999947 3.26005e-05
6.25173e+10 7.66827e-06 9.80397e-06 1.3458e-05 1.89145e-06 0.999935 3.19855e-05
6.30957e+10 2.08629e-06 1.71417e-06 1.54931e-06 1.86544e-06 0.999961 3.14425e-05
6.36796e+10 3.30992e-06 3.5889e-06 4.85145e-06 1.82864e-06 0.999956 3.08534e-05
6.42688e+10 6.61345e-06 9.67061e-06 1.60646e-05 1.80098e-06 0.999936 3.03206e-05
6.48634e+10 2.79808e-07 5.0041e-07 5.53445e-06 1.75513e-06 0.999962 2.97104e-05
6.54636e+10 7.95045e-06 7.01269e-06 2.66594e-06 1.73878e-06 0.999951 2.92016e-05
6.60693e+10 2.15111e-07 6.16017e-06 1.61185e-05 1.69677e-06 0.999947 2.87086e-05
6.66807e+10 7.47414e-06 1.59774e-06 3.75411e-06 1.66697e-06 0.999957 2.80784e-05
6.72977e+10 8.03351e-07 9.77093e-06 6.50493e-06 1.64393e-06 0.999954 2.76918e-05
6.79204e+10 7.17094e-06 2.54359e-08 1.44502e-05 1.6016e-06 0.99995 2.7092e-05
6.85488e+10 7.4974e-07 1.00111e-05 7.84259e-08 1.5864e-06 0.999961 2.66357e-05
6.91831e+10 7.6459e-06 4.9261e-07 1.57196e-05 1.54476e-06 0.999948 2.61701e-05
6.98232e+10 1.38994e-07 9.52092e-06 2.55394e-06 1.52603e-06 0.999961 2.56271e-05
7.04693e+10 8.11676e-06 7.20531e-07 1.18016e-05 1.49408e-06 0.999953 2.5255e-05
7.11214e+10 4.50663e-07 9.79121e-06 6.45053e-06 1.46404e-06 0.999957 2.46831e-05
7.17794e+10 6.48412e-06 2.14824e-07 8.96319e-06 1.44823e-06 0.999959 2.43491e-05
7.24436e+10 3.81033e-06 1.03126e-05 8.04755e-06 1.40386e-06 0.999953 2.37943e-05
7.31139e+10 1.90838e-06 2.85828e-07 8.8869e-06 1.39994e-06 0.999964 2.34534e-05
7.37904e+10 8.07197e-06 9.03305e-06 6.78672e-06 1.35497e-06 0.999952 2.29633e-05
7.44732e+10 5.67969e-07 3.55142e-06 1.15608e-05 1.34191e-06 0.99996 2.25684e-05
7.51623e+10 4.8248e-06 3.89982e-06 3.11707e-06 1.31519e-06 0.999965 2.21646e-05
7.58578e+10 7.05318e-06 9.4031e-06 1.57419e-05 1.28892e-06 0.999945 2.17433e-05
7.65597e+10 1.48247e-07 5.2485e-08 5.49227e-08 1.26527e-06 0.999977 2.13465e-05
7.72681e+10 5.01109e-06 8.39447e-06 1.58691e-05 1.24626e-06 0.999948 2.09807e-05
7.7983e+10 7.59855e-06 6.5986e-06 4.69403e-06 1.22386e-06 0.999959 2.0582e-05
7.87046e+10 9.1752e-07 3.11243e-07 6.5135e-06 1.19008e-06 0.999971 2.01723e-05
7.94328e+10 2.41813e-06 9.21904e-06 1.57312e-05 1.18172e-06 0.999952 1.98871e-05
8.01678e+10 8.20925e-06 6.83411e-06 4.44912e-07 1.16378e-06 0.999964 1.9464e-05
8.09096e+10 5.02047e-06 3.4516e-08 1.12348e-05 1.12459e-06 0.999964 1.90769e-05
8.16582e+10 8.80444e-08 7.10967e-06 1.39857e-05 1.10891e-06 0.999959 1.88249e-05
8.24138e+10 3.17448e-06 9.81635e-06 2.37262e-07 1.10453e-06 0.999967 1.84341e-05
8.31764e+10 8.07613e-06 1.94435e-06 1.01417e-05 1.0788e-06 0.999961 1.80413e-05
8.3946e+10 6.47167e-06 1.4553e-06 1.60098e-05 1.04511e-06 0.999957 1.77912e-05
8.47227e+10 1.42778e-06 8.92434e-06 2.66573e-06 1.02691e-06 0.999968 1.74777e-05
8.55067e+10 3.15191e-07 9.53483e-06 3.57653e-06 1.02076e-06 0.999968 1.70808e-05
8.62979e+10 4.09172e-06 2.75462e-06 1.60964e-05 1.00876e-06 0.999959 1.67793e-05
8.70964e+10 7.88439e-06 2.30738e-07 1.27904e-05 9.83317e-07 0.999962 1.65465e-05
8.79023e+10 7.86457e-06 5.2985e-06 1.27244e-06 9.53942e-07 0.999968 1.62415e-05
8.87156e+10 4.61409e-06 1.03329e-05 3.38464e-06 9.33722e-07 0.999965 1.5879e-05
8.95365e+10 1.20954e-06 9.22261e-06 1.43895e-05 9.24179e-07 0.999959 1.55665e-05
9.03649e+10 1.27216e-08 3.9684e-06 1.63115e-05 9.1621e-07 0.999963 1.53233e-05
9.12011e+10 1.31391e-06 2.57412e-07 7.35119e-06 9.01998e-07 0.999975 1.50853e-05
9.2045e+10 3.93998e-06 1.04586e-06 2.75049e-07 8.81865e-07 0.999979 1.48107e-05
9.28966e+10 6.47027e-06 4.99653e-06 3.06841e-06 8.61036e-07 0.99997 1.45163e-05
9.37562e+10 8.02357e-06 8.95282e-06 1.15199e-05 8.43376e-07 0.999956 1.42351e-05
9.46237e+10 8.40401e-06 1.06816e-05 1.70194e-05 8.28927e-07 0.999949 1.39771e-05
9.54993e+10 7.86977e-06 9.82467e-06 1.55646e-05 8.15506e-07 0.999952 1.37303e-05
9.63829e+10 6.83417e-06 7.32739e-06 9.37608e-06 8.01197e-07 0.999962 1.34808e-05
9.72747e+10 5.66399e-06 4.4472e-06 3.13276e-06 7.85475e-07 0.999973 1.32252e-05
9.81748e+10 4.60015e-06 2.09203e-06 1.3014e-07 7.6892e-07 0.999979 1.29692e-05
9.90832e+10 3.76087e-06 6.37823e-07 9.93239e-07 7.52425e-07 0.999981 1.27206e-05
1e+11 3.18044e-06 4.81269e-08 4.4672e-06 7.36635e-07 0.999979 1.24838e-05
1.00925e+11 2.85196e-06 7.96713e-08 8.78118e-06 7.21781e-07 0.999975 1.2259e-05
1.01859e+11 2.75948e-06 4.46519e-07 1.25838e-05 7.0779e-07 0.999971 1.20437e-05
1.02802e+11 2.89553e-06 9.08531e-07 1.52369e-05 6.94466e-07 0.999968 1.18346e-05
1.03753e+11 3.2654e-06 1.29971e-06 1.66894e-05 6.81641e-07 0.999966 1.1629e-05
1.04713e+11 3.87929e-06 1.52368e-06 1.72134e-05 6.69249e-07 0.999965 1.14255e-05
1.05682e+11 4.73311e-06 1.53827e-06 1.71755e-05 6.57352e-07 0.999965 1.12235e-05
1.0666e+11 5.77917e-06 1.34316e-06 1.69023e-05 6.46122e-07 0.999964 1.1023e-05
1.07647e+11 6.89258e-06 9.77396e-07 1.66289e-05 6.35782e-07 0.999964 1.08242e-05
1.08643e+11 7.84596e-06 5.26832e-07 1.64938e-05 6.26505e-07 0.999964 1.06273e-05
1.09648e+11 8.31709e-06 1.35597e-07 1.65488e-05 6.18275e-07 0.999964 1.04321e-05
1.10662e+11 7.96208e-06 9.59679e-09 1.67645e-05 6.10735e-07 0.999964 1.02381e-05
1.11686e+11 6.57478e-06 3.95784e-07 1.70291e-05 6.03098e-07 0.999965 1.00446e-05
1.1272e+11 4.30215e-06 1.51956e-06 1.71431e-05 5.9425e-07 0.999967 9.85132e-06
1.13763e+11 1.8033e-06 3.46964e-06 1.68274e-05 5.83131e-07 0.999968 9.659e-06
1.14815e+11 1.68409e-07 6.04815e-06 1.57614e-05 5.69374e-07 0.999968 9.47019e-06
1.15878e+11 4.46135e-07 8.6577e-06 1.36729e-05 5.53897e-07 0.999967 9.28923e-06
1.1695e+11 2.86316e-06 1.03504e-05 1.04903e-05 5.38949e-07 0.999967 9.12089e-06
1.18032e+11 6.22318e-06 1.01606e-05 6.53793e-06 5.27141e-07 0.999968 8.96733e-06
1.19124e+11 8.22674e-06 7.71621e-06 2.68122e-06 5.19698e-07 0.999972 8.82499e-06
1.20226e+11 7.04789e-06 3.84699e-06 2.58623e-07 5.15114e-07 0.99998 8.68422e-06
1.21339e+11 3.28253e-06 6.30632e-07 6.35911e-07 5.09768e-07 0.999986 8.53411e-06
1.22462e+11 2.32868e-07 3.73625e-07 4.37522e-06 5.0078e-07 0.999986 8.37085e-06
1.23595e+11 1.17838e-06 3.7513e-06 1.03642e-05 4.88818e-07 0.999976 8.20268e-06
1.24738e+11 5.48365e-06 8.49447e-06 1.56458e-05 4.77493e-07 0.999962 8.04386e-06
1.25893e+11 8.24992e-06 1.04685e-05 1.66973e-05 4.69122e-07 0.999956 7.90027e-06
1.27057e+11 5.73504e-06 7.36804e-06 1.20393e-05 4.61796e-07 0.999967 7.76216e-06
1.28233e+11 9.82018e-07 1.9395e-06 4.44814e-06 4.52554e-07 0.999985 7.61707e-06
1.2942e+11 8.2888e-07 2.24138e-07 7.76515e-08 4.42864e-07 0.999991 7.47003e-06
1.30617e+11 5.85038e-06 4.71705e-06 3.48458e-06 4.36809e-07 0.999978 7.33953e-06
1.31826e+11 8.1096e-06 1.00048e-05 1.21038e-05 4.32687e-07 0.999962 7.22557e-06
1.33045e+11 3.51773e-06 8.66771e-06 1.69353e-05 4.23316e-07 0.999963 7.09845e-06
1.34276e+11 7.02516e-08 2.21187e-06 1.18163e-05 4.09338e-07 0.999979 6.94259e-06
1.35519e+11 4.41663e-06 5.4856e-07 2.37037e-06 4.01915e-07 0.999985 6.79482e-06
1.36773e+11 8.25643e-06 6.78389e-06 1.14138e-06 4.02641e-07 0.999977 6.69451e-06
1.38038e+11 3.589e-06 1.03894e-05 1.05779e-05 3.96418e-07 0.999968 6.60733e-06
1.39316e+11 1.96067e-07 4.55365e-06 1.69242e-05 3.80015e-07 0.999971 6.47069e-06
1.40605e+11 5.75664e-06 1.2081e-07 9.63919e-06 3.72437e-07 0.999978 6.31058e-06
1.41906e+11 7.6188e-06 6.13167e-06 3.83581e-07 3.75681e-07 0.999979 6.20643e-06
1.43219e+11 1.21179e-06 1.03644e-05 5.74369e-06 3.67112e-07 0.999976 6.13804e-06
1.44544e+11 2.279e-06 3.49384e-06 1.63713e-05 3.50819e-07 0.999971 6.01573e-06
1.45881e+11 8.26096e-06 7.77552e-07 1.15429e-05 3.50357e-07 0.999973 5.8621e-06
1.47231e+11 3.48922e-06 8.75153e-06 5.48453e-07 3.50451e-07 0.999981 5.77075e-06
1.48594e+11 7.6035e-07 8.31949e-06 6.73897e-06 3.3437e-07 0.999978 5.70586e-06
1.49968e+11 7.71341e-06 3.93152e-07 1.69676e-05 3.28773e-07 0.999969 5.57689e-06
1.51356e+11 4.6421e-06 5.35045e-06 7.77694e-06 3.3193e-07 0.999976 5.44354e-06
1.52757e+11 4.75207e-07 1.0245e-05 5.9883e-07 3.17612e-07 0.999983 5.38147e-06
1.5417e+11 7.6667e-06 1.72706e-06 1.323e-05 3.10623e-07 0.999972 5.29792e-06
1.55597e+11 4.3601e-06 3.56574e-06 1.40015e-05 3.14443e-07 0.999973 5.1558e-06
1.57036e+11 8.82636e-07 1.05989e-05 7.13059e-07 2.99877e-07 0.999982 5.07629e-06
1.58489e+11 8.2716e-06 2.22562e-06 8.98083e-06 2.94973e-07 0.999975 5.02001e-06
1.59956e+11 2.70512e-06 3.59116e-06 1.62697e-05 2.97849e-07 0.999972 4.88417e-06
1.61436e+11 2.57361e-06 1.05517e-05 1.96701e-06 2.81859e-07 0.99998 4.79842e-06
1.6293e+11 8.28748e-06 1.39525e-06 7.48879e-06 2.82046e-07 0.999978 4.7526e-06
1.64437e+11 5.48432e-07 5.39246e-06 1.65965e-05 2.80366e-07 0.999973 4.61905e-06
1.65959e+11 6.09639e-06 9.55092e-06 1.76812e-06 2.65586e-07 0.999978 4.54674e-06
1.67494e+11 5.50736e-06 2.55861e-07 8.9478e-06 2.70828e-07 0.999981 4.49516e-06
1.69044e+11 1.05658e-06 8.78163e-06 1.55106e-05 2.60854e-07 0.99997 4.36373e-06
1.70608e+11 8.65027e-06 6.03204e-06 5.12228e-07 2.54194e-07 0.99998 4.31872e-06
1.72187e+11 8.57361e-07 1.73205e-06 1.31336e-05 2.56892e-07 0.99998 4.23922e-06
1.7378e+11 6.36411e-06 1.09148e-05 1.13471e-05 2.43201e-07 0.999967 4.13299e-06
1.75388e+11 4.71945e-06 1.06789e-06 1.48013e-06 2.46015e-07 0.999988 4.09843e-06
1.77011e+11 2.32548e-06 7.7614e-06 1.7383e-05 2.38168e-07 0.999968 3.99069e-06
1.78649e+11 8.10369e-06 6.56334e-06 3.78729e-06 2.33246e-07 0.999977 3.93258e-06
1.80302e+11 3.21433e-07 2.18053e-06 8.96957e-06 2.32452e-07 0.999984 3.86532e-06
1.8197e+11 8.77889e-06 1.07859e-05 1.42586e-05 2.23647e-07 0.999962 3.77844e-06
1.83654e+11 9.68122e-07 3.53491e-07 9.45689e-07 2.2392e-07 0.999994 3.72954e-06
1.85353e+11 7.34749e-06 1.03925e-05 1.76721e-05 2.1664e-07 0.999961 3.64494e-06
1.87068e+11 2.99448e-06 2.68218e-06 2.80375e-06 2.14667e-07 0.999988 3.58925e-06
1.88799e+11 5.25913e-06 7.09665e-06 1.21284e-05 2.09814e-07 0.999972 3.5186e-06
1.90546e+11 5.10603e-06 6.45525e-06 1.03977e-05 2.0654e-07 0.999974 3.45718e-06
1.92309e+11 3.48774e-06 3.6512e-06 4.74957e-06 2.02173e-07 0.999985 3.39104e-06
1.94089e+11 6.68435e-06 9.47653e-06 1.65489e-05 1.99709e-07 0.999964 3.33573e-06
1.95884e+11 2.3424e-06 1.46112e-06 9.00749e-07 1.94064e-07 0.999992 3.26386e-06
1.97697e+11 7.64864e-06 1.11043e-05 1.83828e-05 1.93568e-07 0.999959 3.22075e-06
1.99526e+11 1.76274e-06 5.75091e-07 1.18229e-06 1.86081e-07 0.999993 3.14115e-06
2.01372e+11 8.12646e-06 1.16716e-05 1.69028e-05 1.87629e-07 0.99996 3.10873e-06
2.03236e+11 1.61095e-06 4.69829e-07 3.74723e-06 1.78517e-07 0.999991 3.02471e-06
2.05116e+11 8.2281e-06 1.17494e-05 1.41737e-05 1.81739e-07 0.999963 2.99889e-06
2.07014e+11 1.82749e-06 6.19829e-07 6.7231e-06 1.71392e-07 0.999988 2.914e-06
2.0893e+11 7.95254e-06 1.17692e-05 1.16758e-05 1.75912e-07 0.999966 2.89206e-06
2.10863e+11 2.47437e-06 7.08037e-07 9.06665e-06 1.64669e-07 0.999985 2.80765e-06
2.12814e+11 7.18744e-06 1.193e-05 1.00669e-05 1.70129e-07 0.999968 2.7893e-06
2.14783e+11 3.69381e-06 6.5204e-07 1.0414e-05 1.58423e-07 0.999982 2.70451e-06
2.1677e+11 5.79567e-06 1.22008e-05 9.51823e-06 1.64205e-07 0.99997 2.69113e-06
2.18776e+11 5.56947e-06 5.96625e-07 1.07012e-05 1.52912e-07 0.99998 2.60418e-06
2.208e+11 3.81123e-06 1.23228e-05 1.00496e-05 1.57785e-07 0.999971 2.59727e-06
2.22844e+11 7.87753e-06 9.13897e-07 9.91845e-06 1.48515e-07 0.999979 2.50711e-06
2.24905e+11 1.71927e-06 1.18233e-05 1.16697e-05 1.50511e-07 0.999972 2.50653e-06
2.26986e+11 9.82477e-06 2.14685e-06 8.07862e-06 1.45436e-07 0.999977 2.41467e-06
2.29087e+11 6.17176e-07 1.01506e-05 1.43008e-05 1.42427e-07 0.999972 2.41693e-06
2.31206e+11 1.01011e-05 4.75816e-06 5.39296e-06 1.43214e-07 0.999977 2.32882e-06
2.33346e+11 1.8246e-06 7.07046e-06 1.75158e-05 1.34488e-07 0.999971 2.32626e-06
2.35505e+11 7.70167e-06 8.58763e-06 2.59403e-06 1.40363e-07 0.999979 2.25123e-06
2.37684e+11 5.62591e-06 3.30544e-06 2.02079e-05 1.28555e-07 0.999968 2.23328e-06
2.39883e+11 3.45899e-06 1.22371e-05 1.1852e-06 1.34932e-07 0.999981 2.18179e-06
2.42103e+11 9.84213e-06 9.20632e-07 2.05479e-05 1.26136e-07 0.999966 2.13941e-06
2.44343e+11 7.82007e-07 1.31866e-05 3.12245e-06 1.26445e-07 0.999981 2.11706e-06
2.46604e+11 1.04499e-05 2.42747e-06 1.68155e-05 1.26114e-07 0.999968 2.04981e-06
2.48886e+11 3.18566e-06 9.63979e-06 9.38051e-06 1.1781e-07 0.999976 2.04998e-06
2.51189e+11 5.85888e-06 8.08547e-06 9.37633e-06 1.24124e-07 0.999975 1.97221e-06
2.53513e+11 9.11931e-06 3.56466e-06 1.77333e-05 1.13749e-07 0.999967 1.97297e-06
2.55859e+11 1.12033e-06 1.34986e-05 2.54127e-06 1.16707e-07 0.999981 1.9118e-06
2.58226e+11 1.11051e-05 1.1566e-06 2.21281e-05 1.1472e-07 0.999964 1.88511e-06
2.60615e+11 3.54268e-06 1.22891e-05 3.00517e-06 1.07375e-07 0.999979 1.86282e-06
2.63027e+11 5.41628e-06 6.62271e-06 1.70871e-05 1.13752e-07 0.999969 1.79937e-06
2.65461e+11 1.05778e-05 4.75888e-06 1.27718e-05 1.04149e-07 0.99997 1.80599e-06
2.67917e+11 1.0485e-06 1.39907e-05 5.9925e-06 1.05401e-07 0.999977 1.73658e-06
2.70396e+11 1.01813e-05 1.43538e-06 2.25421e-05 1.06558e-07 0.999964 1.72583e-06
2.72898e+11 6.94368e-06 1.19421e-05 2.3069e-06 9.69585e-08 0.999977 1.69827e-06
2.75423e+11 2.4356e-06 9.03791e-06 1.89676e-05 1.03276e-07 0.999968 1.63967e-06
2.77971e+11 1.23203e-05 2.91046e-06 1.34785e-05 9.78246e-08 0.99997 1.65012e-06
2.80543e+11 3.77089e-06 1.5304e-05 5.45331e-06 9.29071e-08 0.999974 1.58644e-06
2.83139e+11 5.27635e-06 4.00755e-06 2.41626e-05 9.92093e-08 0.999965 1.56739e-06
2.85759e+11 1.23759e-05 7.60284e-06 4.38225e-06 9.00539e-08 0.999974 1.55911e-06
2.88403e+11 2.16687e-06 1.45858e-05 1.5237e-05 9.00197e-08 0.999966 1.49186e-06
2.91072e+11 7.75132e-06 1.821e-06 2.02521e-05 9.38088e-08 0.999969 1.49899e-06
2.93765e+11 1.18177e-05 1.18522e-05 2.44714e-06 8.39196e-08 0.999972 1.46441e-06
2.96483e+11 1.69967e-06 1.24106e-05 2.28167e-05 8.69248e-08 0.999962 1.41342e-06
2.99226e+11 9.27859e-06 1.82195e-06 1.37859e-05 8.82184e-08 0.999974 1.42655e-06
3.01995e+11 1.16332e-05 1.45378e-05 5.54606e-06 7.9018e-08 0.999967 1.37647e-06
3.04789e+11 1.73757e-06 1.06878e-05 2.61434e-05 8.32075e-08 0.99996 1.34274e-06
3.0761e+11 9.82629e-06 2.5309e-06 9.02182e-06 8.31497e-08 0.999977 1.35222e-06
3.10456e+11 1.22246e-05 1.59818e-05 9.7463e-06 7.48233e-08 0.999961 1.29794e-06
3.13329e+11 2.03945e-06 1.0147e-05 2.70146e-05 7.89259e-08 0.999959 1.27447e-06
3.16228e+11 9.36037e-06 2.97716e-06 6.71266e-06 7.87923e-08 0.99998 1.27965e-06
3.19154e+11 1.35706e-05 1.66326e-05 1.28012e-05 7.11045e-08 0.999956 1.22772e-06
3.22107e+11 2.8925e-06 1.09769e-05 2.74764e-05 7.42275e-08 0.999957 1.20706e-06
3.25087e+11 7.75708e-06 2.87664e-06 6.26638e-06 7.49736e-08 0.999982 1.21037e-06
3.28095e+11 1.51598e-05 1.6481e-05 1.39363e-05 6.79303e-08 0.999953 1.16433e-06
3.31131e+11 5.03137e-06 1.32308e-05 2.85803e-05 6.92999e-08 0.999952 1.1411e-06
3.34195e+11 5.19619e-06 2.61481e-06 7.3391e-06 7.12694e-08 0.999984 1.14389e-06
3.37287e+11 1.57695e-05 1.50032e-05 1.29594e-05 6.54475e-08 0.999955 1.10669e-06
3.40408e+11 9.12246e-06 1.66618e-05 3.02713e-05 6.45371e-08 0.999943 1.07835e-06
3.43558e+11 2.92323e-06 3.3465e-06 1.0362e-05 6.71592e-08 0.999982 1.07895e-06
3.46737e+11 1.37187e-05 1.16062e-05 1.005e-05 6.35031e-08 0.999964 1.05307e-06
3.49945e+11 1.44899e-05 2.00688e-05 3.13204e-05 6.0612e-08 0.999933 1.02121e-06
3.53183e+11 3.58885e-06 6.78991e-06 1.62426e-05 6.24576e-08 0.999972 1.01541e-06
3.56451e+11 8.54887e-06 6.80994e-06 6.42703e-06 6.13539e-08 0.999977 1.00033e-06
3.59749e+11 1.78172e-05 2.08178e-05 2.93792e-05 5.80267e-08 0.999931 9.70866e-07
3.63078e+11 9.37373e-06 1.37826e-05 2.50444e-05 5.78636e-08 0.999951 9.55983e-07
3.66438e+11 3.73115e-06 3.72188e-06 5.3333e-06 5.81086e-08 0.999986 9.4557e-07
3.69828e+11 1.47769e-05 1.62115e-05 2.22992e-05 5.61895e-08 0.999946 9.24526e-07
3.7325e+11 1.74298e-05 2.14845e-05 3.37009e-05 5.46355e-08 0.999926 9.04813e-07
3.76704e+11 5.98118e-06 7.27549e-06 1.14132e-05 5.41142e-08 0.999974 8.90617e-07
3.80189e+11 6.7787e-06 7.90266e-06 1.17788e-05 5.34747e-08 0.999973 8.76027e-07
3.83707e+11 1.87207e-05 2.27115e-05 3.51574e-05 5.26821e-08 0.999922 8.60834e-07
3.87258e+11 1.61119e-05 1.80926e-05 2.57657e-05 5.12955e-08 0.999939 8.42983e-07
3.90841e+11 5.00391e-06 5.04405e-06 6.77436e-06 4.97242e-08 0.999982 8.24806e-07
3.94457e+11 9.6994e-06 1.36368e-05 2.41857e-05 4.9716e-08 0.999952 8.1456e-07
3.98107e+11 2.10304e-05 2.56629e-05 3.87049e-05 4.99241e-08 0.999914 8.04215e-07
4.01791e+11 1.60311e-05 1.54176e-05 1.77875e-05 4.76841e-08 0.99995 7.82094e-07
4.05509e+11 5.37642e-06 5.54122e-06 9.73025e-06 4.54567e-08 0.999979 7.63067e-07
4.09261e+11 1.11889e-05 1.78656e-05 3.39008e-05 4.65426e-08 0.999936 7.59976e-07
4.13048e+11 2.26854e-05 2.74412e-05 3.82514e-05 4.74443e-08 0.999911 7.51415e-07
4.16869e+11 1.79575e-05 1.5107e-05 1.41646e-05 4.43145e-08 0.999952 7.24418e-07
4.20727e+11 6.61818e-06 6.59891e-06 1.43338e-05 4.14518e-08 0.999972 7.0588e-07
4.2462e+11 1.08911e-05 1.98985e-05 3.98823e-05 4.33327e-08 0.999929 7.09034e-07
4.28549e+11 2.35973e-05 2.96436e-05 3.8855e-05 4.52028e-08 0.999907 7.02728e-07
4.32514e+11 2.19885e-05 1.75298e-05 1.42769e-05 4.17596e-08 0.999945 6.72348e-07
4.36516e+11 9.52855e-06 7.48536e-06 1.70809e-05 3.77522e-08 0.999965 6.51863e-07
4.40555e+11 9.18278e-06 1.94609e-05 4.32606e-05 3.95203e-08 0.999927 6.58963e-07
4.44631e+11 2.24275e-05 3.21692e-05 4.2729e-05 4.29126e-08 0.999902 6.58589e-07
4.48745e+11 2.70889e-05 2.30751e-05 1.75304e-05 4.04427e-08 0.999932 6.28026e-07
4.52898e+11 1.58258e-05 9.32489e-06 1.70017e-05 3.49384e-08 0.999957 6.0108e-07
4.57088e+11 8.23599e-06 1.63552e-05 4.38165e-05 3.48896e-08 0.999931 6.07111e-07
4.61318e+11 1.7755e-05 3.29623e-05 4.98639e-05 3.9582e-08 0.999899 6.16695e-07
4.65586e+11 2.97975e-05 3.14212e-05 2.52646e-05 4.00566e-08 0.999913 5.93089e-07
4.69894e+11 2.58075e-05 1.51165e-05 1.54762e-05 3.42218e-08 0.999943 5.57391e-07
4.74242e+11 1.27501e-05 1.22513e-05 3.95436e-05 3.04915e-08 0.999935 5.52771e-07
4.7863e+11 1.17261e-05 2.87175e-05 5.73042e-05 3.40741e-08 0.999902 5.70673e-07
4.83059e+11 2.52913e-05 3.89494e-05 3.96609e-05 3.85274e-08 0.999895 5.64786e-07
4.87528e+11 3.39837e-05 2.75192e-05 1.76834e-05 3.59294e-08 0.99992 5.27619e-07
4.9204e+11 2.57116e-05 1.32613e-05 2.95956e-05 2.92136e-08 0.999931 5.02695e-07
4.96592e+11 1.32784e-05 1.93422e-05 5.78572e-05 2.76409e-08 0.999909 5.14686e-07
5.01187e+11 1.54303e-05 3.77932e-05 5.86334e-05 3.28524e-08 0.999888 5.3073e-07
5.05825e+11 3.02e-05 4.21361e-05 3.20727e-05 3.6536e-08 0.999895 5.11879e-07
5.10505e+11 3.80999e-05 2.69234e-05 2.11813e-05 3.25915e-08 0.999913 4.72394e-07
5.15229e+11 2.91934e-05 1.52153e-05 4.4671e-05 2.57549e-08 0.99991 4.57518e-07
5.19996e+11 1.62624e-05 2.49664e-05 6.90902e-05 2.47763e-08 0.999889 4.76367e-07
5.24807e+11 1.73655e-05 4.38623e-05 5.98306e-05 3.0351e-08 0.999878 4.89565e-07
5.29663e+11 3.21981e-05 4.70376e-05 3.19585e-05 3.43898e-08 0.999888 4.6639e-07
5.34564e+11 4.29078e-05 3.12219e-05 2.73946e-05 3.09342e-08 0.999898 4.27455e-07
5.39511e+11 3.69873e-05 1.86366e-05 5.47746e-05 2.3808e-08 0.999889 4.14875e-07
5.44503e+11 2.26354e-05 2.71432e-05 7.8108e-05 2.1441e-08 0.999872 4.347e-07
5.49541e+11 1.82803e-05 4.7205e-05 6.72402e-05 2.61913e-08 0.999867 4.50076e-07
5.54626e+11 3.02782e-05 5.46716e-05 3.84959e-05 3.16759e-08 0.999876 4.30895e-07
5.59758e+11 4.57311e-05 4.1373e-05 3.19247e-05 3.07772e-08 0.999881 3.92218e-07
5.64937e+11 4.78812e-05 2.48024e-05 5.83876e-05 2.40722e-08 0.999869 3.73511e-07
5.70164e+11 3.52573e-05 2.63203e-05 8.62633e-05 1.88468e-08 0.999852 3.88629e-07
5.7544e+11 2.29303e-05 4.56356e-05 8.24243e-05 2.05244e-08 0.999849 4.09946e-07
5.80764e+11 2.55386e-05 6.16789e-05 5.34606e-05 2.66965e-08 0.999859 4.03316e-07
5.86138e+11 4.15027e-05 5.73534e-05 3.66792e-05 3.01163e-08 0.999864 3.68704e-07
5.91562e+11 5.5128e-05 3.87632e-05 5.45297e-05 2.67136e-08 0.999851 3.38699e-07
5.97035e+11 5.33381e-05 2.78398e-05 8.84461e-05 1.97363e-08 0.99983 3.39758e-07
6.0256e+11 3.89934e-05 3.79838e-05 0.000101421 1.60293e-08 0.999821 3.62754e-07
6.08135e+11 2.75761e-05 5.99067e-05 8.07114e-05 1.89017e-08 0.999831 3.74756e-07
6.13762e+11 3.15345e-05 7.2028e-05 5.15234e-05 2.50075e-08 0.999845 3.55988e-07
6.19441e+11 4.82798e-05 6.31687e-05 4.82443e-05 2.79633e-08 0.99984 3.2032e-07
6.25173e+11 6.30849e-05 4.36519e-05 7.69388e-05 2.46355e-08 0.999816 2.99014e-07
6.30957e+11 6.32387e-05 3.43822e-05 0.000109635 1.79186e-08 0.999792 3.07517e-07
6.36796e+11 4.96886e-05 4.60022e-05 0.000114503 1.37352e-08 0.999789 3.30555e-07
6.42688e+11 3.57767e-05 6.89053e-05 8.86943e-05 1.54988e-08 0.999806 3.38978e-07
6.48634e+11 3.5015e-05 8.29297e-05 6.04236e-05 2.12134e-08 0.999821 3.19132e-07
6.54636e+11 4.92924e-05 7.64542e-05 6.01021e-05 2.55169e-08 0.999814 2.85253e-07
6.60693e+11 6.76165e-05 5.67835e-05 9.06126e-05 2.44644e-08 0.999785 2.64484e-07
6.66807e+11 7.57676e-05 4.30148e-05 0.000125331 1.87666e-08 0.999756 2.7083e-07
6.72977e+11 6.81508e-05 4.88142e-05 0.000134036 1.294e-08 0.999749 2.92981e-07
6.79204e+11 5.20552e-05 7.07294e-05 0.000110961 1.14324e-08 0.999766 3.05856e-07
6.85488e+11 4.14234e-05 9.16639e-05 7.92992e-05 1.50918e-08 0.999787 2.93592e-07
6.91831e+11 4.57211e-05 9.5609e-05 6.96498e-05 2.07107e-08 0.999789 2.62898e-07
6.98232e+11 6.28167e-05 8.07602e-05 9.29754e-05 2.37143e-08 0.999763 2.3611e-07
7.04693e+11 8.09857e-05 6.05097e-05 0.000131777 2.16765e-08 0.999726 2.31536e-07
7.11214e+11 8.79236e-05 5.23366e-05 0.000155773 1.59846e-08 0.999704 2.4851e-07
7.17794e+11 7.97103e-05 6.40745e-05 0.000147435 1.06154e-08 0.999709 2.68935e-07
7.24436e+11 6.33065e-05 8.8255e-05 0.000115862 9.16008e-09 0.999732 2.7267e-07
7.31139e+11 5.12826e-05 0.000108233 8.86251e-05 1.23422e-08 0.999752 2.53458e-07
7.37904e+11 5.29674e-05 0.000110758 8.94892e-05 1.76889e-08 0.999747 2.23014e-07
7.44732e+11 6.82706e-05 9.54281e-05 0.000120204 2.13784e-08 0.999716 2.01199e-07
7.51623e+11 8.80983e-05 7.45128e-05 0.000159926 2.08389e-08 0.999677 2.00802e-07
7.58578e+11 0.00010061 6.39466e-05 0.000181504 1.63415e-08 0.999654 2.18575e-07
7.65597e+11 9.88819e-05 7.22992e-05 0.00017152 1.06612e-08 0.999657 2.38412e-07
7.72681e+11 8.50495e-05 9.52997e-05 0.000139417 7.1987e-09 0.99968 2.43382e-07
7.7983e+11 6.86316e-05 0.000119135 0.00011003 7.85967e-09 0.999702 2.27483e-07
7.87046e+11 6.04871e-05 0.000129747 0.000105862 1.19965e-08 0.999704 1.99127e-07
7.94328e+11 6.63295e-05 0.000121756 0.000131913 1.69416e-08 0.99968 1.7476e-07
8.01678e+11 8.36199e-05 0.00010147 0.000173008 1.96748e-08 0.999642 1.6767e-07
8.09096e+11 0.000103361 8.25596e-05 0.000204478 1.85638e-08 0.999609 1.79626e-07
8.16582e+11 0.000115407 7.75542e-05 0.000208343 1.41938e-08 0.999598 2.00399e-07
8.24138e+11 0.00011408 9.05177e-05 0.000184359 8.91236e-09 0.999611 2.1474e-07
8.31764e+11 0.000101033 0.000115052 0.000149465 5.45738e-09 0.999634 2.11904e-07
8.3946e+11 8.40479e-05 0.000138363 0.000126815 5.4836e-09 0.999651 1.91793e-07
8.47227e+11 7.27254e-05 0.000148652 0.000131756 8.76922e-09 0.999647 1.64409e-07
8.55067e+11 7.35134e-05 0.000141505 0.000163186 1.34452e-08 0.999622 1.43558e-07
8.62979e+11 8.66352e-05 0.000121933 0.000204877 1.70347e-08 0.999586 1.38878e-07
8.70964e+11 0.00010627 0.000101314 0.000235234 1.77102e-08 0.999557 1.50768e-07
8.79023e+11 0.000123634 9.12424e-05 0.000239439 1.51353e-08 0.999545 1.70717e-07
8.87156e+11 0.000131261 9.76539e-05 0.000217166 1.05291e-08 0.999554 1.86334e-07
8.95365e+11 0.00012639 0.000118141 0.000182113 5.99745e-09 0.999573 1.88019e-07
9.03649e+11 0.000111984 0.000143514 0.000154233 3.51199e-09 0.99959 1.73686e-07
9.12011e+11 9.51255e-05 0.000162515 0.000149248 4.03298e-09 0.999593 1.49347e-07
9.2045e+11 8.37201e-05 0.000167183 0.000170962 7.15307e-09 0.999578 1.25665e-07
9.28966e+11 8.30669e-05 0.000156354 0.000209938 1.13655e-08 0.999551 1.12544e-07
9.37562e+11 9.37693e-05 0.000135848 0.000248679 1.47794e-08 0.999522 1.14509e-07
9.46237e+11 0.000111731 0.000115544 0.000270294 1.59359e-08 0.999502 1.28958e-07
9.54993e+11 0.000130056 0.000104892 0.000266312 1.43758e-08 0.999499 1.47803e-07
9.63829e+11 0.000141932 0.000108913 0.000240126 1.0755e-08 0.999509 1.61417e-07
9.72747e+11 0.000143269 0.00012633 0.000204888 6.50611e-09 0.999525 1.62928e-07
9.81748e+11 0.000134107 0.000150424 0.000177249 3.22701e-09 0.999538 1.50967e-07
9.90832e+11 0.000118378 0.000172015 0.000170019 2.06018e-09 0.999539 1.29869e-07
1e+12 0.000102238 0.000183207 0.000186963 3.29852e-09 0.999527 1.07501e-07
1.00925e+12 9.17391e-05 0.000180368 0.000221709 6.34038e-09 0.999506 9.18537e-08
1.01859e+12 9.06936e-05 0.000165267 0.000260867 9.97304e-09 0.999483 8.78819e-08
1.02802e+12 9.9491e-05 0.000144121 0.000289731 1.28479e-08 0.999467 9.58037e-08
1.03753e+12 0.000115164 0.000125077 0.000298087 1.39593e-08 0.999462 1.11359e-07
1.04713e+12 0.00013257 0.000115196 0.000283875 1.29613e-08 0.999468 1.27717e-07
1.05682e+12 0.0001462 0.000118039 0.000253516 1.02325e-08 0.999482 1.38155e-07
1.0666e+12 0.000151956 0.000132649 0.000219069 6.69464e-09 0.999496 1.38445e-07
1.07647e+12 0.000148352 0.000154137 0.000193563 3.47249e-09 0.999504 1.28153e-07
1.08643e+12 0.000136805 0.000175528 0.000186326 1.5214e-09 0.999501 1.10492e-07
1.09648e+12 0.000121033 0.000190141 0.000199958 1.34387e-09 0.999489 9.0964e-08
1.10662e+12 0.000105812 0.000193698 0.000229839 2.87295e-09 0.999471 7.53672e-08
1.11686e+12 9.55221e-05 0.000185501 0.000266094 5.53883e-09 0.999453 6.78973e-08
1.1272e+12 9.29376e-05 0.000168431 0.000297137 8.47788e-09 0.999441 6.99466e-08
1.13763e+12 9.85531e-05 0.000147856 0.000313492 1.08062e-08 0.99944 7.98963e-08
1.14815e+12 0.0001106 0.000129908 0.000310647 1.18716e-08 0.999449 9.38537e-08
1.15878e+12 0.000125668 0.000119663 0.00029014 1.1415e-08 0.999464 1.07e-07
1.1695e+12 0.000139706 0.000119784 0.000258721 9.60788e-09 0.999482 1.15076e-07
1.18032e+12 0.000149108 0.000129936 0.000226022 6.96906e-09 0.999495 1.15557e-07
1.19124e+12 0.000151592 0.000147078 0.000201575 4.19853e-09 0.9995 1.08215e-07
1.20226e+12 0.000146668 0.000166446 0.0001921 1.98127e-09 0.999495 9.49841e-08
1.21339e+12 0.000135641 0.000182907 0.00019981 8.1544e-10 0.999482 7.92549e-08
1.22462e+12 0.000121169 0.000192299 0.000222095 9.05397e-10 0.999464 6.48473e-08
1.23595e+12 0.000106559 0.000192404 0.000252542 2.13814e-09 0.999448 5.4983e-08
1.24738e+12 9.496e-05 0.000183356 0.000282873 4.13878e-09 0.999439 5.15192e-08
1.25893e+12 8.86789e-05 0.000167454 0.000305212 6.38202e-09 0.999439 5.46077e-08
1.27057e+12 8.87317e-05 0.000148463 0.000314043 8.32643e-09 0.999449 6.2811e-08
1.28233e+12 9.47212e-05 0.000130647 0.000307426 9.53789e-09 0.999467 7.35909e-08
1.2942e+12 0.000105024 0.000117765 0.000287217 9.77563e-09 0.99949 8.40053e-08
1.30617e+12 0.000117215 0.000112277 0.000258368 9.02636e-09 0.999512 9.14211e-08
1.31826e+12 0.000128618 0.000114901 0.000227551 7.48588e-09 0.999529 9.40791e-08
1.33045e+12 0.00013685 0.000124588 0.000201512 5.49855e-09 0.999537 9.14002e-08
1.34276e+12 0.000140269 0.000138869 0.000185554 3.47285e-09 0.999535 8.39983e-08
1.35519e+12 0.00013822 0.00015447 0.000182473 1.79343e-09 0.999525 7.34362e-08
1.36773e+12 0.000131091 0.000168023 0.000192138 7.47818e-10 0.999509 6.18093e-08
1.38038e+12 0.000120155 0.000176738 0.000211735 4.80397e-10 0.999491 5.12665e-08
1.39316e+12 0.000107279 0.000178898 0.000236543 9.79054e-10 0.999477 4.35762e-08
1.40605e+12 9.45509e-05 0.0001741 0.000261037 2.0927e-09 0.99947 3.98178e-08
1.41906e+12 8.39011e-05 0.000163231 0.000280044 3.57236e-09 0.999473 4.0243e-08
1.43219e+12 7.67951e-05 0.000148205 0.000289728 5.1251e-09 0.999485 4.43111e-08
1.44544e+12 7.40279e-05 0.000131547 0.000288217 6.46952e-09 0.999506 5.08685e-08
1.45881e+12 7.56508e-05 0.000115906 0.000275807 7.38259e-09 0.999533 5.84187e-08
1.47231e+12 8.10233e-05 0.000103596 0.000254742 7.73117e-09 0.999561 6.54215e-08
1.48594e+12 8.89694e-05 9.62311e-05 0.000228658 7.48473e-09 0.999586 7.05643e-08
1.49968e+12 9.79994e-05 9.45269e-05 0.000201841 6.70975e-09 0.999606 7.29609e-08
1.51356e+12 0.000106557 9.82519e-05 0.000178432 5.54933e-09 0.999617 7.2254e-08
1.52757e+12 0.000113252 0.000106344 0.000161745 4.19319e-09 0.999619 6.86181e-08
1.5417e+12 0.000117043 0.000117142 0.000153786 2.84413e-09 0.999612 6.26753e-08
1.55597e+12 0.000117356 0.000128683 0.00015503 1.68662e-09 0.999599 5.535e-08
1.57036e+12 0.00011412 0.000139019 0.000164473 8.61934e-10 0.999582 4.76955e-08
1.58489e+12 0.000107737 0.000146497 0.00017991 4.52661e-10 0.999566 4.0722e-08
1.59956e+12 9.89883e-05 0.000149966 0.000198365 4.77414e-10 0.999553 3.52526e-08
1.61436e+12 8.89027e-05 0.000148898 0.000216603 8.95134e-10 0.999546 3.18255e-08
1.6293e+12 7.86055e-05 0.000143405 0.000231623 1.61698e-09 0.999546 3.0649e-08
1.64437e+12 6.91727e-05 0.000134169 0.000241068 2.52314e-09 0.999556 3.16096e-08
1.65959e+12 6.15064e-05 0.000122309 0.000243502 3.48149e-09 0.999573 3.43226e-08
1.67494e+12 5.62441e-05 0.000109198 0.000238528 4.36557e-09 0.999596 3.82133e-08
1.69044e+12 5.37085e-05 9.62696e-05 0.000226757 5.06947e-09 0.999623 4.26128e-08
1.70608e+12 5.3899e-05 8.48427e-05 0.000209642 5.5183e-09 0.999652 4.68536e-08
1.72187e+12 5.6521e-05 7.59705e-05 0.000189215 5.67356e-09 0.999678 5.03521e-08
1.7378e+12 6.10434e-05 7.03423e-05 0.000167788 5.53352e-09 0.999701 5.26704e-08
1.75388e+12 6.67765e-05 6.8237e-05 0.000147638 5.12929e-09 0.999717 5.35516e-08
1.77011e+12 7.2957e-05 6.95281e-05 0.000130742 4.51766e-09 0.999727 5.2929e-08
1.78649e+12 7.88322e-05 7.37336e-05 0.000118562 3.77209e-09 0.999729 5.09116e-08
1.80302e+12 8.37337e-05 8.00999e-05 0.000111929 2.97298e-09 0.999724 4.77514e-08
1.8197e+12 8.71343e-05 8.77048e-05 0.000111 2.19858e-09 0.999714 4.37996e-08
1.83654e+12 8.86854e-05 9.55675e-05 0.000115303 1.51728e-09 0.9997 3.94564e-08
1.85353e+12 8.82333e-05 0.000102753 0.000123841 9.81975e-10 0.999685 3.51242e-08
1.87068e+12 8.5815e-05 0.000108458 0.00013525 6.26689e-10 0.99967 3.11653e-08
1.88799e+12 8.16382e-05 0.00011208 0.000147971 4.65567e-10 0.999658 2.78702e-08
1.90546e+12 7.60475e-05 0.000113252 0.000160423 4.93854e-10 0.99965 2.54381e-08
1.92309e+12 6.94827e-05 0.000111858 0.000171169 6.90558e-10 0.999647 2.39678e-08
1.94089e+12 6.2434e-05 0.000108018 0.000179039 1.02221e-09 0.99965 2.34611e-08
1.95884e+12 5.53973e-05 0.000102058 0.000183216 1.44728e-09 0.999659 2.38337e-08
1.97697e+12 4.8835e-05 9.44619e-05 0.000183286 1.92061e-09 0.999673 2.49336e-08
1.99526e+12 4.31425e-05 8.58189e-05 0.000179231 2.39769e-09 0.999692 2.65624e-08
2.01372e+12 3.86251e-05 7.67623e-05 0.000171403 2.83815e-09 0.999713 2.8498e-08
2.03236e+12 3.54832e-05 6.79165e-05 0.000160455 3.20851e-09 0.999736 3.05165e-08
2.05116e+12 3.38076e-05 5.98479e-05 0.000147257 3.48397e-09 0.999759 3.24108e-08
2.07014e+12 3.35827e-05 5.30273e-05 0.000132809 3.64927e-09 0.999781 3.40052e-08
2.0893e+12 3.46976e-05 4.78028e-05 0.000118143 3.69867e-09 0.999799 3.51657e-08
2.10863e+12 3.69622e-05 4.43855e-05 0.000104238 3.63527e-09 0.999814 3.58049e-08
2.12814e+12 4.01265e-05 4.2847e-05 9.19538e-05 3.46967e-09 0.999825 3.58833e-08
2.14783e+12 4.39027e-05 4.31268e-05 8.19691e-05 3.21837e-09 0.999831 3.54064e-08
2.1677e+12 4.79861e-05 4.50485e-05 7.47533e-05 2.90193e-09 0.999832 3.44182e-08
2.18776e+12 5.20761e-05 4.83422e-05 7.05486e-05 2.5431e-09 0.999829 3.29943e-08
2.208e+12 5.58933e-05 5.26706e-05 6.93746e-05 2.16507e-09 0.999822 3.12319e-08
2.22844e+12 5.91945e-05 5.76565e-05 7.10464e-05 1.78994e-09 0.999812 2.92413e-08
2.24905e+12 6.17833e-05 6.29103e-05 7.5206e-05 1.43747e-09 0.9998 2.71364e-08
2.26986e+12 6.35171e-05 6.80546e-05 8.13619e-05 1.12416e-09 0.999787 2.50274e-08
2.29087e+12 6.43103e-05 7.27459e-05 8.89327e-05 8.62635e-10 0.999774 2.3014e-08
2.31206e+12 6.41337e-05 7.66918e-05 9.72922e-05 6.6137e-10 0.999762 2.11803e-08
2.33346e+12 6.30115e-05 7.96629e-05 0.000105812 5.24713e-10 0.999751 1.95921e-08
2.35505e+12 6.1015e-05 8.15003e-05 0.000113901 4.53118e-10 0.999744 1.82947e-08
2.37684e+12 5.82556e-05 8.21178e-05 0.000121034 4.43576e-10 0.999739 1.73131e-08
2.39883e+12 5.48752e-05 8.15007e-05 0.00012678 4.90198e-10 0.999737 1.66528e-08
2.42103e+12 5.10372e-05 7.97e-05 0.000130816 5.84845e-10 0.999738 1.63017e-08
2.44343e+12 4.69169e-05 7.68242e-05 0.000132937 7.17814e-10 0.999743 1.62334e-08
2.46604e+12 4.26923e-05 7.3029e-05 0.000133053 8.78506e-10 0.999751 1.64096e-08
2.48886e+12 3.8536e-05 6.85057e-05 0.000131191 1.05605e-09 0.999762 1.67839e-08
2.51189e+12 3.46077e-05 6.34689e-05 0.000127474 1.23984e-09 0.999774 1.73051e-08
2.53513e+12 3.10483e-05 5.81447e-05 0.000122116 1.42004e-09 0.999789 1.792e-08
2.55859e+12 2.79759e-05 5.27589e-05 0.000115397 1.5879e-09 0.999804 1.85764e-08
2.58226e+12 2.5482e-05 4.75275e-05 0.000107646 1.73608e-09 0.999819 1.92257e-08
2.60615e+12 2.36302e-05 4.26473e-05 9.92223e-05 1.85878e-09 0.999834 1.98244e-08
2.63027e+12 2.24558e-05 3.82894e-05 9.04943e-05 1.95183e-09 0.999849 2.03355e-08
2.65461e+12 2.19664e-05 3.4594e-05 8.18235e-05 2.01267e-09 0.999862 2.07297e-08
2.67917e+12 2.2144e-05 3.16665e-05 7.35483e-05 2.0403e-09 0.999873 2.09855e-08
2.70396e+12 2.29474e-05 2.95765e-05 6.5971e-05 2.03515e-09 0.999881 2.10895e-08
2.72898e+12 2.43154e-05 2.83578e-05 5.93479e-05 1.99889e-09 0.999888 2.10359e-08
2.75423e+12 2.61705e-05 2.80092e-05 5.3882e-05 1.93423e-09 0.999892 2.08259e-08
2.77971e+12 2.84232e-05 2.84978e-05 4.97193e-05 1.84473e-09 0.999893 2.0467e-08
2.80543e+12 3.09754e-05 2.97624e-05 4.69468e-05 1.73452e-09 0.999892 1.9972e-08
2.83139e+12 3.37248e-05 3.1718e-05 4.55939e-05 1.60816e-09 0.999889 1.93576e-08
2.85759e+12 3.65684e-05 3.42601e-05 4.56355e-05 1.47036e-09 0.999884 1.86439e-08
2.88403e+12 3.94059e-05 3.72703e-05 4.69972e-05 1.32583e-09 0.999876 1.78529e-08
2.91072e+12 4.21431e-05 4.06214e-05 4.95617e-05 1.1791e-09 0.999868 1.70075e-08
2.93765e+12 4.46938e-05 4.4182e-05 5.31761e-05 1.03441e-09 0.999858 1.61306e-08
2.96483e+12 4.69824e-05 4.78214e-05 5.76601e-05 8.95543e-10 0.999848 1.52445e-08
2.99226e+12 4.89452e-05 5.14136e-05 6.28141e-05 7.65806e-10 0.999837 1.437e-08
3.01995e+12 5.05318e-05 5.48414e-05 6.84278e-05 6.47928e-10 0.999826 1.35257e-08
3.04789e+12 5.17051e-05 5.79989e-05 7.42875e-05 5.44048e-10 0.999816 1.27279e-08
3.0761e+12 5.24418e-05 6.07943e-05 8.01838e-05 4.557e-10 0.999807 1.19901e-08
3.10456e+12 5.27321e-05 6.31516e-05 8.59178e-05 3.83833e-10 0.999798 1.13229e-08
3.13329e+12 5.25788e-05 6.50119e-05 9.13068e-05 3.28839e-10 0.999791 1.07341e-08
3.16228e+12 5.19966e-05 6.63334e-05 9.61887e-05 2.90597e-10 0.999785 1.02283e-08
3.19154e+12 5.10106e-05 6.7092e-05 0.000100426 2.68526e-10 0.999781 9.8077e-09
3.22107e+12 4.96551e-05 6.72805e-05 0.000103906 2.61649e-10 0.999779 9.47167e-09
3.25087e+12 4.79721e-05 6.69075e-05 0.000106546 2.68665e-10 0.999779 9.2175e-09
3.28095e+12 4.60093e-05 6.5996e-05 0.000108292 2.88015e-10 0.99978 9.04046e-09
3.31131e+12 4.38191e-05 6.45821e-05 0.000109116 3.17946e-10 0.999782 8.93419e-09
3.34195e+12 4.14565e-05 6.27129e-05 0.000109018 3.56593e-10 0.999787 8.89107e-09
3.37287e+12 3.89775e-05 6.04445e-05 0.000108022 4.02031e-10 0.999793 8.90252e-09
3.40408e+12 3.64382e-05 5.78401e-05 0.000106176 4.52326e-10 0.9998 8.95935e-09
3.43558e+12 3.3893e-05 5.49675e-05 0.000103546 5.05599e-10 0.999808 9.05207e-09
3.46737e+12 3.13936e-05 5.18977e-05 0.000100216 5.60067e-10 0.999816 9.17117e-09
3.49945e+12 2.8988e-05 4.87024e-05 9.62819e-05 6.14075e-10 0.999826 9.30737e-09
3.53183e+12 2.67196e-05 4.54527e-05 9.18503e-05 6.66126e-10 0.999836 9.45186e-09
3.56451e+12 2.46267e-05 4.22169e-05 8.70339e-05 7.14902e-10 0.999846 9.59643e-09
3.59749e+12 2.27419e-05 3.90596e-05 8.19487e-05 7.59281e-10 0.999856 9.73367e-09
3.63078e+12 2.10918e-05 3.60404e-05 7.67109e-05 7.98343e-10 0.999866 9.85704e-09
3.66438e+12 1.9697e-05 3.32126e-05 7.14342e-05 8.31369e-10 0.999876 9.96096e-09
3.69828e+12 1.85717e-05 3.06228e-05 6.62272e-05 8.57846e-10 0.999885 1.00408e-08
3.7325e+12 1.77245e-05 2.83102e-05 6.11912e-05 8.77448e-10 0.999893 1.00931e-08
3.76704e+12 1.71578e-05 2.63064e-05 5.64186e-05 8.90029e-10 0.9999 1.01151e-08
3.80189e+12 1.68691e-05 2.46348e-05 5.19914e-05 8.95608e-10 0.999906 1.01053e-08
3.83707e+12 1.68506e-05 2.33116e-05 4.79798e-05 8.94358e-10 0.999912 1.00628e-08
3.87258e+12 1.709e-05 2.23448e-05 4.44421e-05 8.86575e-10 0.999916 9.98766e-09
3.90841e+12 1.75714e-05 2.17358e-05 4.14238e-05 8.72671e-10 0.999919 9.88074e-09
3.94457e+12 1.82751e-05 2.14789e-05 3.89577e-05 8.53137e-10 0.999921 9.74345e-09
3.98107e+12 1.91791e-05 2.15623e-05 3.70641e-05 8.28547e-10 0.999922 9.57774e-09
4.01791e+12 2.02588e-05 2.19688e-05 3.57513e-05 7.99521e-10 0.999922 9.38604e-09
4.05509e+12 2.14883e-05 2.26765e-05 3.50162e-05 7.66715e-10 0.999921 9.17112e-09
4.09261e+12 2.28406e-05 2.36592e-05 3.48451e-05 7.30801e-10 0.999919 8.936e-09
4.13048e+12 2.42881e-05 2.48877e-05 3.52151e-05 6.92453e-10 0.999916 8.6839e-09
4.16869e+12 2.58034e-05 2.63301e-05 3.60946e-05 6.52333e-10 0.999912 8.41808e-09
4.20727e+12 2.73593e-05 2.79527e-05 3.74449e-05 6.1108e-10 0.999907 8.14185e-09
4.2462e+12 2.89298e-05 2.97207e-05 3.92212e-05 5.69304e-10 0.999902 7.85846e-09
4.28549e+12 3.04897e-05 3.15991e-05 4.13739e-05 5.27571e-10 0.999897 7.57103e-09
4.32514e+12 3.20156e-05 3.35528e-05 4.385e-05 4.86395e-10 0.999891 7.28253e-09
4.36516e+12 3.34857e-05 3.55475e-05 4.65938e-05 4.46248e-10 0.999884 6.99574e-09
4.40555e+12 3.48805e-05 3.75504e-05 4.95486e-05 4.07537e-10 0.999878 6.71318e-09
4.44631e+12 3.61822e-05 3.953e-05 5.26573e-05 3.70622e-10 0.999872 6.43714e-09
4.48745e+12 3.73754e-05 4.14571e-05 5.58635e-05 3.35799e-10 0.999865 6.16964e-09
4.52898e+12 3.8447e-05 4.33049e-05 5.91126e-05 3.03306e-10 0.999859 5.91239e-09
4.57088e+12 3.93863e-05 4.50489e-05 6.23521e-05 2.73335e-10 0.999853 5.66685e-09
4.61318e+12 4.01847e-05 4.66675e-05 6.55325e-05 2.46017e-10 0.999848 5.43418e-09
4.65586e+12 4.08359e-05 4.81421e-05 6.86081e-05 2.21437e-10 0.999842 5.21528e-09
4.69894e+12 4.13358e-05 4.94569e-05 7.15368e-05 1.99634e-10 0.999838 5.01079e-09
4.74242e+12 4.16823e-05 5.0599e-05 7.42813e-05 1.80602e-10 0.999833 4.82111e-09
4.7863e+12 4.18753e-05 5.15584e-05 7.68085e-05 1.64306e-10 0.99983 4.64641e-09
4.83059e+12 4.19164e-05 5.23281e-05 7.909e-05 1.50674e-10 0.999827 4.48664e-09
4.87528e+12 4.18088e-05 5.29036e-05 8.11024e-05 1.396e-10 0.999824 4.3416e-09
4.9204e+12 4.15575e-05 5.32831e-05 8.28269e-05 1.3096e-10 0.999822 4.21089e-09
4.96592e+12 4.11683e-05 5.34671e-05 8.42495e-05 1.24611e-10 0.999821 4.094e-09
5.01187e+12 4.06485e-05 5.34584e-05 8.53604e-05 1.20391e-10 0.999821 3.99028e-09
5.05825e+12 4.00062e-05 5.32618e-05 8.61544e-05 1.18127e-10 0.999821 3.89899e-09
5.10505e+12 3.92505e-05 5.2884e-05 8.66302e-05 1.17639e-10 0.999821 3.81932e-09
5.15229e+12 3.83908e-05 5.23331e-05 8.67904e-05 1.18741e-10 0.999822 3.7504e-09
5.19996e+12 3.74374e-05 5.16188e-05 8.66411e-05 1.21251e-10 0.999824 3.69132e-09
5.24807e+12 3.64005e-05 5.07518e-05 8.61912e-05 1.24977e-10 0.999827 3.64113e-09
5.29663e+12 3.5291e-05 4.97438e-05 8.54528e-05 1.2974e-10 0.99983 3.59889e-09
5.34564e+12 3.41193e-05 4.86074e-05 8.44401e-05 1.35363e-10 0.999833 3.56366e-09
5.39511e+12 3.28962e-05 4.73554e-05 8.31698e-05 1.41675e-10 0.999837 3.53454e-09
5.44503e+12 3.16321e-05 4.60013e-05 8.16598e-05 1.48511e-10 0.999841 3.51061e-09
5.49541e+12 3.03374e-05 4.45588e-05 7.99299e-05 1.55726e-10 0.999845 3.49102e-09
5.54626e+12 2.90218e-05 4.30414e-05 7.80006e-05 1.63178e-10 0.99985 3.47496e-09
5.59758e+12 2.7695e-05 4.14627e-05 7.58935e-05 1.70735e-10 0.999855 3.46165e-09
5.64937e+12 2.63659e-05 3.9836e-05 7.36304e-05 1.78279e-10 0.99986 3.45039e-09
5.70164e+12 2.50431e-05 3.81741e-05 7.12335e-05 1.85702e-10 0.999866 3.44051e-09
5.7544e+12 2.37345e-05 3.64897e-05 6.87248e-05 1.92914e-10 0.999871 3.43142e-09
5.80764e+12 2.24476e-05 3.47946e-05 6.61261e-05 1.99831e-10 0.999877 3.42257e-09
5.86138e+12 2.1189e-05 3.31002e-05 6.34589e-05 2.06374e-10 0.999882 3.41347e-09
5.91562e+12 1.99651e-05 3.14171e-05 6.07437e-05 2.1249e-10 0.999888 3.40371e-09
5.97035e+12 1.87812e-05 2.97553e-05 5.80005e-05 2.18128e-10 0.999893 3.3929e-09
6.0256e+12 1.76423e-05 2.81239e-05 5.52482e-05 2.23246e-10 0.999899 3.38075e-09
6.08135e+12 1.65526e-05 2.65314e-05 5.25047e-05 2.27816e-10 0.999904 3.36698e-09
6.13762e+12 1.55159e-05 2.49853e-05 4.97869e-05 2.3181e-10 0.99991 3.35138e-09
6.19441e+12 1.45352e-05 2.34924e-05 4.71104e-05 2.3522e-10 0.999915 3.33379e-09
6.25173e+12 1.3613e-05 2.20588e-05 4.44893e-05 2.38033e-10 0.99992 3.31408e-09
6.30957e+12 1.27512e-05 2.06895e-05 4.19369e-05 2.40256e-10 0.999925 3.29216e-09
6.36796e+12 1.19514e-05 1.93892e-05 3.94648e-05 2.41887e-10 0.999929 3.268e-09
6.42688e+12 1.12145e-05 1.81614e-05 3.70836e-05 2.42939e-10 0.999934 3.24158e-09
6.48634e+12 1.05409e-05 1.70092e-05 3.48023e-05 2.43427e-10 0.999938 3.2129e-09
6.54636e+12 9.9307e-06 1.59347e-05 3.26289e-05 2.43373e-10 0.999942 3.18201e-09
6.60693e+12 9.3836e-06 1.49398e-05 3.057e-05 2.42795e-10 0.999945 3.14898e-09
6.66807e+12 8.8989e-06 1.40252e-05 2.86312e-05 2.4172e-10 0.999948 3.11389e-09
6.72977e+12 8.47556e-06 1.31917e-05 2.68167e-05 2.40174e-10 0.999952 3.07683e-09
6.79204e+12 8.11226e-06 1.24389e-05 2.51297e-05 2.38189e-10 0.999954 3.03791e-09
6.85488e+12 7.80743e-06 1.17664e-05 2.35725e-05 2.3579e-10 0.999957 2.99727e-09
6.91831e+12 7.55925e-06 1.11731e-05 2.21463e-05 2.33011e-10 0.999959 2.95503e-09
6.98232e+12 7.3657e-06 1.06576e-05 2.08515e-05 2.29885e-10 0.999961 2.91133e-09
7.04693e+12 7.22459e-06 1.02182e-05 1.96875e-05 2.26441e-10 0.999963 2.86632e-09
7.11214e+12 7.13358e-06 9.85259e-06 1.86531e-05 2.2271e-10 0.999964 2.82013e-09
7.17794e+12 7.09023e-06 9.55849e-06 1.77463e-05 2.18725e-10 0.999966 2.77292e-09
7.24436e+12 7.09198e-06 9.33322e-06 1.69645e-05 2.14513e-10 0.999967 2.72483e-09
7.31139e+12 7.13622e-06 9.17393e-06 1.63046e-05 2.10106e-10 0.999967 2.676e-09
7.37904e+12 7.22028e-06 9.07759e-06 1.5763e-05 2.0553e-10 0.999968 2.62657e-09
7.44732e+12 7.34145e-06 9.04102e-06 1.53355e-05 2.00812e-10 0.999968 2.57668e-09
7.51623e+12 7.49704e-06 9.06094e-06 1.50177e-05 1.9598e-10 0.999968 2.52646e-09
7.58578e+12 7.68433e-06 9.13399e-06 1.48048e-05 1.91059e-10 0.999968 2.47603e-09
7.65597e+12 7.90066e-06 9.25674e-06 1.46918e-05 1.86072e-10 0.999968 2.42553e-09
7.72681e+12 8.14337e-06 9.42576e-06 1.46735e-05 1.81039e-10 0.999968 2.37504e-09
7.7983e+12 8.40987e-06 9.63758e-06 1.47444e-05 1.75979e-10 0.999967 2.32469e-09
7.87046e+12 8.69761e-06 9.88876e-06 1.48991e-05 1.70913e-10 0.999967 2.27457e-09
7.94328e+12 9.00413e-06 1.01759e-05 1.51321e-05 1.6586e-10 0.999966 2.22478e-09
8.01678e+12 9.32702e-06 1.04956e-05 1.54376e-05 1.60831e-10 0.999965 2.17539e-09
8.09096e+12 9.66396e-06 1.08447e-05 1.58101e-05 1.55846e-10 0.999964 2.1265e-09
8.16582e+12 1.00127e-05 1.12198e-05 1.6244e-05 1.50915e-10 0.999963 2.07816e-09
8.24138e+12 1.03712e-05 1.16179e-05 1.67339e-05 1.4605e-10 0.999961 2.03044e-09
8.31764e+12 1.07373e-05 1.20359e-05 1.72743e-05 1.41261e-10 0.99996 1.98341e-09
8.3946e+12 1.11092e-05 1.2471e-05 1.786e-05 1.36557e-10 0.999959 1.9371e-09
8.47227e+12 1.14849e-05 1.29202e-05 1.84857e-05 1.31949e-10 0.999957 1.89157e-09
8.55067e+12 1.18627e-05 1.3381e-05 1.91465e-05 1.27442e-10 0.999956 1.84686e-09
8.62979e+12 1.22411e-05 1.38507e-05 1.98375e-05 1.23041e-10 0.999954 1.80299e-09
8.70964e+12 1.26184e-05 1.4327e-05 2.05542e-05 1.18753e-10 0.999952 1.76e-09
8.79023e+12 1.29933e-05 1.48075e-05 2.12919e-05 1.14582e-10 0.999951 1.7179e-09
8.87156e+12 1.33644e-05 1.529e-05 2.20465e-05 1.10526e-10 0.999949 1.67672e-09
8.95365e+12 1.37304e-05 1.57725e-05 2.28138e-05 1.06594e-10 0.999948 1.63647e-09
9.03649e+12 1.40903e-05 1.62532e-05 2.35901e-05 1.02782e-10 0.999946 1.59717e-09
9.12011e+12 1.4443e-05 1.67301e-05 2.43717e-05 9.90975e-11 0.999944 1.5588e-09
9.2045e+12 1.47876e-05 1.72017e-05 2.51551e-05 9.55387e-11 0.999943 1.52138e-09
9.28966e+12 1.51232e-05 1.76664e-05 2.59371e-05 9.21019e-11 0.999941 1.48491e-09
9.37562e+12 1.5449e-05 1.81228e-05 2.67147e-05 8.87923e-11 0.99994 1.44938e-09
9.46237e+12 1.57644e-05 1.85697e-05 2.74851e-05 8.56044e-11 0.999938 1.41479e-09
9.54993e+12 1.60686e-05 1.90058e-05 2.82457e-05 8.2535e-11 0.999937 1.38112e-09
9.63829e+12 1.63613e-05 1.94301e-05 2.89941e-05 7.95886e-11 0.999935 1.34837e-09
9.72747e+12 1.66419e-05 1.98416e-05 2.97281e-05 7.67587e-11 0.999934 1.31653e-09
9.81748e+12 1.691e-05 2.02396e-05 3.04458e-05 7.4044e-11 0.999932 1.28557e-09
9.90832e+12 1.71653e-05 2.06231e-05 3.11452e-05 7.14424e-11 0.999931 1.25549e-09
1e+13 1.74076e-05 2.09917e-05 3.18248e-05 6.89506e-11 0.99993 1.22627e-09
1.00925e+13 1.76365e-05 2.13447e-05 3.2483e-05 6.65669e-11 0.999929 1.19788e-09
1.01859e+13 1.7852e-05 2.16816e-05 3.31186e-05 6.42842e-11 0.999927 1.17032e-09
1.02802e+13 1.8054e-05 2.20021e-05 3.37304e-05 6.21023e-11 0.999926 1.14356e-09
1.03753e+13 1.82424e-05 2.23057e-05 3.43174e-05 6.00172e-11 0.999925 1.11758e-09
1.04713e+13 1.84171e-05 2.25924e-05 3.48788e-05 5.80278e-11 0.999924 1.09235e-09
1.05682e+13 1.85782e-05 2.28619e-05 3.54138e-05 5.61295e-11 0.999923 1.06787e-09
1.0666e+13 1.87258e-05 2.3114e-05 3.59219e-05 5.43169e-11 0.999922 1.0441e-09
1.07647e+13 1.88599e-05 2.33488e-05 3.64025e-05 5.25879e-11 0.999921 1.02104e-09
1.08643e+13 1.89807e-05 2.35662e-05 3.68555e-05 5.0942e-11 0.999921 9.98648e-10
1.09648e+13 1.90883e-05 2.37662e-05 3.72804e-05 4.93738e-11 0.99992 9.76913e-10
1.10662e+13 1.9183e-05 2.3949e-05 3.76771e-05 4.78779e-11 0.999919 9.55815e-10
1.11686e+13 1.92649e-05 2.41147e-05 3.80456e-05 4.64516e-11 0.999919 9.35329e-10
1.1272e+13 1.93342e-05 2.42634e-05 3.83859e-05 4.50931e-11 0.999918 9.15435e-10
1.13763e+13 1.93913e-05 2.43954e-05 3.86982e-05 4.37986e-11 0.999918 8.96121e-10
1.14815e+13 1.94363e-05 2.4511e-05 3.89825e-05 4.25683e-11 0.999917 8.77355e-10
1.15878e+13 1.94696e-05 2.46103e-05 3.92392e-05 4.13961e-11 0.999917 8.59127e-10
1.1695e+13 1.94914e-05 2.46938e-05 3.94686e-05 4.02789e-11 0.999916 8.41416e-10
1.18032e+13 1.95021e-05 2.47616e-05 3.9671e-05 3.9218e-11 0.999916 8.24198e-10
1.19124e+13 1.9502e-05 2.48143e-05 3.98469e-05 3.82001e-11 0.999916 8.07467e-10
1.20226e+13 1.94913e-05 2.4852e-05 3.99967e-05 3.72338e-11 0.999916 7.91198e-10
1.21339e+13 1.94704e-05 2.48753e-05 4.01209e-05 3.63147e-11 0.999916 7.75373e-10
1.22462e+13 1.94397e-05 2.48845e-05 4.022e-05 3.54358e-11 0.999915 7.59976e-10
1.23595e+13 1.93995e-05 2.48799e-05 4.02948e-05 3.45936e-11 0.999915 7.44996e-10
1.24738e+13 1.93501e-05 2.48621e-05 4.03456e-05 3.37951e-11 0.999915 7.30413e-10
1.25893e+13 1.92919e-05 2.48315e-05 4.03732e-05 3.30335e-11 0.999916 7.16218e-10
1.27057e+13 1.92252e-05 2.47884e-05 4.03782e-05 3.2306e-11 0.999916 7.02391e-10
1.28233e+13 1.91503e-05 2.47333e-05 4.03613e-05 3.16076e-11 0.999916 6.88922e-10
1.2942e+13 1.90676e-05 2.46666e-05 4.03231e-05 3.09426e-11 0.999916 6.75793e-10
1.30617e+13 1.89774e-05 2.45888e-05 4.02644e-05 3.03e-11 0.999916 6.62996e-10
1.31826e+13 1.88801e-05 2.45003e-05 4.01858e-05 2.96886e-11 0.999916 6.5052e-10
1.33045e+13 1.8776e-05 2.44015e-05 4.00881e-05 2.91047e-11 0.999917 6.38348e-10
1.34276e+13 1.86654e-05 2.42929e-05 3.99718e-05 2.85451e-11 0.999917 6.2647e-10
1.35519e+13 1.85486e-05 2.41749e-05 3.98379e-05 2.80062e-11 0.999917 6.14881e-10
1.36773e+13 1.8426e-05 2.40479e-05 3.96868e-05 2.74854e-11 0.999918 6.03564e-10
1.38038e+13 1.82979e-05 2.39124e-05 3.95195e-05 2.69876e-11 0.999918 5.92515e-10
1.39316e+13 1.81645e-05 2.37687e-05 3.93365e-05 2.65076e-11 0.999919 5.81718e-10
1.40605e+13 1.80262e-05 2.36173e-05 3.91385e-05 2.60466e-11 0.999919 5.71167e-10
1.41906e+13 1.78832e-05 2.34586e-05 3.89263e-05 2.55998e-11 0.99992 5.60857e-10
1.43219e+13 1.77359e-05 2.32929e-05 3.87004e-05 2.51682e-11 0.99992 5.50775e-10
1.44544e+13 1.75845e-05 2.31206e-05 3.84617e-05 2.47516e-11 0.999921 5.40913e-10
1.45881e+13 1.74293e-05 2.29422e-05 3.82107e-05 2.43515e-11 0.999921 5.31266e-10
1.47231e+13 1.72705e-05 2.2758e-05 3.79481e-05 2.39628e-11 0.999922 5.21828e-10
1.48594e+13 1.71085e-05 2.25683e-05 3.76744e-05 2.35844e-11 0.999923 5.1259e-10
1.49968e+13 1.69434e-05 2.23736e-05 3.73905e-05 2.32174e-11 0.999923 5.03543e-10
1.51356e+13 1.67756e-05 2.21741e-05 3.70968e-05 2.28626e-11 0.999924 4.94685e-10
1.52757e+13 1.66051e-05 2.19701e-05 3.67939e-05 2.25141e-11 0.999925 4.8601e-10
1.5417e+13 1.64323e-05 2.17621e-05 3.64824e-05 2.21778e-11 0.999925 4.77508e-10
1.55597e+13 1.62574e-05 2.15503e-05 3.61629e-05 2.18461e-11 0.999926 4.69178e-10
1.57036e+13 1.60806e-05 2.13351e-05 3.5836e-05 2.1528e-11 0.999927 4.6101e-10
1.58489e+13 1.59021e-05 2.11166e-05 3.55021e-05 2.12141e-11 0.999927 4.53006e-10
1.59956e+13 1.57221e-05 2.08953e-05 3.51618e-05 2.09107e-11 0.999928 4.45157e-10
1.61436e+13 1.55407e-05 2.06713e-05 3.48156e-05 2.06106e-11 0.999929 4.37459e-10
1.6293e+13 1.53583e-05 2.0445e-05 3.44639e-05 2.03183e-11 0.99993 4.29904e-10
1.64437e+13 1.51748e-05 2.02166e-05 3.41073e-05 2.00306e-11 0.999931 4.22496e-10
1.65959e+13 1.49906e-05 1.99863e-05 3.37462e-05 1.97516e-11 0.999931 4.15225e-10
1.67494e+13 1.48057e-05 1.97545e-05 3.33811e-05 1.94779e-11 0.999932 4.08087e-10
1.69044e+13 1.46203e-05 1.95212e-05 3.30123e-05 1.9207e-11 0.999933 4.01086e-10
1.70608e+13 1.44347e-05 1.92868e-05 3.26403e-05 1.8941e-11 0.999934 3.94207e-10
1.72187e+13 1.42488e-05 1.90514e-05 3.22655e-05 1.8679e-11 0.999934 3.87455e-10
1.7378e+13 1.40628e-05 1.88153e-05 3.18882e-05 1.84204e-11 0.999935 3.80824e-10
1.75388e+13 1.3877e-05 1.85787e-05 3.15089e-05 1.81698e-11 0.999936 3.74314e-10
1.77011e+13 1.36913e-05 1.83417e-05 3.11278e-05 1.7921e-11 0.999937 3.67916e-10
1.78649e+13 1.35059e-05 1.81044e-05 3.07453e-05 1.76753e-11 0.999938 3.61633e-10
1.80302e+13 1.3321e-05 1.78672e-05 3.03618e-05 1.74323e-11 0.999938 3.55459e-10
1.8197e+13 1.31365e-05 1.76301e-05 2.99775e-05 1.71947e-11 0.999939 3.49395e-10
1.83654e+13 1.29527e-05 1.73933e-05 2.95927e-05 1.69611e-11 0.99994 3.43433e-10
1.85353e+13 1.27697e-05 1.7157e-05 2.92077e-05 1.67279e-11 0.999941 3.37574e-10
1.87068e+13 1.25874e-05 1.69212e-05 2.88229e-05 1.64989e-11 0.999942 3.31818e-10
1.88799e+13 1.2406e-05 1.66861e-05 2.84383e-05 1.62724e-11 0.999942 3.26161e-10
1.90546e+13 1.22256e-05 1.64519e-05 2.80544e-05 1.60464e-11 0.999943 3.206e-10
1.92309e+13 1.20463e-05 1.62186e-05 2.76712e-05 1.58258e-11 0.999944 3.15131e-10
1.94089e+13 1.18681e-05 1.59864e-05 2.72891e-05 1.56116e-11 0.999945 3.09754e-10
1.95884e+13 1.1691e-05 1.57554e-05 2.69083e-05 1.53943e-11 0.999946 3.04472e-10
1.97697e+13 1.15153e-05 1.55256e-05 2.65289e-05 1.51812e-11 0.999946 2.99276e-10
1.99526e+13 1.13408e-05 1.52973e-05 2.61511e-05 1.49708e-11 0.999947 2.94167e-10
2.01372e+13 1.11677e-05 1.50703e-05 2.57751e-05 1.47619e-11 0.999948 2.89145e-10
2.03236e+13 1.0996e-05 1.4845e-05 2.54011e-05 1.45554e-11 0.999949 2.84207e-10
2.05116e+13 1.08258e-05 1.46212e-05 2.50293e-05 1.43506e-11 0.99995 2.79351e-10
2.07014e+13 1.0657e-05 1.43991e-05 2.46598e-05 1.41473e-11 0.99995 2.74576e-10
2.0893e+13 1.04899e-05 1.41788e-05 2.42926e-05 1.395e-11 0.999951 2.69877e-10
2.10863e+13 1.03243e-05 1.39604e-05 2.39281e-05 1.37524e-11 0.999952 2.65261e-10
2.12814e+13 1.01603e-05 1.37438e-05 2.35662e-05 1.35566e-11 0.999953 2.60719e-10
2.14783e+13 9.99796e-06 1.35291e-05 2.32071e-05 1.33627e-11 0.999953 2.5625e-10
2.1677e+13 9.83731e-06 1.33165e-05 2.28509e-05 1.31724e-11 0.999954 2.51857e-10
2.18776e+13 9.67836e-06 1.31058e-05 2.24977e-05 1.29829e-11 0.999955 2.47538e-10
2.208e+13 9.52114e-06 1.28973e-05 2.21477e-05 1.27953e-11 0.999955 2.4329e-10
2.22844e+13 9.36567e-06 1.26908e-05 2.18008e-05 1.26116e-11 0.999956 2.39109e-10
2.24905e+13 9.21197e-06 1.24866e-05 2.14571e-05 1.24282e-11 0.999957 2.35001e-10
2.26986e+13 9.06004e-06 1.22845e-05 2.11168e-05 1.22457e-11 0.999958 2.30956e-10
2.29087e+13 8.90991e-06 1.20846e-05 2.07799e-05 1.20687e-11 0.999958 2.26982e-10
2.31206e+13 8.76159e-06 1.18869e-05 2.04465e-05 1.18909e-11 0.999959 2.23072e-10
2.33346e+13 8.61509e-06 1.16915e-05 2.01166e-05 1.17151e-11 0.99996 2.19225e-10
2.35505e+13 8.47041e-06 1.14984e-05 1.97902e-05 1.1542e-11 0.99996 2.15442e-10
2.37684e+13 8.32757e-06 1.13076e-05 1.94674e-05 1.13698e-11 0.999961 2.11723e-10
2.39883e+13 8.18656e-06 1.11191e-05 1.91483e-05 1.12e-11 0.999962 2.08063e-10
2.42103e+13 8.04739e-06 1.09329e-05 1.88329e-05 1.10315e-11 0.999962 2.04467e-10
2.44343e+13 7.91006e-06 1.07491e-05 1.85212e-05 1.0866e-11 0.999963 2.00928e-10
2.46604e+13 7.77457e-06 1.05676e-05 1.82132e-05 1.07027e-11 0.999963 1.97447e-10
2.48886e+13 7.64093e-06 1.03884e-05 1.7909e-05 1.0541e-11 0.999964 1.94019e-10
2.51189e+13 7.50912e-06 1.02116e-05 1.76085e-05 1.03783e-11 0.999965 1.90658e-10
2.53513e+13 7.37914e-06 1.00371e-05 1.73119e-05 1.02213e-11 0.999965 1.87348e-10
2.55859e+13 7.25099e-06 9.86498e-06 1.7019e-05 1.00671e-11 0.999966 1.84093e-10
2.58226e+13 7.12466e-06 9.69521e-06 1.673e-05 9.90919e-12 0.999966 1.80891e-10
2.60615e+13 7.00015e-06 9.52778e-06 1.64447e-05 9.75817e-12 0.999967 1.77742e-10
2.63027e+13 6.87744e-06 9.36268e-06 1.61633e-05 9.60999e-12 0.999968 1.74646e-10
2.65461e+13 6.75654e-06 9.19992e-06 1.58857e-05 9.4594e-12 0.999968 1.71603e-10
2.67917e+13 6.63742e-06 9.03948e-06 1.56119e-05 9.31329e-12 0.999969 1.68608e-10
2.70396e+13 6.52007e-06 8.88135e-06 1.53419e-05 9.16582e-12 0.999969 1.65665e-10
2.72898e+13 6.40449e-06 8.72552e-06 1.50757e-05 9.02157e-12 0.99997 1.62769e-10
2.75423e+13 6.29067e-06 8.57198e-06 1.48132e-05 8.88226e-12 0.99997 1.59919e-10
2.77971e+13 6.17859e-06 8.42072e-06 1.45545e-05 8.73977e-12 0.999971 1.57126e-10
2.80543e+13 6.06823e-06 8.27172e-06 1.42996e-05 8.60272e-12 0.999971 1.54373e-10
2.83139e+13 5.95958e-06 8.12497e-06 1.40484e-05 8.46703e-12 0.999972 1.51667e-10
2.85759e+13 5.85264e-06 7.98045e-06 1.38009e-05 8.32916e-12 0.999972 1.49007e-10
2.88403e+13 5.74738e-06 7.83814e-06 1.3557e-05 8.19857e-12 0.999973 1.46391e-10
2.91072e+13 5.64378e-06 7.69804e-06 1.33169e-05 8.06882e-12 0.999973 1.43818e-10
2.93765e+13 5.54184e-06 7.56011e-06 1.30803e-05 7.93933e-12 0.999974 1.4129e-10
2.96483e+13 5.44154e-06 7.42435e-06 1.28474e-05 7.80942e-12 0.999974 1.38809e-10
2.99226e+13 5.34285e-06 7.29072e-06 1.26181e-05 7.68238e-12 0.999975 1.36364e-10
3.01995e+13 5.24577e-06 7.15922e-06 1.23923e-05 7.56234e-12 0.999975 1.33959e-10
3.04789e+13 5.15027e-06 7.02982e-06 1.217e-05 7.43648e-12 0.999976 1.31598e-10
3.0761e+13 5.05634e-06 6.9025e-06 1.19513e-05 7.3147e-12 0.999976 1.29277e-10
3.10456e+13 4.96396e-06 6.77724e-06 1.1736e-05 7.19706e-12 0.999977 1.26993e-10
3.13329e+13 4.87311e-06 6.65402e-06 1.15241e-05 7.07969e-12 0.999977 1.24752e-10
3.16228e+13 4.78378e-06 6.53282e-06 1.13156e-05 6.96432e-12 0.999977 1.22546e-10
3.19154e+13 4.69595e-06 6.4136e-06 1.11105e-05 6.8486e-12 0.999978 1.20379e-10
3.22107e+13 4.60959e-06 6.29636e-06 1.09087e-05 6.73853e-12 0.999978 1.18245e-10
3.25087e+13 4.52469e-06 6.18107e-06 1.07102e-05 6.6216e-12 0.999979 1.16153e-10
3.28095e+13 4.44123e-06 6.0677e-06 1.0515e-05 6.51244e-12 0.999979 1.14094e-10
3.31131e+13 4.3592e-06 5.95623e-06 1.03229e-05 6.40529e-12 0.999979 1.12074e-10
3.34195e+13 4.27857e-06 5.84665e-06 1.01341e-05 6.30004e-12 0.99998 1.10085e-10
3.37287e+13 4.19932e-06 5.73891e-06 9.94838e-06 6.19317e-12 0.99998 1.08131e-10
3.40408e+13 4.12145e-06 5.63301e-06 9.76578e-06 6.09275e-12 0.99998 1.06207e-10
3.43558e+13 4.04492e-06 5.52892e-06 9.58626e-06 5.99008e-12 0.999981 1.04318e-10
3.46737e+13 3.96972e-06 5.42661e-06 9.40976e-06 5.88636e-12 0.999981 1.02467e-10
3.49945e+13 3.89583e-06 5.32606e-06 9.23626e-06 5.78949e-12 0.999982 1.00643e-10
3.53183e+13 3.82323e-06 5.22725e-06 9.06572e-06 5.69256e-12 0.999982 9.8851e-11
3.56451e+13 3.75191e-06 5.13015e-06 8.89809e-06 5.59669e-12 0.999982 9.70869e-11
3.59749e+13 3.68184e-06 5.03473e-06 8.73334e-06 5.50177e-12 0.999983 9.5357e-11
3.63078e+13 3.61301e-06 4.94099e-06 8.57142e-06 5.40589e-12 0.999983 9.36578e-11
3.66438e+13 3.5454e-06 4.84888e-06 8.41231e-06 5.31446e-12 0.999983 9.19892e-11
3.69828e+13 3.479e-06 4.7584e-06 8.25596e-06 5.22652e-12 0.999984 9.03434e-11
3.7325e+13 3.41377e-06 4.6695e-06 8.10234e-06 5.13614e-12 0.999984 8.87317e-11
3.76704e+13 3.34971e-06 4.58218e-06 7.9514e-06 5.04934e-12 0.999984 8.71474e-11
3.80189e+13 3.28679e-06 4.49641e-06 7.8031e-06 4.96667e-12 0.999984 8.55856e-11
3.83707e+13 3.22501e-06 4.41216e-06 7.65742e-06 4.87881e-12 0.999985 8.40574e-11
3.87258e+13 3.16434e-06 4.32942e-06 7.5143e-06 4.79854e-12 0.999985 8.25529e-11
3.90841e+13 3.10476e-06 4.24815e-06 7.37372e-06 4.71394e-12 0.999985 8.10744e-11
3.94457e+13 3.04626e-06 4.16834e-06 7.23564e-06 4.6312e-12 0.999986 7.96215e-11
3.98107e+13 2.98882e-06 4.08996e-06 7.10001e-06 4.55028e-12 0.999986 7.81958e-11
4.01791e+13 2.93242e-06 4.013e-06 6.9668e-06 4.47439e-12 0.999986 7.67927e-11
4.05509e+13 2.87705e-06 3.93742e-06 6.83598e-06 4.39496e-12 0.999986 7.54178e-11
4.09261e+13 2.82268e-06 3.86321e-06 6.7075e-06 4.31657e-12 0.999987 7.40674e-11
4.13048e+13 2.76932e-06 3.79035e-06 6.58134e-06 4.24454e-12 0.999987 7.27338e-11
4.16869e+13 2.71692e-06 3.71881e-06 6.45745e-06 4.17096e-12 0.999987 7.14301e-11
4.20727e+13 2.66549e-06 3.64858e-06 6.3358e-06 4.10046e-12 0.999987 7.01467e-11
4.2462e+13 2.61501e-06 3.57962e-06 6.21635e-06 4.02817e-12 0.999988 6.88853e-11
4.28549e+13 2.56545e-06 3.51193e-06 6.09907e-06 3.9584e-12 0.999988 6.76442e-11
4.32514e+13 2.51681e-06 3.44548e-06 5.98392e-06 3.88797e-12 0.999988 6.64307e-11
4.36516e+13 2.46907e-06 3.38024e-06 5.87087e-06 3.82245e-12 0.999988 6.5237e-11
4.40555e+13 2.42221e-06 3.31621e-06 5.75989e-06 3.75473e-12 0.999989 6.40632e-11
4.44631e+13 2.37621e-06 3.25335e-06 5.65093e-06 3.69004e-12 0.999989 6.29095e-11
4.48745e+13 2.33107e-06 3.19166e-06 5.54398e-06 3.62251e-12 0.999989 6.17757e-11
4.52898e+13 2.28677e-06 3.1311e-06 5.43899e-06 3.56152e-12 0.999989 6.06631e-11
4.57088e+13 2.2433e-06 3.07167e-06 5.33593e-06 3.50132e-12 0.999989 5.95657e-11
4.61318e+13 2.20063e-06 3.01333e-06 5.23477e-06 3.43761e-12 0.99999 5.84965e-11
4.65586e+13 2.15876e-06 2.95608e-06 5.13548e-06 3.37411e-12 0.99999 5.74401e-11
4.69894e+13 2.11767e-06 2.8999e-06 5.03802e-06 3.31598e-12 0.99999 5.64055e-11
4.74242e+13 2.07735e-06 2.84476e-06 4.94237e-06 3.25693e-12 0.99999 5.53899e-11
4.7863e+13 2.03779e-06 2.79065e-06 4.84849e-06 3.20083e-12 0.99999 5.43885e-11
4.83059e+13 1.99896e-06 2.73754e-06 4.75636e-06 3.14661e-12 0.999991 5.34017e-11
4.87528e+13 1.96087e-06 2.68543e-06 4.66594e-06 3.08757e-12 0.999991 5.24421e-11
4.9204e+13 1.92349e-06 2.6343e-06 4.5772e-06 3.03378e-12 0.999991 5.14938e-11
4.96592e+13 1.88681e-06 2.58412e-06 4.49012e-06 2.98175e-12 0.999991 5.05617e-11
5.01187e+13 1.85083e-06 2.53488e-06 4.40467e-06 2.92995e-12 0.999991 4.96484e-11
5.05825e+13 1.81552e-06 2.48657e-06 4.32081e-06 2.87783e-12 0.999991 4.87517e-11
5.10505e+13 1.78088e-06 2.43917e-06 4.23852e-06 2.82468e-12 0.999992 4.78714e-11
5.15229e+13 1.74689e-06 2.39266e-06 4.15778e-06 2.77377e-12 0.999992 4.70068e-11
5.19996e+13 1.71355e-06 2.34702e-06 4.07855e-06 2.72649e-12 0.999992 4.61541e-11
5.24807e+13 1.68083e-06 2.30224e-06 4.00081e-06 2.67619e-12 0.999992 4.53186e-11
5.29663e+13 1.64874e-06 2.25831e-06 3.92453e-06 2.6299e-12 0.999992 4.44983e-11
5.34564e+13 1.61725e-06 2.21521e-06 3.84968e-06 2.58298e-12 0.999992 4.36929e-11
5.39511e+13 1.58636e-06 2.17292e-06 3.77625e-06 2.53644e-12 0.999992 4.29033e-11
5.44503e+13 1.55606e-06 2.13144e-06 3.7042e-06 2.49352e-12 0.999993 4.21226e-11
5.49541e+13 1.52633e-06 2.09074e-06 3.63351e-06 2.44885e-12 0.999993 4.13605e-11
5.54626e+13 1.49716e-06 2.0508e-06 3.56415e-06 2.40304e-12 0.999993 4.06125e-11
5.59758e+13 1.46855e-06 2.01163e-06 3.49611e-06 2.36323e-12 0.999993 3.98751e-11
5.64937e+13 1.44049e-06 1.9732e-06 3.42936e-06 2.31878e-12 0.999993 3.91545e-11
5.70164e+13 1.41295e-06 1.9355e-06 3.36387e-06 2.27778e-12 0.999993 3.84459e-11
5.7544e+13 1.38595e-06 1.89852e-06 3.29962e-06 2.23595e-12 0.999993 3.77476e-11
5.80764e+13 1.35945e-06 1.86224e-06 3.23658e-06 2.19753e-12 0.999994 3.70596e-11
5.86138e+13 1.33347e-06 1.82664e-06 3.17475e-06 2.15707e-12 0.999994 3.63879e-11
5.91562e+13 1.30797e-06 1.79173e-06 3.11409e-06 2.11753e-12 0.999994 3.57303e-11
5.97035e+13 1.28297e-06 1.75748e-06 3.05458e-06 2.08002e-12 0.999994 3.50824e-11
6.0256e+13 1.25844e-06 1.72389e-06 2.99621e-06 2.04062e-12 0.999994 3.44443e-11
6.08135e+13 1.23438e-06 1.69093e-06 2.93894e-06 2.00284e-12 0.999994 3.38182e-11
6.13762e+13 1.21078e-06 1.65861e-06 2.88277e-06 1.96788e-12 0.999994 3.32095e-11
6.19441e+13 1.18763e-06 1.6269e-06 2.82766e-06 1.93259e-12 0.999994 3.2602e-11
6.25173e+13 1.16492e-06 1.59579e-06 2.77361e-06 1.90142e-12 0.999994 3.20098e-11
6.30957e+13 1.14265e-06 1.56528e-06 2.72058e-06 1.86562e-12 0.999995 3.1431e-11
6.36796e+13 1.12081e-06 1.53536e-06 2.66857e-06 1.83278e-12 0.999995 3.08596e-11
6.42688e+13 1.09938e-06 1.506e-06 2.61755e-06 1.79988e-12 0.999995 3.02977e-11
6.48634e+13 1.07836e-06 1.47721e-06 2.56751e-06 1.76655e-12 0.999995 2.97444e-11
6.54636e+13 1.05775e-06 1.44897e-06 2.51842e-06 1.73442e-12 0.999995 2.92063e-11
6.60693e+13 1.03753e-06 1.42126e-06 2.47027e-06 1.70319e-12 0.999995 2.86758e-11
6.66807e+13 1.01769e-06 1.39409e-06 2.42304e-06 1.67166e-12 0.999995 2.81534e-11
6.72977e+13 9.98243e-07 1.36744e-06 2.37672e-06 1.64631e-12 0.999995 2.76421e-11
6.79204e+13 9.79164e-07 1.3413e-06 2.33128e-06 1.6124e-12 0.999995 2.71386e-11
6.85488e+13 9.60451e-07 1.31566e-06 2.28671e-06 1.58119e-12 0.999995 2.66453e-11
6.91831e+13 9.42097e-07 1.29051e-06 2.24299e-06 1.5558e-12 0.999996 2.61627e-11
6.98232e+13 9.24095e-07 1.26585e-06 2.20011e-06 1.52817e-12 0.999996 2.56874e-11
7.04693e+13 9.06439e-07 1.24165e-06 2.15805e-06 1.49798e-12 0.999996 2.52184e-11
7.11214e+13 8.89122e-07 1.21793e-06 2.1168e-06 1.4699e-12 0.999996 2.47595e-11
7.17794e+13 8.72137e-07 1.19465e-06 2.07634e-06 1.44564e-12 0.999996 2.43098e-11
7.24436e+13 8.55478e-07 1.17183e-06 2.03666e-06 1.42118e-12 0.999996 2.38649e-11
7.31139e+13 8.39139e-07 1.14944e-06 1.99773e-06 1.39466e-12 0.999996 2.34301e-11
7.37904e+13 8.23114e-07 1.12748e-06 1.95956e-06 1.3684e-12 0.999996 2.30043e-11
7.44732e+13 8.07397e-07 1.10594e-06 1.92211e-06 1.34345e-12 0.999996 2.2585e-11
7.51623e+13 7.91982e-07 1.08482e-06 1.88539e-06 1.3186e-12 0.999996 2.21739e-11
7.58578e+13 7.76863e-07 1.0641e-06 1.84937e-06 1.29532e-12 0.999996 2.17687e-11
7.65597e+13 7.62034e-07 1.04378e-06 1.81404e-06 1.27436e-12 0.999996 2.13745e-11
7.72681e+13 7.47491e-07 1.02385e-06 1.77939e-06 1.25134e-12 0.999996 2.09869e-11
7.7983e+13 7.33226e-07 1.0043e-06 1.7454e-06 1.22398e-12 0.999997 2.0604e-11
7.87046e+13 7.19236e-07 9.85129e-07 1.71207e-06 1.20147e-12 0.999997 2.02277e-11
7.94328e+13 7.05515e-07 9.66326e-07 1.67938e-06 1.18119e-12 0.999997 1.98606e-11
8.01678e+13 6.92058e-07 9.47884e-07 1.64731e-06 1.1609e-12 0.999997 1.9497e-11
8.09096e+13 6.78859e-07 9.29796e-07 1.61586e-06 1.14007e-12 0.999997 1.91434e-11
8.16582e+13 6.65914e-07 9.12056e-07 1.58502e-06 1.11939e-12 0.999997 1.87919e-11
8.24138e+13 6.53217e-07 8.94658e-07 1.55477e-06 1.09825e-12 0.999997 1.84492e-11
8.31764e+13 6.40765e-07 8.77593e-07 1.5251e-06 1.07642e-12 0.999997 1.81172e-11
8.3946e+13 6.28552e-07 8.60856e-07 1.496e-06 1.06093e-12 0.999997 1.77836e-11
8.47227e+13 6.16573e-07 8.44441e-07 1.46746e-06 1.03991e-12 0.999997 1.74594e-11
8.55067e+13 6.04825e-07 8.28342e-07 1.43946e-06 1.02234e-12 0.999997 1.71422e-11
8.62979e+13 5.93303e-07 8.12552e-07 1.41201e-06 1.0018e-12 0.999997 1.68301e-11
8.70964e+13 5.82002e-07 7.97065e-07 1.38508e-06 9.8372e-13 0.999997 1.65216e-11
8.79023e+13 5.70918e-07 7.81876e-07 1.35867e-06 9.66296e-13 0.999997 1.62236e-11
8.87156e+13 5.60047e-07 7.66979e-07 1.33277e-06 9.48158e-13 0.999997 1.59252e-11
8.95365e+13 5.49385e-07 7.52369e-07 1.30737e-06 9.29992e-13 0.999997 1.56357e-11
9.03649e+13 5.38928e-07 7.38039e-07 1.28245e-06 9.13228e-13 0.999997 1.53489e-11
9.12011e+13 5.28672e-07 7.23984e-07 1.25802e-06 8.9747e-13 0.999997 1.50719e-11
9.2045e+13 5.18613e-07 7.10199e-07 1.23405e-06 8.80039e-13 0.999998 1.47993e-11
9.28966e+13 5.08747e-07 6.9668e-07 1.21054e-06 8.63136e-13 0.999998 1.45294e-11
9.37562e+13 4.9907e-07 6.8342e-07 1.18749e-06 8.48828e-13 0.999998 1.42624e-11
9.46237e+13 4.8958e-07 6.70414e-07 1.16488e-06 8.35713e-13 0.999998 1.39994e-11
9.54993e+13 4.80271e-07 6.57659e-07 1.1427e-06 8.21142e-13 0.999998 1.37478e-11
9.63829e+13 4.71141e-07 6.45149e-07 1.12095e-06 8.0385e-13 0.999998 1.34954e-11
9.72747e+13 4.62187e-07 6.32878e-07 1.09961e-06 7.88418e-13 0.999998 1.32489e-11
9.81748e+13 4.53404e-07 6.20844e-07 1.07869e-06 7.74179e-13 0.999998 1.30081e-11
9.90832e+13 4.4479e-07 6.0904e-07 1.05817e-06 7.60399e-13 0.999998 1.27693e-11
1e+14 4.36342e-07 5.97463e-07 1.03804e-06 7.46812e-13 0.999998 1.254e-11
