0.08912509381337455   0.12399272180447901   0.20232807752266443   4.960494482637053e-10
0.11220184543019636   0.10079074697699764   0.16501738249842038   5.024546826223424e-10
0.14125375446227548   0.07946837945823569   0.13481281321124633   5.071414627088594e-10
0.17782794100389232   0.06069283579745868   0.09878621915041995   5.101775948065913e-10
0.22387211385683398   0.044919312941352964   0.07693424963874418   5.10787180589891e-10
0.2818382931264454   0.03230997441453587   0.057767864043897416   5.103104556407928e-10
0.3548133892335755   0.022658195951441713   0.04185798221971543   5.09747830189664e-10
0.4466835921509632   0.015496755434045516   0.028501388804062795   5.084125247929706e-10
0.5623413251903492   0.010308327934210756   0.01983832324300102   5.047184320090352e-10
0.707945784384138   0.006644772269493406   0.01340980012960018   4.97077518919636e-10
0.8912509381337457   0.00413803800058255   0.008756023641213334   4.889647291539132e-10
1.1220184543019636   0.0024804033483886395   0.0054889120802679775   4.728052501509285e-10
1.4125375446227548   0.0014234899572195408   0.003291556604596496   4.444155544928657e-10
1.7782794100389236   0.0007789667336406924   0.0018968763571084255   4.089410216264614e-10
2.238721138568341   0.0004067012514583584   0.0010644512871881148   3.499615708134848e-10
2.818382931264455   0.00020392409580412185   0.0005816691744061971   2.9402834256772844e-10
3.548133892335755   9.910832968643404e-05   0.0003104883820633426   2.3798736717169334e-10
4.466835921509633   4.7056972779574176e-05   0.00016570707352032608   1.9777273110301952e-10
5.623413251903493   2.1975738967663545e-05   8.757483678406866e-05   1.5929387788612233e-10
7.079457843841384   1.0162777807322543e-05   4.602343247304716e-05   1.2295209217318933e-10
8.91250938133746   4.668365294599845e-06   2.4054678358942522e-05   9.286014589249946e-11
11.220184543019636   2.1304104139453294e-06   1.2498468909829452e-05   6.911905446787204e-11
14.125375446227547   9.68654638911767e-07   6.4651622688535e-06   4.937040090764689e-11
17.782794100389236   4.405707905068752e-07   3.334186320913168e-06   3.445252582065466e-11
22.38721138568341   2.009032866816748e-07   1.7146638883357344e-06   2.3655826734497067e-11
28.183829312644548   9.188132972067749e-08   8.790598477069914e-07   1.59528327587449e-11
35.48133892335755   4.216000789003633e-08   4.488820529072085e-07   1.0541820600615247e-11
44.668359215096324   1.9415276330949174e-08   2.2797688839213999e-07   6.809950465840514e-12
56.23413251903494   8.980744890924003e-09   1.147990797617748e-07   4.335663796574828e-12
70.79457843841384   4.181337879766593e-09   5.6998859776996284e-08   2.711022138850651e-12
89.12509381337459   1.958759585052222e-09   2.8303549358640293e-08   1.6607545267584452e-12
112.20184543019641   9.209901911075447e-10   1.4105728223791291e-08   1.0037182388859996e-12
141.25375446227557   4.34006506672055e-10   7.010611485256417e-09   5.991837727720007e-13
177.82794100389228   2.0464939193023235e-10   3.4758023983444967e-09   3.5735941541830943e-13
223.872113856834   9.642304237202394e-11   1.7165358906047696e-09   2.1318513492061971e-13
281.83829312644554   4.5380820938250545e-11   8.432874434591719e-10   1.2579032149116143e-13
354.81338923357566   2.1298384792101887e-11   4.121167830814156e-10   7.346805889972613e-14
446.6835921509635   9.954635100088431e-12   2.0032387937439428e-10   4.2413639878792387e-14
562.3413251903496   4.6375147431342955e-12   9.658655776318068e-11   2.4178509855318597e-14
707.9457843841387   2.1473795592585977e-12   4.616722824664658e-11   1.3682910696901428e-14
891.2509381337459   9.921232176401545e-13   2.1868980253875948e-11   7.7449201975095e-15
1122.018454301964   4.562681264820793e-13   1.0266395096059036e-11   4.396838493019345e-15
1412.5375446227554   2.0951500947525334e-13   4.769857598755833e-12   2.485119452076901e-15
1778.2794100389247   9.600935547735623e-14   2.196654765646695e-12   1.3944362966016743e-15
2238.721138568342   4.396133456000943e-14   1.0031734314183906e-12   7.83048206205499e-16
2818.3829312644552   2.0145277686666745e-14   4.540897410145103e-13   4.3828516668633854e-16
3548.133892335757   9.259563851258425e-15   2.0382430643734956e-13   2.4466825124999286e-16
4466.835921509635   4.2749367125386244e-15   9.080121018468405e-14   1.3579693253997113e-16
5623.4132519034965   1.9835897012533533e-15   4.024145810519016e-14   7.460281730732215e-17
7079.457843841388   9.317477788739228e-16   1.7726015478098137e-14   4.0736900543017835e-17
8912.509381337459   4.357415623564937e-16   7.770344315015755e-15   2.217550596325456e-17
11220.18454301964   2.0659633596061455e-16   3.3884255497044084e-15   1.2099905519391795e-17
14125.375446227554   9.860764250099434e-17   1.4701228401080956e-15   6.5793033373328784e-18
17782.794100389245   4.7502166241432305e-17   6.359156703461471e-16   3.540814939668121e-18
22387.211385683426   2.3018392996389966e-17   2.743708045214133e-16   1.892037519302756e-18
28183.82931264455   1.121283350385299e-17   1.1801419349317724e-16   1.0041213097774288e-18
35481.338923357565   5.4794415418614895e-18   5.052842889824692e-17   5.262452338934785e-19
44668.359215096345   2.6815716526360422e-18   2.1520908894130637e-17   2.7368513629454656e-19
56234.13251903497   1.3146853231479228e-18   9.150075812604583e-18   1.4117247287877486e-19
70794.57843841387   6.438776323368546e-19   3.883579967306814e-18   7.204466865142283e-20
89125.09381337458   3.141362627087529e-19   1.6418313483841103e-18   3.640037715255694e-20
112201.84543019641   1.5205744825488933e-19   6.908095529925393e-19   1.8265636200430383e-20
141253.75446227554   7.374615423267736e-20   2.8983931627261226e-19   9.109420309504989e-21
177827.94100389248   3.51128498660437e-20   1.2115586851156296e-19   4.49433410337216e-21
223872.11385683424   1.6585994787842296e-20   5.043707644244067e-20   2.1827688706623746e-21
281838.2931264455   7.758540468498269e-21   2.0942267147928655e-20   1.0434340100744843e-21
354813.38923357567   3.609515388699527e-21   8.678043036229164e-21   4.960799736306991e-22
446683.5921509635   1.6695357611256338e-21   3.589188979925321e-21   2.333815241865825e-22
562341.3251903496   7.679477950515988e-22   1.4864488962987545e-21   1.0821694435219334e-22
707945.7843841388   3.520582274663891e-22   6.171534182319948e-22   4.9758065726401336e-23
891250.9381337459   1.607888063018048e-22   2.575547177157699e-22   2.2957518950269582e-23
1122018.4543019629   7.345880338447123e-23   1.083856870650837e-22   1.0652166365960425e-23
1412537.5446227554   3.348371523883884e-23   4.5899913689553046e-23   4.917989839910203e-24
1778279.4100389264   1.5294875508717234e-23   1.9666057077251043e-23   2.2599739434131435e-24
2238721.138568342   7.014002225980836e-24   8.540676367746503e-24   1.041815957611691e-24
2818382.931264455   3.2277462561852928e-24   3.757468749079632e-24   4.776361364094816e-25
3548133.8923357534   1.4977743956287657e-24   1.680375968305899e-24   2.1950332221021665e-25
4466835.921509635   7.004925636839178e-25   7.621236526119201e-25   1.0293485042820088e-25
5623413.251903502   3.3040805435929632e-25   3.507728390812475e-25   4.877501445689754e-26
7079457.843841388   1.5680486887803945e-25   1.6327456688155023e-25   2.3252445305018753e-26
8912509.381337458   7.475708634460825e-26   7.672227036746832e-26   1.1125032112312326e-26
11220184.54301963   3.591210018901774e-26   3.637652233693083e-26   5.3372704403536835e-27
14125375.446227556   1.7272999348333018e-26   1.7370870696163205e-26   2.5782470716684984e-27
17782794.100389265   8.270707645610037e-27   8.261830003243475e-27   1.2547920772230965e-27
22387211.385683425   3.926691805635761e-27   3.9012461483327465e-27   6.0349663459171355e-28
28183829.31264455   1.8488330804427788e-27   1.8333602410982496e-27   2.838399776765595e-28
35481338.923357606   8.563786617534768e-28   8.47408807983734e-28   1.317265679968319e-28
44668359.21509644   3.898273912389515e-28   3.850966302229467e-28   5.999471948275533e-29
56234132.51903503   1.7423169584531942e-28   1.7161241495719505e-28   2.6532293482426523e-29
70794578.43841387   7.602919972104872e-29   7.483689197147621e-29   1.1472004590965781e-29
89125093.8133746   3.248446401704356e-29   3.19298470228358e-29   4.8686965436563064e-30
112201845.43019652   1.3647090186341028e-29   1.339598192207553e-29   2.0040122898252966e-30
141253754.46227583   5.618759016685153e-30   5.5184320040773185e-30   7.93654249948286e-31
177827941.00389266   2.2613851147410984e-30   2.2282507340567074e-30   3.0205585059108078e-31
223872113.85683423   8.891176976884777e-31   8.703695389033118e-31   1.094260025375145e-31
281838293.12644553   3.4521681143423774e-31   3.3624306725361454e-31   3.701850070398763e-32
354813389.23357606   1.3294170998995508e-31   1.295229371349334e-31   1.1956411613463635e-32
446683592.1509644   5.041038501681067e-32   4.8617201849625583e-32   3.8185802495761444e-33
562341325.1903503   1.8593702090988417e-32   1.7816501247779936e-32   1.1832930719330878e-33
707945784.3841388   6.828043151239516e-33   6.535629257053603e-33   3.3495870344174112e-34
891250938.1337459   2.55877143745047e-33   2.4326919805649527e-33   8.75878131085184e-35
1122018454.3019652   9.156779639396721e-34   8.592182654935493e-34   2.280315943453237e-35
1412537544.6227584   3.0240773313993726e-34   2.811983815285108e-34   5.5824769221625217e-36
1778279410.0389264   9.090242642170512e-35   8.31299868684915e-35   1.1328726126716786e-36
2238721138.568342   2.5204502061494584e-35   2.30271853276879e-35   2.0460990475887105e-37
2818382931.264455   6.911811842880771e-36   6.244209074741816e-36   3.3427139120540864e-38
3548133892.33576   1.6006980473553597e-36   1.4049363226819854e-36   4.8932963574658365e-39
4466835921.5096445   2.9097035725527595e-37   2.5238467248508776e-37   6.240747744658006e-40
5623413251.903502   4.9616503942998e-38   4.2736933162092244e-38   5.085391786043731e-41
7079457843.841388   7.275996456029101e-39   6.052979696678494e-39   4.3529567878641125e-42
8912509381.33746   7.371043836738837e-40   6.060622567689835e-40   3.010879652865558e-43
11220184543.019653   7.347795838415611e-41   5.83062208357452e-41   1.7721683123631067e-44
14125375446.227583   3.132776253572964e-42   2.263705620566707e-42   1.0912920291634016e-45
17782794100.389263   9.715642215107445e-44   7.050596849614231e-44   2.5127805609610315e-48
22387211385.683422   2.4981153215913008e-45   1.7322323839174282e-45   2.553394507690296e-50
28183829312.644547   3.5428937965276246e-47   2.1957957083874477e-47   2.716172927795543e-52
35481338923.357605   1.9329213917626533e-49   1.1183413007523785e-49   4.271409987455647e-55
44668359215.096436   2.472210066508376e-52   1.4595032861342112e-52   2.519712885453055e-57
56234132519.03502   1.0152247241968415e-55   6.967691634832707e-56   6.453046710076436e-61
70794578438.41388   5.06081192132153e-60   5.756957882528798e-60   3.025754421971622e-63
89125093813.37459   -3.812797428296256e-65   2.270697884463598e-65   4.099443418801173e-68
